
0 0
1 3
1 3
1 3
1 3
1 3
1 3
2 3
2 3
2 3
2 3
2 3
2 3
3 3
3 3
3 3
3 3
3 3
3 3
4 3
4 3
4 3
4 3
4 3
4 3
5 3
5 3
5 3
5 3
5 3
5 3
6 3
6 3
6 3
6 3
6 3
6 3
7 3
7 3
7 3
7 3
7 3
7 3
8 3
8 3
8 3
8 3
8 3
8 3
9 3
9 3
9 3
9 3
9 3
9 3
10 3
10 3
10 3
10 3
10 3
10 3
11 3
11 3
11 3
11 3
11 3
11 3
12 3
12 3
12 3
12 3
12 3
12 3
13 3
13 3
13 3
13 3
13 3
13 3
14 3
14 3
14 3
14 3
14 3
14 3
15 3
15 3
15 3
15 3
15 3
15 3
16 3
16 3
16 3
16 3
16 3
16 3
17 3
17 3
17 3
17 3
17 3
17 3
18 3
18 3
18 3
18 3
18 3
18 3
19 3
19 3
19 3
19 3
19 3
19 3
20 3
20 3
20 3
20 3
20 3
20 3
21 3
21 3
21 3
21 3
21 3
21 3
22 3
22 3
22 3
22 3
22 3
22 3
23 3
23 3
23 3
23 3
23 3
23 3
24 3
24 3
24 3
24 3
24 3
24 3
25 3
25 3
25 3
25 3
25 3
25 3
26 3
26 3
26 3
26 3
26 3
26 3
27 3
27 3
27 3
27 3
27 3
27 3
28 3
28 3
28 3
28 3
28 3
28 3
29 3
29 3
29 3
29 3
29 3
29 3
30 3
30 3
30 3
30 3
30 3
30 3
31 3
31 3
31 3
31 3
31 3
31 3
32 3
32 3
32 3
32 3
32 3
32 3
33 3
33 3
33 3
33 3
33 3
33 3
34 3
34 3
34 3
34 3
34 3
34 3
35 3
35 3
35 3
35 3
35 3
35 3
36 3
36 3
36 3
36 3
36 3
36 3
37 3
37 3
37 3
37 3
37 3
37 3
38 3
38 3
38 3
38 3
38 3
38 3
39 3
39 3
39 3
39 3
39 3
39 3
40 3
40 3
40 3
40 3
40 3
40 3
40 3
40 3
41 3
41 3
41 3
41 3
41 3
41 3
42 3
42 3
42 3
42 3
42 3
42 3
43 3
43 3
43 3
43 3
43 3
43 3
44 3
44 3
44 3
44 3
44 3
44 3
45 3
45 3
45 3
45 3
45 3
45 3
46 3
46 3
46 3
46 3
46 3
46 3
47 3
47 3
47 3
47 3
47 3
47 3
48 3
48 3
48 3
48 3
48 3
48 3
49 3
49 3
49 3
49 3
49 3
49 3
50 3
50 3
50 3
50 3
50 3
50 3
51 3
51 3
51 3
51 3
51 3
51 3
52 3
52 3
52 3
52 3
52 3
52 3
53 3
53 3
53 3
53 3
53 3
53 3
54 3
54 3
54 3
54 3
54 3
54 3
55 3
55 3
55 3
55 3
55 3
55 3
56 3
56 3
56 3
56 3
56 3
56 3
57 3
57 3
57 3
57 3
57 3
57 3
58 3
58 3
58 3
58 3
58 3
58 3
59 3
59 3
59 3
59 3
59 3
59 3
60 3
60 3
60 3
60 3
60 3
60 3
60 3
60 3
60 3
60 3
61 3
61 3
61 3
61 3
61 3
61 3
62 3
62 3
62 3
62 3
62 3
62 3
63 3
63 3
63 3
63 3
63 3
63 3
64 3
64 3
64 3
64 3
64 3
64 3
65 3
65 3
65 3
65 3
65 3
65 3
66 3
66 3
66 3
66 3
66 3
66 3
67 3
67 3
67 3
67 3
67 3
67 3
68 3
68 3
68 3
68 3
68 3
68 3
69 3
69 3
69 3
69 3
69 3
69 3
70 3
70 3
70 3
70 3
70 3
70 3
71 3
71 3
71 3
71 3
71 3
71 3
72 3
72 3
72 3
72 3
72 3
72 3
73 3
73 3
73 3
73 3
73 3
73 3
74 3
74 3
74 3
74 3
74 3
74 3
75 3
75 3
75 3
75 3
75 3
75 3
76 3
76 3
76 3
76 3
76 23
76 23
77 23
77 23
77 23
77 23
77 23
77 23
78 23
78 23
78 23
78 23
78 23
78 23
79 23
79 23
79 23
79 23
79 23
79 23
80 23
80 23
80 23
80 23
80 23
80 23
80 23
80 23
80 23
80 23
81 23
81 23
81 23
81 23
81 23
81 23
82 23
82 23
82 23
82 23
82 23
82 23
83 23
83 23
83 23
83 23
83 23
83 23
84 23
84 23
84 23
84 23
84 23
84 23
85 23
85 23
85 23
85 23
85 23
85 23
86 23
86 23
86 23
86 23
86 23
86 23
87 23
87 23
87 23
87 23
87 23
87 23
88 23
88 23
88 23
88 23
88 23
88 23
89 23
89 23
89 23
89 23
89 23
89 23
90 23
90 23
90 23
90 23
90 23
90 23
91 23
91 23
91 23
91 23
91 23
91 23
92 23
92 23
92 23
92 23
92 23
92 23
93 23
93 23
93 23
93 23
93 23
93 23
94 23
94 23
94 23
94 23
94 23
94 23
95 23
95 23
95 23
95 23
95 23
95 23
96 23
96 23
96 23
96 23
96 23
96 23
97 23
97 23
97 23
97 23
97 23
97 23
98 23
98 23
98 23
98 23
98 23
98 23
99 23
99 23
99 23
99 23
99 23
99 23
99 23
99 23
99 23
99 23
100 23
100 23
100 23
100 23
100 23
100 23
101 23
101 23
101 23
101 23
101 23
101 23
102 23
102 23
102 23
102 23
102 23
102 23
103 23
103 23
103 23
103 23
103 23
103 23
104 23
104 23
104 23
104 23
104 23
104 23
105 23
105 23
105 23
105 23
105 23
105 23
106 23
106 23
106 23
106 23
106 23
106 23
107 23
107 23
107 23
107 23
107 23
107 23
108 23
108 23
108 23
108 23
108 23
108 23
109 23
109 23
109 23
109 23
109 23
109 23
110 23
110 23
110 32
110 32
110 32
110 32
111 32
111 32
111 32
111 32
111 32
111 32
112 32
112 32
112 32
112 32
112 32
112 32
113 32
113 32
113 32
113 32
113 32
113 32
114 32
114 32
114 32
114 32
114 32
114 32
115 32
115 32
115 32
115 32
115 32
115 32
116 32
116 32
116 32
116 32
116 32
116 32
117 32
117 32
117 32
117 32
117 32
117 32
118 32
118 32
118 32
118 32
118 32
118 32
119 32
119 32
119 32
119 32
119 32
119 32
119 32
119 32
119 32
119 32
120 32
120 32
120 32
120 32
120 32
120 32
121 32
121 32
121 32
121 32
121 32
121 32
122 32
122 32
122 32
122 32
122 32
122 32
123 32
123 32
123 32
123 32
123 32
123 32
124 32
124 32
124 32
124 32
124 32
124 32
125 32
125 32
125 32
125 32
126 32
126 32
126 32
126 32
126 32
126 32
127 32
127 32
127 32
127 32
127 32
127 32
128 32
128 32
128 32
128 32
128 32
128 32
129 32
129 32
129 32
129 32
129 32
129 32
130 32
130 32
130 32
130 32
130 32
130 32
131 32
131 32
131 32
131 32
131 32
131 32
132 32
132 32
132 32
132 32
132 32
132 32
133 32
133 32
133 32
133 32
133 32
133 32
134 32
134 32
134 32
134 32
134 32
134 32
135 32
135 32
135 32
135 32
135 32
135 32
136 32
136 32
136 32
136 32
136 32
136 32
137 32
137 32
137 32
137 32
137 32
137 32
138 32
138 32
138 32
138 32
138 32
138 32
138 32
138 32
138 32
138 32
139 32
139 32
139 32
139 32
139 32
139 32
140 32
140 32
140 32
140 32
140 32
140 32
141 32
141 32
141 32
141 32
141 32
141 32
142 32
142 32
142 32
142 32
142 32
142 32
143 32
143 32
143 32
143 32
143 32
143 32
144 32
144 32
144 32
144 32
144 32
144 32
145 32
145 32
145 32
145 32
145 32
145 32
146 32
146 32
146 32
146 32
146 32
146 32
147 32
147 32
147 32
147 32
147 32
147 32
148 32
148 32
148 32
148 32
148 32
148 32
149 32
149 32
149 32
149 32
149 32
149 32
150 32
150 32
150 32
150 32
150 32
150 32
151 32
151 32
151 32
151 32
151 32
151 32
152 32
152 32
152 32
152 32
152 32
152 32
153 32
153 32
153 32
153 32
153 32
153 32
154 32
154 32
154 32
154 32
154 32
154 32
155 32
155 32
155 32
155 32
155 32
155 32
156 32
156 32
156 32
156 32
156 32
157 32
157 32
157 32
157 32
157 32
157 32
157 32
157 32
157 32
157 32
158 32
158 32
158 32
158 32
158 32
158 32
159 32
159 32
159 32
159 32
159 32
159 32
160 32
160 32
160 32
160 32
160 32
160 32
161 32
161 32
161 32
161 32
161 32
161 32
162 32
162 32
162 32
162 32
163 32
163 32
163 32
163 32
163 32
163 32
164 32
164 32
164 32
164 32
164 32
164 32
165 32
165 32
165 32
165 32
165 32
165 32
166 32
166 32
166 32
166 32
166 32
166 32
167 32
167 32
167 32
167 32
167 32
167 32
168 32
168 32
168 32
168 32
168 32
168 32
169 32
169 32
169 32
169 32
169 32
169 32
170 32
170 32
170 32
170 32
170 32
170 32
171 32
171 32
171 32
171 32
171 32
171 32
172 32
172 32
172 32
172 32
172 32
172 32
173 32
173 32
173 32
173 32
173 32
173 32
174 32
174 32
174 32
174 32
174 32
174 32
175 32
175 32
175 32
175 32
175 32
175 32
176 32
176 32
176 32
176 32
176 32
176 32
176 32
176 32
176 32
176 32
177 32
177 32
177 32
177 32
177 32
178 32
178 32
178 32
178 32
178 32
178 32
179 32
179 32
179 32
179 32
179 32
179 32
180 32
180 32
180 32
180 32
180 32
180 32
181 32
181 32
181 32
181 32
181 32
181 32
182 32
182 32
182 32
182 32
182 32
182 32
183 32
183 32
183 32
183 32
183 32
183 32
184 32
184 32
184 32
184 32
184 32
184 32
185 32
185 32
185 32
185 32
185 32
185 32
186 32
186 32
186 32
186 32
186 32
186 32
187 46
187 46
187 46
187 46
187 46
187 46
188 46
188 46
188 46
188 46
188 46
188 46
189 46
189 46
189 46
189 46
189 46
189 46
190 46
190 46
190 46
190 46
190 46
190 46
191 46
191 46
191 46
191 46
191 46
192 46
192 46
192 46
192 46
192 46
192 46
193 46
193 46
193 46
193 46
193 46
193 46
194 46
194 46
194 46
194 46
194 46
194 46
195 46
195 46
195 46
195 46
195 46
195 46
195 46
195 46
196 46
196 46
196 46
196 46
196 46
196 46
197 46
197 46
197 46
197 46
197 46
197 46
198 46
198 46
198 46
198 46
198 46
199 46
199 46
199 46
199 46
199 46
199 46
200 46
200 46
200 46
200 46
200 46
200 46
201 46
201 46
201 46
201 46
201 46
201 46
202 46
202 46
202 46
202 46
202 46
202 46
203 46
203 46
203 46
203 46
203 46
203 46
204 46
204 46
204 46
204 46
204 46
204 46
205 46
205 46
205 46
205 46
205 46
205 46
206 46
206 46
206 46
206 46
206 46
206 46
207 46
207 46
207 46
207 46
207 46
207 46
208 46
208 46
208 46
208 46
208 46
208 46
209 46
209 46
209 46
209 46
209 46
209 46
210 46
210 46
210 46
210 46
210 46
210 46
211 46
211 46
211 46
211 46
211 46
212 46
212 46
212 46
212 46
212 46
212 46
213 46
213 46
213 46
213 46
213 46
213 46
214 46
214 46
214 46
214 46
214 46
214 46
214 46
214 46
214 46
214 46
215 46
215 46
215 46
215 46
216 46
216 46
216 46
216 46
216 46
216 46
217 46
217 46
217 46
217 46
217 46
217 46
218 46
218 46
218 46
218 46
218 46
218 46
219 46
219 46
219 46
219 46
219 46
220 46
220 46
220 46
220 46
220 46
220 46
221 46
221 46
221 46
221 46
221 46
221 46
222 46
222 46
222 46
222 46
222 46
222 46
223 46
223 46
223 46
223 46
223 46
223 46
224 46
224 46
224 46
224 46
224 46
224 46
225 46
225 46
225 46
225 46
225 46
225 46
226 46
226 46
226 46
226 46
226 46
226 46
227 46
227 46
227 46
227 46
227 46
227 46
228 46
228 46
228 46
228 46
228 46
228 46
229 46
229 46
229 46
229 46
229 46
229 46
230 46
230 46
230 46
230 46
230 46
230 46
231 46
231 46
231 46
231 46
231 46
232 46
232 46
232 46
232 46
232 46
232 46
233 46
233 46
233 46
233 46
233 46
233 46
234 46
234 46
234 46
234 46
234 46
234 46
234 46
234 46
234 46
234 46
235 46
235 46
235 46
235 46
235 46
235 46
236 46
236 46
236 46
236 46
237 46
237 46
237 46
237 46
237 46
237 46
238 46
238 46
238 46
238 46
238 46
238 46
239 46
239 46
239 46
239 46
239 46
239 46
240 46
240 46
240 46
240 46
240 46
240 46
241 46
241 46
241 46
241 46
241 46
242 46
242 46
242 46
242 46
242 46
242 46
243 46
243 46
243 46
243 46
243 46
243 46
244 46
244 46
244 46
244 46
244 46
244 46
245 46
245 46
245 46
245 46
245 46
245 46
246 46
246 46
246 46
246 46
246 46
246 46
247 46
247 46
247 46
247 46
247 46
247 46
248 46
248 46
248 46
248 46
248 46
248 46
249 46
249 46
249 46
249 46
249 46
249 46
250 46
250 46
250 46
250 46
250 46
250 46
251 46
251 46
251 46
251 46
251 46
252 46
252 46
252 46
252 46
252 46
252 46
253 46
253 46
253 46
253 46
253 46
253 46
254 46
254 46
254 46
254 46
254 46
254 46
254 46
254 46
254 46
254 46
255 46
255 46
255 47
255 47
255 47
255 47
256 47
256 47
256 47
256 47
256 47
256 47
257 47
257 47
257 47
257 47
258 47
258 47
258 47
258 47
258 47
258 47
259 47
259 47
259 47
259 47
259 47
259 47
260 47
260 47
260 47
260 47
260 47
260 47
261 47
261 47
261 47
261 47
261 47
261 47
262 47
262 47
262 47
262 47
262 47
263 47
263 47
263 47
263 47
263 47
263 47
264 47
264 47
264 47
264 47
264 47
264 47
265 47
265 47
265 47
265 47
265 47
265 47
266 47
266 47
266 47
266 47
266 47
266 47
267 47
267 47
267 47
267 47
267 47
267 47
268 47
268 47
268 47
268 47
268 47
268 47
269 47
269 47
269 47
269 47
269 47
269 47
270 47
270 47
270 47
270 47
270 47
270 47
271 47
271 47
271 47
271 47
271 47
272 47
272 47
272 47
272 47
272 47
272 47
273 47
273 47
273 47
273 47
273 47
273 47
274 47
274 47
274 47
274 47
274 47
274 47
274 47
274 47
274 47
274 47
275 47
275 47
275 47
275 47
275 47
275 47
276 47
276 47
276 47
276 47
276 47
276 47
277 47
277 47
277 47
277 47
278 47
278 47
278 47
278 47
278 47
278 47
279 47
279 47
279 47
279 47
279 47
279 47
280 47
280 47
280 47
280 47
280 47
280 47
281 47
281 47
281 47
281 47
281 47
281 47
282 47
282 47
282 47
282 47
282 47
282 47
283 47
283 47
283 47
283 47
283 47
284 47
284 47
284 47
284 47
284 47
284 47
285 47
285 47
285 47
285 47
285 47
285 47
286 47
286 47
286 47
286 47
286 47
286 47
287 47
287 47
287 47
287 47
287 47
287 47
288 47
288 47
288 47
288 47
288 47
288 47
289 47
289 47
289 47
289 47
289 47
289 47
290 47
290 47
290 47
290 47
290 47
290 47
291 47
291 47
291 47
291 47
291 47
291 47
292 47
292 47
292 47
292 47
292 47
293 47
293 47
293 47
293 47
293 47
293 47
293 47
293 47
293 47
293 47
294 47
294 47
294 47
294 47
294 47
294 47
295 47
295 47
295 47
295 47
295 47
295 47
296 47
296 47
296 47
296 47
296 47
296 47
297 47
297 47
297 47
297 47
297 47
297 47
298 47
298 47
298 47
298 47
299 47
299 47
299 47
299 47
299 47
299 47
300 47
300 47
300 47
300 47
300 47
300 47
301 47
301 47
301 47
301 47
301 47
301 47
302 47
302 47
302 47
302 47
302 47
302 47
303 47
303 47
303 47
303 47
303 47
303 47
304 47
304 47
304 47
304 47
304 47
304 47
305 47
305 47
305 47
305 47
305 47
306 47
306 47
306 47
306 47
306 47
306 47
307 47
307 47
307 47
307 47
307 47
307 47
308 47
308 47
308 47
308 47
308 47
308 47
309 47
309 47
309 47
309 47
309 47
309 47
310 47
310 47
310 47
310 47
310 47
310 47
311 47
311 47
311 47
311 47
311 47
311 47
312 47
312 47
312 47
312 47
312 47
312 47
313 47
313 47
313 47
313 47
313 47
313 47
313 47
313 47
313 47
313 47
314 47
314 47
314 47
314 47
314 47
314 47
315 47
315 47
315 47
315 47
315 47
315 47
316 47
316 47
316 47
316 47
316 47
316 47
317 47
317 47
317 47
317 47
317 47
317 47
318 47
318 47
318 47
318 47
318 47
318 47
319 47
319 47
319 47
319 47
319 47
319 47
320 47
320 47
320 47
320 47
320 47
320 47
321 47
321 47
321 47
321 47
321 47
321 47
322 47
322 47
322 47
322 47
322 47
322 47
323 47
323 47
323 47
323 47
323 47
323 47
324 47
324 47
324 47
324 47
324 47
324 47
325 47
325 47
325 47
325 47
325 47
325 47
326 47
326 47
326 47
326 47
326 47
326 47
327 47
327 47
327 47
327 47
327 47
327 47
328 47
328 47
328 47
328 47
328 47
328 47
329 47
329 47
329 47
329 47
329 47
329 47
330 47
330 47
330 47
330 47
330 47
330 47
331 47
331 47
331 47
331 47
331 47
331 47
332 47
332 47
332 47
332 47
332 47
332 47
333 47
333 47
333 47
333 47
333 47
333 47
334 47
334 47
334 47
334 47
334 47
334 47
335 47
335 47
335 47
335 47
335 47
335 47
336 47
336 47
336 47
336 47
336 47
336 47
337 47
337 47
337 47
337 47
337 47
337 47
338 47
338 47
338 47
338 47
338 47
338 47
339 68
339 68
339 68
339 68
339 68
339 68
340 68
340 68
340 68
340 68
340 68
340 68
341 68
341 68
341 68
341 68
341 68
341 68
342 68
342 68
342 68
342 68
342 68
342 68
343 68
343 68
343 68
343 68
343 68
343 68
344 68
344 68
344 68
344 68
344 68
344 68
345 68
345 68
345 68
345 68
345 68
345 68
346 68
346 68
346 68
346 68
346 68
346 68
347 68
347 68
347 68
347 68
347 68
347 68
348 68
348 68
348 68
348 68
348 68
348 68
349 68
349 68
349 68
349 68
349 68
349 68
350 68
350 68
350 68
350 68
350 68
350 68
351 68
351 68
351 68
351 68
351 68
351 68
352 68
352 68
352 68
352 68
352 68
352 68
353 68
353 68
353 68
353 68
353 68
353 68
354 68
354 68
354 68
354 68
354 68
354 68
355 68
355 68
355 68
355 68
355 68
355 68
356 68
356 68
356 68
356 68
356 68
356 68
357 68
357 68
357 68
357 68
357 68
357 68
358 68
358 68
358 68
358 68
358 68
358 68
359 68
359 68
359 68
359 68
359 68
359 68
360 68
360 68
360 68
360 68
360 68
360 68
361 68
361 68
361 68
361 68
361 68
361 68
362 68
362 68
362 68
362 68
362 68
362 68
363 68
363 68
363 68
363 68
363 68
363 68
364 68
364 68
364 68
364 68
364 68
364 68
365 68
365 68
365 68
365 68
365 68
365 68
366 68
366 68
366 68
366 68
366 68
366 68
367 68
367 68
367 68
367 68
367 68
367 68
368 68
368 68
368 68
368 68
368 68
368 68
369 68
369 68
369 68
369 68
369 68
369 68
370 68
370 68
370 68
370 68
370 68
370 68
371 68
371 68
371 68
371 68
371 68
371 68
372 68
372 68
372 68
372 68
372 68
372 68
373 68
373 68
373 68
373 68
373 68
373 68
374 68
374 68
374 68
374 68
374 68
374 68
375 68
375 68
375 68
375 68
375 68
375 68
376 68
376 68
376 68
376 68
376 68
376 68
377 68
377 68
377 68
377 68
377 68
377 68
378 68
378 68
378 68
378 68
378 68
378 68
379 68
379 68
379 68
379 68
379 68
379 68
380 68
380 68
380 68
380 68
380 68
380 68
381 68
381 68
381 68
381 68
381 68
381 68
382 68
382 68
382 68
382 68
382 68
382 68
383 68
383 68
383 68
383 68
383 68
383 68
384 68
384 68
384 68
384 68
384 68
384 68
385 68
385 68
385 68
385 68
385 68
385 68
386 68
386 68
386 68
386 68
386 68
386 68
387 68
387 68
387 68
387 68
387 68
387 68
388 68
388 68
388 68
388 68
388 68
388 68
389 68
389 68
389 68
389 68
389 68
389 68
390 68
390 68
390 68
390 68
390 68
390 68
391 68
391 68
391 68
391 68
391 68
391 68
392 68
392 68
392 68
392 68
392 68
392 68
393 68
393 68
393 68
393 68
393 68
393 68
394 68
394 68
394 68
394 68
394 68
394 68
395 68
395 68
395 68
395 68
395 68
395 68
396 68
396 68
396 68
396 68
396 68
396 68
397 68
397 68
397 68
397 68
397 68
397 68
398 68
398 68
398 68
398 68
398 68
398 68
399 68
399 68
399 68
399 68
399 68
399 68
400 68
400 68
400 68
400 68
400 68
400 68
401 68
401 68
401 68
401 68
401 68
401 68
402 68
402 68
402 68
402 68
402 68
402 68
403 68
403 68
403 68
403 68
403 68
403 68
404 68
404 68
404 68
404 68
404 68
404 68
405 68
405 68
405 68
405 68
405 68
405 68
406 68
406 68
406 68
406 68
406 68
406 68
406 68
406 68
406 68
406 68
406 68
407 68
407 68
407 68
407 68
407 68
407 68
408 68
408 68
408 68
408 68
408 68
408 68
409 68
409 68
409 68
409 68
409 68
409 68
410 68
410 68
410 68
410 68
410 68
410 68
411 68
411 68
411 68
411 68
411 68
411 68
412 68
412 68
412 68
412 68
412 68
412 68
413 68
413 68
413 68
413 68
413 68
413 68
414 68
414 68
414 68
414 68
414 68
414 68
415 69
415 69
415 69
415 69
415 69
415 69
416 69
416 69
416 69
416 69
416 69
416 69
417 69
417 69
417 69
417 69
417 69
417 69
418 69
418 69
418 69
418 69
418 69
418 69
419 69
419 69
419 69
419 69
419 69
419 69
420 69
420 69
420 69
420 69
420 69
420 69
421 69
421 69
421 69
421 69
421 69
421 69
422 69
422 69
422 69
422 69
422 69
422 69
423 69
423 69
423 69
423 69
423 69
423 69
424 69
424 69
424 69
424 69
424 69
424 69
425 69
425 69
425 69
425 69
425 69
425 69
426 69
426 69
426 69
426 69
426 69
426 69
427 69
427 69
427 69
427 69
427 69
427 69
428 69
428 69
428 69
428 69
428 69
428 69
429 69
429 69
429 69
429 69
429 69
429 69
430 69
430 69
430 69
430 69
430 69
430 69
431 69
431 69
431 69
431 69
431 69
431 69
432 69
432 69
432 69
432 69
432 69
432 69
433 69
433 69
433 69
433 69
433 69
433 69
434 69
434 69
434 69
434 69
434 69
434 69
434 69
434 69
434 69
434 69
434 69
435 69
435 69
435 69
435 69
435 69
435 69
436 69
436 69
436 69
436 69
436 69
436 69
437 69
437 69
437 69
437 69
437 69
437 69
438 69
438 69
438 69
438 69
438 69
438 69
439 69
439 69
439 69
439 69
439 69
439 69
440 69
440 69
440 69
440 69
440 69
440 69
441 69
441 69
441 69
441 69
441 69
441 69
442 69
442 69
442 69
442 69
442 69
442 69
443 69
443 69
443 69
443 69
443 69
443 69
444 69
444 69
444 69
444 69
444 69
444 69
445 69
445 69
445 69
445 69
445 69
445 69
446 69
446 69
446 69
446 69
446 69
446 69
447 69
447 69
447 69
447 69
447 69
447 69
448 69
448 69
448 69
448 69
448 69
448 69
449 69
449 69
449 69
449 69
449 69
449 69
450 69
450 69
450 69
450 69
450 69
450 69
451 69
451 69
451 69
451 69
451 69
451 69
452 69
452 69
452 69
452 69
452 69
452 69
453 69
453 69
453 69
453 69
453 69
453 69
454 69
454 69
454 69
454 69
454 69
454 69
455 69
455 69
455 69
455 69
455 69
455 69
456 69
456 69
456 69
456 69
456 69
456 69
457 69
457 69
457 69
457 69
457 69
457 69
458 69
458 69
458 69
458 69
458 69
458 69
459 69
459 69
459 69
459 69
459 69
459 69
460 69
460 69
460 69
460 69
460 69
460 69
461 69
461 69
461 69
461 69
461 69
461 69
462 69
462 69
462 69
462 69
462 69
462 69
463 69
463 69
463 69
463 69
463 69
463 69
464 69
464 69
464 69
464 69
464 69
464 69
465 69
465 69
465 69
465 69
465 69
465 69
466 69
466 69
466 69
466 69
466 69
466 69
467 69
467 69
467 69
467 69
467 69
467 69
468 69
468 69
468 69
468 69
468 69
468 69
469 69
469 69
469 69
469 69
469 69
469 69
470 69
470 69
470 69
470 69
470 69
470 69
471 69
471 69
471 69
471 69
471 69
471 69
472 69
472 69
472 69
472 69
472 69
472 69
473 69
473 69
473 69
473 69
473 69
473 69
474 69
474 69
474 69
474 69
474 69
474 69
475 69
475 69
475 69
475 69
475 69
475 69
476 69
476 69
476 69
476 69
476 69
476 69
477 69
477 69
477 69
477 69
477 69
477 69
478 69
478 69
478 69
478 69
478 69
478 69
479 69
479 69
479 69
479 69
479 69
479 69
480 69
480 69
480 69
480 69
480 69
480 69
481 69
481 69
481 69
481 69
481 69
481 69
481 69
481 69
481 69
481 69
481 69
482 69
482 69
482 69
482 69
482 69
482 69
483 69
483 69
483 69
483 69
483 69
483 69
484 69
484 69
484 69
484 69
484 69
484 69
485 69
485 69
485 69
485 69
485 69
485 69
486 69
486 69
486 69
486 69
486 69
486 69
487 69
487 69
487 69
487 69
487 69
487 69
488 69
488 69
488 69
488 69
488 69
488 69
489 69
489 69
489 69
489 69
489 69
489 69
490 69
490 69
490 69
490 69
490 69
490 69
491 69
491 69
491 69
491 69
491 69
491 69
492 69
492 69
492 69
492 69
492 69
492 69
493 69
493 69
493 69
493 69
493 69
493 69
494 69
494 69
494 69
494 69
494 69
494 69
495 69
495 69
495 69
495 69
495 69
495 69
496 69
496 69
496 69
496 69
496 69
496 69
497 69
497 69
497 69
497 69
497 69
497 69
498 69
498 69
498 69
498 69
498 69
498 69
499 69
499 69
499 69
499 69
499 69
499 69
500 69
500 69
500 69
500 69
500 69
500 69
501 69
501 69
501 69
501 69
501 69
501 69
501 69
501 69
501 69
501 69
501 69
502 69
502 69
502 69
502 69
502 69
502 69
503 69
503 69
503 69
503 69
503 69
503 69
504 69
504 69
504 69
504 69
504 69
504 69
505 69
505 69
505 69
505 69
505 69
505 69
506 69
506 69
506 69
506 69
506 69
506 69
507 69
507 69
507 69
507 69
507 69
507 69
508 69
508 69
508 69
508 69
508 69
508 69
509 69
509 69
509 69
509 69
509 69
509 69
510 69
510 69
510 69
510 69
510 69
510 69
511 69
511 69
511 69
511 69
511 69
511 69
512 69
512 69
512 69
512 69
512 69
512 69
513 69
513 69
513 69
513 69
513 69
513 69
514 69
514 69
514 69
514 69
514 69
514 69
515 69
515 69
515 69
515 69
515 69
515 69
516 69
516 69
516 69
516 69
516 69
516 69
517 69
517 69
517 69
517 69
517 69
517 69
518 69
518 69
518 69
518 69
518 69
518 69
519 69
519 69
519 69
519 69
519 69
519 69
520 69
520 69
520 69
520 69
520 69
520 69
520 69
520 69
520 69
520 69
520 69
521 69
521 69
521 69
521 69
521 69
521 69
522 69
522 69
522 69
522 69
522 69
522 69
523 69
523 69
523 69
523 69
523 69
523 69
524 69
524 69
524 69
524 69
524 69
524 69
525 69
525 69
525 69
525 69
525 69
525 69
526 69
526 69
526 69
526 69
526 69
526 69
527 69
527 69
527 69
527 69
527 69
527 69
528 69
528 69
528 69
528 69
528 69
528 69
529 69
529 69
529 69
529 69
529 69
529 69
530 69
530 69
530 69
530 69
530 69
530 69
531 69
531 69
531 69
531 69
531 69
531 69
532 69
532 69
532 69
532 69
532 69
532 69
533 69
533 69
533 69
533 69
533 69
533 69
534 69
534 69
534 69
534 69
534 69
534 69
535 69
535 69
535 69
535 69
535 69
535 69
536 69
536 69
536 69
536 69
536 69
536 69
537 69
537 69
537 69
537 69
537 69
537 69
538 69
538 69
538 69
538 69
538 69
538 69
539 69
539 69
539 69
539 69
539 69
539 69
540 69
540 69
540 69
540 69
540 69
540 69
541 69
541 69
541 69
541 69
541 69
541 69
541 69
541 69
541 69
541 69
541 69
542 69
542 69
542 69
542 69
542 69
542 69
543 69
543 69
543 69
543 69
543 69
543 69
544 69
544 69
544 69
544 69
544 69
544 69
545 69
545 69
545 69
545 69
545 69
545 69
546 69
546 69
546 69
546 69
546 69
546 69
547 69
547 69
547 69
547 69
547 69
547 69
548 69
548 69
548 69
548 69
548 69
548 69
549 69
549 69
549 69
549 69
549 69
549 69
550 69
550 69
550 69
550 69
550 69
550 69
551 69
551 69
551 69
551 69
551 69
551 69
552 69
552 69
552 69
552 69
552 69
552 69
553 69
553 69
553 69
553 69
553 69
553 69
554 69
554 69
554 69
554 69
554 69
554 69
555 69
555 69
555 69
555 69
555 69
555 69
556 69
556 69
556 69
556 69
556 69
556 69
557 69
557 69
557 69
557 69
557 69
557 69
558 69
558 69
558 69
558 69
558 69
558 69
559 69
559 69
559 69
559 69
559 69
559 69
560 69
560 69
560 69
560 69
560 69
560 69
561 69
561 69
561 69
561 69
561 69
561 69
562 69
562 69
562 69
562 69
562 69
562 69
562 69
562 69
562 69
562 69
562 69
563 69
563 69
563 69
563 69
563 69
563 69
564 69
564 69
564 69
564 69
564 69
564 69
565 69
565 69
565 69
565 69
565 69
565 69
566 69
566 69
566 69
566 69
566 69
566 69
567 69
567 69
567 69
567 69
567 69
567 69
568 69
568 69
568 69
568 69
568 69
568 69
569 69
569 69
569 69
569 69
569 69
569 69
570 69
570 69
570 69
570 69
570 69
570 69
571 69
571 69
571 69
571 69
571 69
571 69
572 69
572 69
572 69
572 69
572 69
572 69
573 69
573 69
573 69
573 69
573 69
573 69
574 69
574 69
574 69
574 69
574 69
574 69
575 69
575 69
575 69
575 69
575 69
575 69
576 69
576 69
576 69
576 69
576 69
576 69
577 69
577 69
577 69
577 69
577 69
577 69
578 69
578 69
578 69
578 69
578 69
578 69
579 69
579 69
579 69
579 69
579 69
579 69
580 69
580 69
580 69
580 69
580 69
580 69
581 69
581 69
581 69
581 69
581 69
581 69
582 69
582 69
582 69
582 69
582 69
582 69
582 69
582 69
582 69
582 69
582 69
583 69
583 69
583 69
583 69
583 69
583 69
584 69
584 69
584 69
584 69
584 69
584 69
585 69
585 69
585 69
585 69
585 69
585 69
586 69
586 69
586 69
586 69
586 69
586 69
587 69
587 69
587 69
587 69
587 69
587 69
588 69
588 69
588 69
588 69
588 69
588 69
589 69
589 69
589 69
589 69
589 69
589 69
590 69
590 69
590 69
590 69
590 69
590 69
591 69
591 69
591 69
591 69
591 69
591 69
592 69
592 69
592 69
592 69
592 69
592 69
593 69
593 69
593 69
593 69
593 69
593 69
594 69
594 69
594 69
594 69
594 69
594 69
595 69
595 69
595 69
595 69
595 69
595 69
596 69
596 69
596 69
596 69
596 69
596 69
597 69
597 69
597 69
597 69
597 69
597 69
598 69
598 69
598 69
598 69
598 69
598 69
599 69
599 69
599 69
599 69
599 69
599 69
600 69
600 69
600 69
600 69
600 69
600 69
601 69
601 69
601 69
601 69
601 69
601 69
602 69
602 69
602 69
602 69
602 69
602 69
603 69
603 69
603 69
603 69
603 69
603 69
603 69
603 69
603 69
603 69
603 69
604 69
604 69
604 69
604 69
604 69
604 69
605 69
605 69
605 69
605 69
605 69
605 69
606 69
606 69
606 69
606 69
606 69
606 69
607 69
607 69
607 69
607 69
607 69
607 69
608 69
608 69
608 69
608 69
608 69
608 69
609 69
609 69
609 69
609 69
609 69
609 69
610 69
610 69
610 69
610 69
610 69
610 69
611 69
611 69
611 69
611 69
611 69
611 69
612 69
612 69
612 69
612 69
612 69
612 69
613 69
613 69
613 69
613 69
613 69
613 69
614 69
614 69
614 69
614 69
614 69
614 69
615 69
615 69
615 69
615 69
615 69
615 69
616 69
616 69
616 69
616 69
616 69
616 69
617 69
617 69
617 69
617 69
617 69
617 69
618 69
618 69
618 69
618 69
618 69
618 69
619 69
619 69
619 69
619 69
619 69
619 69
620 69
620 69
620 69
620 69
620 69
620 69
621 69
621 69
621 69
621 69
621 69
621 69
622 69
622 69
622 69
622 69
622 69
622 69
623 69
623 69
623 69
623 69
623 69
623 69
624 69
624 69
624 69
624 69
624 69
624 69
625 69
625 69
625 69
625 69
625 69
625 69
625 69
625 69
625 69
625 69
625 69
626 69
626 69
626 69
626 69
626 69
626 69
627 69
627 69
627 69
627 69
627 69
627 69
628 69
628 69
628 69
628 69
628 69
628 69
629 69
629 69
629 69
629 69
629 69
629 69
630 69
630 69
630 69
630 69
630 69
630 69
631 69
631 69
631 69
631 69
631 69
631 69
632 69
632 69
632 69
632 69
632 69
632 69
633 69
633 69
633 69
633 69
633 69
633 69
634 69
634 69
634 69
634 69
634 69
634 69
635 69
635 69
635 69
635 69
635 69
635 69
636 69
636 69
636 69
636 69
636 69
636 69
637 69
637 69
637 69
637 69
637 69
637 69
638 69
638 69
638 69
638 69
638 69
638 69
639 69
639 69
639 69
639 69
639 69
639 69
640 69
640 69
640 69
640 69
640 69
640 69
641 69
641 69
641 69
641 69
641 69
641 69
642 69
642 69
642 69
642 69
642 69
642 69
643 69
643 69
643 69
643 69
643 69
643 69
644 69
644 69
644 69
644 69
644 69
644 69
645 69
645 69
645 69
645 69
645 69
645 69
646 69
646 69
646 69
646 69
646 69
646 69
647 69
647 69
647 69
647 69
647 69
647 69
648 69
648 69
648 69
648 69
648 69
648 69
649 69
649 69
649 69
649 69
649 69
649 69
650 69
650 69
650 69
650 69
650 69
650 69
651 69
651 69
651 69
651 69
651 69
651 69
652 69
652 69
652 69
652 69
652 69
652 69
653 69
653 69
653 69
653 69
653 69
653 69
654 69
654 69
654 69
654 69
654 69
654 69
655 69
655 69
655 69
655 69
655 69
655 69
656 69
656 69
656 69
656 69
656 69
656 69
657 69
657 69
657 69
657 69
657 69
657 69
658 69
658 69
658 69
658 69
658 69
658 69
659 69
659 69
659 69
659 69
659 69
659 69
660 69
660 69
660 69
660 69
660 69
660 69
661 69
661 69
661 69
661 69
661 69
661 69
662 69
662 69
662 69
662 69
662 69
662 69
662 69
662 69
662 69
662 69
662 69
663 69
663 69
663 69
663 69
663 69
663 69
664 69
664 69
664 69
664 69
664 69
664 69
665 69
665 69
665 69
665 69
665 69
665 69
666 69
666 69
666 69
666 69
666 69
666 69
667 69
667 69
667 69
667 69
667 69
667 69
668 69
668 69
668 69
668 69
668 69
668 69
669 69
669 69
669 69
669 69
669 69
669 69
670 69
670 69
670 69
670 69
670 69
670 69
671 69
671 69
671 69
671 69
671 69
671 69
672 69
672 69
672 69
672 69
672 69
672 69
673 69
673 69
673 69
673 69
673 69
673 69
674 69
674 69
674 69
674 69
674 69
674 69
675 69
675 69
675 69
675 69
675 69
675 69
676 69
676 69
676 69
676 69
676 69
676 69
677 69
677 69
677 69
677 69
677 69
678 69
678 69
678 69
678 69
678 69
678 69
679 69
679 69
679 69
679 69
679 69
679 69
680 69
680 69
680 69
680 69
680 69
680 69
681 69
681 69
681 69
681 69
681 69
681 69
682 69
682 69
682 69
682 69
682 69
682 69
683 69
683 69
683 69
683 69
683 69
683 69
684 69
684 69
684 69
684 69
684 69
684 69
685 69
685 69
685 69
685 69
685 69
685 69
686 69
686 69
686 69
686 69
686 69
686 69
687 69
687 69
687 69
687 69
687 69
687 69
688 69
688 69
688 69
688 69
688 69
688 69
689 69
689 69
689 69
689 69
690 69
690 69
690 69
690 69
690 69
690 69
691 69
691 69
691 69
691 69
691 69
692 69
692 69
692 69
692 69
692 69
692 69
693 69
693 69
693 69
693 69
693 69
693 69
694 69
694 69
694 69
694 69
694 69
694 69
695 69
695 69
695 69
695 69
695 69
695 69
696 69
696 69
696 69
696 69
696 69
696 69
697 69
697 69
697 69
697 69
697 69
697 69
698 69
698 69
698 69
698 69
698 69
699 69
699 69
699 69
699 69
699 69
699 69
700 69
700 69
700 69
700 69
700 69
700 69
701 69
701 69
701 69
701 69
701 69
701 69
702 69
702 69
702 69
702 69
702 69
702 69
703 69
703 69
703 69
703 69
703 69
703 69
704 69
704 69
704 69
704 69
704 69
704 69
705 69
705 69
705 69
705 69
705 69
705 69
706 69
706 69
706 69
706 69
706 69
706 69
707 69
707 69
707 69
707 69
707 69
707 69
708 69
708 69
708 69
708 69
708 69
708 69
709 69
709 69
709 69
709 69
709 69
709 69
710 69
710 69
710 69
710 69
710 69
710 69
711 69
711 69
711 69
711 69
711 69
712 69
712 69
712 69
712 69
712 69
712 69
713 69
713 69
713 69
713 69
713 69
713 69
714 69
714 69
714 69
714 69
714 69
714 69
715 69
715 69
715 69
715 69
715 69
715 69
716 69
716 69
716 69
716 69
716 69
716 69
717 69
717 69
717 69
717 69
717 69
717 69
718 69
718 69
718 69
718 69
718 69
718 69
719 69
719 69
719 69
719 69
719 69
720 69
720 69
720 69
720 69
720 69
720 69
721 69
721 69
721 69
721 69
721 69
721 69
722 69
722 69
722 69
722 69
722 69
722 69
723 69
723 69
723 69
723 69
723 69
723 69
724 69
724 69
724 69
724 69
724 69
724 69
725 69
725 69
725 69
725 69
725 69
725 69
726 69
726 69
726 69
726 69
726 69
726 69
727 69
727 69
727 69
727 69
727 69
727 69
728 69
728 69
728 69
728 69
728 69
728 69
729 69
729 69
729 69
729 69
729 69
729 69
730 69
730 69
730 69
730 69
730 69
730 69
731 69
731 69
731 69
731 69
731 69
731 69
732 69
732 69
732 69
732 69
732 69
732 69
733 69
733 69
733 69
733 69
733 69
733 69
734 69
734 69
734 69
734 69
734 69
734 69
735 69
735 69
735 69
735 69
735 69
735 69
736 69
736 69
736 69
736 69
736 69
736 69
737 69
737 69
737 69
737 69
737 69
737 69
738 69
738 69
738 69
738 69
738 69
738 69
739 69
739 69
739 69
739 69
739 69
739 69
740 69
740 70
740 70
740 70
740 70
741 70
741 70
741 70
741 70
741 70
741 70
742 70
742 70
742 70
742 70
742 70
742 70
743 70
743 70
743 70
743 70
743 70
743 70
744 70
744 70
744 70
744 70
744 70
744 70
745 70
745 70
745 70
745 70
745 70
745 70
746 70
746 70
746 70
746 70
746 70
746 70
747 70
747 70
747 70
747 70
747 70
747 70
748 70
748 70
748 70
748 70
748 70
748 70
749 70
749 70
749 70
749 70
749 70
749 70
750 70
750 70
750 70
750 70
750 70
750 70
751 70
751 70
751 70
751 70
751 70
751 70
752 70
752 70
752 70
752 70
752 70
752 70
753 70
753 70
753 70
753 70
753 70
754 70
754 70
754 70
754 70
754 70
754 70
755 70
755 70
755 70
755 70
755 70
755 70
756 70
756 70
756 70
756 70
756 70
756 70
757 70
757 70
757 70
757 70
757 70
757 70
758 70
758 70
758 70
758 70
758 70
758 70
759 70
759 70
759 70
759 70
759 70
759 70
760 70
760 70
760 70
760 70
760 70
761 70
761 70
761 70
761 70
761 70
761 70
762 70
762 70
762 70
762 70
762 70
762 70
763 70
763 70
763 70
763 70
763 70
763 70
764 70
764 70
764 70
764 70
764 70
764 70
765 70
765 70
765 70
765 70
765 70
765 70
766 70
766 70
766 70
766 70
766 70
766 70
767 70
767 70
767 70
767 70
767 70
767 70
768 70
768 70
768 70
768 70
768 70
768 70
769 70
769 70
769 70
769 70
769 70
769 70
770 70
770 70
770 70
770 70
770 70
770 70
771 70
771 70
771 70
771 70
771 70
771 70
772 70
772 70
772 70
772 70
772 70
772 70
773 70
773 70
773 70
773 70
773 70
773 70
774 70
774 70
774 70
774 70
774 70
774 70
774 70
774 70
774 70
774 70
774 70
775 70
775 70
775 70
775 70
775 70
775 70
776 70
776 70
776 70
776 70
776 70
776 70
777 70
777 70
777 70
777 70
777 70
777 70
778 70
778 70
778 70
778 70
778 70
778 70
779 70
779 70
779 70
779 70
779 70
780 70
780 70
780 70
780 70
780 70
780 70
781 70
781 70
781 70
781 70
781 70
781 70
782 70
782 70
782 70
782 70
782 70
782 70
783 70
783 70
783 70
783 70
783 70
783 70
784 70
784 70
784 70
784 70
784 70
784 70
785 70
785 70
785 70
785 70
785 70
785 70
786 70
786 70
786 70
786 70
786 70
786 70
787 70
787 70
787 70
787 70
787 70
787 70
788 70
788 70
788 70
788 70
788 70
789 70
789 70
789 70
789 70
789 70
789 70
790 70
790 70
790 70
791 70
791 70
791 70
791 70
791 70
791 70
792 70
792 70
792 70
792 70
792 70
792 70
793 70
793 70
793 70
793 70
793 70
793 70
794 70
794 70
794 70
794 70
794 70
794 70
794 70
794 70
794 70
794 70
794 70
795 70
795 70
795 70
795 70
795 70
795 70
796 70
796 70
796 70
796 70
796 70
796 70
797 70
797 70
797 70
797 70
797 70
797 70
798 70
798 70
798 70
798 70
798 70
798 70
799 70
799 70
799 70
799 70
799 70
800 90
800 90
800 90
800 90
800 90
800 90
801 90
801 90
801 90
801 90
801 90
801 90
802 90
802 90
802 90
802 90
802 90
802 90
803 90
803 90
803 90
803 90
803 90
803 90
804 90
804 90
804 90
804 90
804 90
804 90
805 90
805 90
805 90
805 90
805 90
805 90
806 90
806 90
806 90
806 90
806 90
806 90
807 90
807 90
807 90
807 90
807 90
807 90
808 90
808 90
808 90
808 90
808 90
808 90
809 90
809 90
809 90
809 90
809 90
809 90
810 90
810 90
810 90
810 90
810 90
810 90
811 90
811 90
811 90
811 90
811 90
811 90
812 90
812 90
812 90
812 90
812 90
812 90
813 90
813 90
813 90
813 90
813 90
813 90
814 90
814 90
814 90
814 90
814 90
814 90
815 90
815 90
815 90
815 90
815 90
815 90
815 90
815 90
815 90
815 90
816 90
816 90
816 90
816 90
816 90
816 90
817 90
817 90
817 90
817 90
817 90
817 90
818 90
818 90
818 90
818 90
818 90
818 90
819 90
819 90
819 90
819 90
819 90
819 90
820 90
820 90
820 90
820 90
820 90
820 90
821 90
821 90
821 90
821 90
821 90
821 90
822 90
822 90
822 90
822 90
822 90
822 90
823 90
823 90
823 90
824 90
824 90
824 90
824 90
824 90
824 90
825 90
825 90
825 90
825 90
825 90
825 90
826 90
826 90
826 90
826 90
826 90
826 90
827 90
827 90
827 90
827 90
827 90
827 90
828 90
828 90
828 90
828 90
828 90
829 90
829 90
829 90
829 90
829 90
829 90
830 90
830 90
830 90
830 90
830 90
830 90
831 90
831 90
831 90
831 90
831 90
831 90
832 90
832 90
832 90
832 90
832 90
832 90
833 90
833 90
833 90
833 90
833 90
833 90
834 90
834 90
834 90
834 90
834 90
834 90
835 90
835 90
835 90
835 90
835 90
835 90
836 90
836 90
836 90
836 90
836 90
836 90
836 90
836 90
836 90
836 90
837 90
837 90
837 90
837 90
837 90
837 90
838 90
838 90
838 90
838 90
838 90
838 90
839 90
839 90
839 90
839 90
839 90
839 90
840 90
840 90
840 90
840 90
840 90
840 90
841 90
841 90
841 90
841 90
841 90
841 90
842 90
842 90
842 90
842 90
842 90
842 90
843 90
843 90
843 90
843 90
843 90
843 90
844 90
844 90
844 90
844 90
844 90
844 90
845 90
845 90
845 90
845 90
845 90
845 90
846 90
846 90
846 90
847 90
847 90
847 90
847 90
847 90
847 90
848 90
848 90
848 90
848 90
848 90
849 90
849 90
849 90
849 90
849 90
849 90
850 90
850 90
850 90
850 90
850 90
850 90
851 90
851 90
851 90
851 90
851 90
851 90
852 90
852 90
852 90
852 90
852 90
852 90
853 90
853 90
853 90
853 90
853 90
853 90
854 90
854 90
854 90
854 90
854 90
854 90
855 90
855 90
855 90
855 90
855 90
855 90
856 90
856 90
856 90
856 90
856 90
856 90
857 90
857 90
857 90
857 90
857 90
857 90
857 90
857 90
857 90
857 90
858 90
858 90
858 90
858 90
858 90
858 90
859 90
859 90
859 90
859 90
859 90
859 90
860 90
860 90
860 90
860 90
860 90
860 90
861 90
861 90
861 90
861 90
861 90
861 90
862 90
862 90
862 90
862 90
862 90
862 90
863 90
863 90
863 90
863 90
863 90
863 90
864 90
864 90
864 90
864 90
864 90
864 90
865 90
865 90
865 90
865 90
865 90
865 90
866 90
866 90
866 90
866 90
866 90
866 90
867 90
867 90
867 90
868 90
868 90
868 90
868 90
868 90
868 90
869 90
869 90
869 90
869 90
869 90
869 90
870 90
870 90
870 90
870 90
870 90
870 90
871 90
871 90
871 90
871 90
871 90
871 90
872 90
872 90
872 90
872 90
872 90
872 90
873 90
873 90
873 90
873 90
873 90
873 90
874 90
874 90
874 90
874 90
874 90
874 90
875 90
875 90
875 90
875 90
875 90
875 90
876 90
876 90
876 90
876 90
876 90
877 90
877 90
877 90
877 90
877 90
877 90
877 90
877 90
877 90
877 90
877 90
878 90
878 90
878 99
878 99
878 99
878 99
879 99
879 99
879 99
879 99
879 99
879 99
880 99
880 99
880 99
880 99
880 99
880 99
881 99
881 99
881 99
881 99
881 99
881 99
882 99
882 99
882 99
882 99
882 99
882 99
883 99
883 99
883 99
883 99
883 99
883 99
884 99
884 99
884 99
884 99
884 99
885 99
885 99
885 99
885 99
885 99
885 99
886 99
886 99
886 99
886 99
886 99
886 99
887 99
887 99
887 99
887 99
887 99
887 99
888 99
888 99
888 99
888 99
889 99
889 99
889 99
889 99
889 99
890 99
890 99
890 99
890 99
890 99
890 99
891 99
891 99
891 99
891 99
891 99
891 99
892 99
892 99
892 99
892 99
892 99
892 99
893 99
893 99
893 99
893 99
893 99
893 99
894 99
894 99
894 99
894 99
894 99
894 99
895 99
895 99
895 99
895 99
895 99
895 99
896 99
896 99
896 99
896 99
896 99
896 99
897 99
897 99
897 99
897 99
897 99
898 99
898 99
898 99
898 99
898 99
898 99
898 99
898 99
898 99
898 99
898 99
899 99
899 99
899 99
899 99
899 99
899 99
900 99
900 99
900 99
900 99
900 99
900 99
901 99
901 99
901 99
901 99
901 99
901 99
902 99
902 99
902 99
902 99
902 99
902 99
903 99
903 99
903 99
903 99
903 99
903 99
904 99
904 99
904 99
904 99
904 99
904 99
905 99
905 99
905 99
905 99
905 99
906 99
906 99
906 99
906 99
906 99
906 99
907 99
907 99
907 99
907 99
907 99
907 99
908 99
908 99
908 99
908 99
908 99
908 99
909 99
909 99
909 99
909 99
909 99
909 99
910 99
910 99
910 99
910 99
910 99
910 99
911 99
911 99
911 99
911 99
911 99
911 99
912 99
912 99
912 99
912 99
912 99
912 99
913 99
913 99
913 99
913 99
913 99
913 99
914 99
914 99
914 99
914 99
914 99
914 99
915 99
915 99
915 99
916 99
916 99
916 99
916 99
916 99
917 99
917 99
917 99
917 99
917 99
917 99
918 99
918 99
918 99
918 99
918 99
918 99
918 99
918 99
918 99
918 99
918 99
919 99
919 99
919 99
919 99
919 99
919 99
920 99
920 99
920 99
920 99
920 99
920 99
921 99
921 99
921 99
921 99
921 99
921 99
922 99
922 99
922 99
922 99
922 99
922 99
923 99
923 99
923 99
923 99
923 99
923 99
924 99
924 99
924 99
924 99
924 99
924 99
925 99
925 99
925 99
925 99
925 99
925 99
926 99
926 99
926 99
926 99
926 99
927 99
927 99
927 99
927 99
927 99
927 99
928 99
928 99
928 99
928 99
928 99
928 99
929 99
929 99
929 99
929 99
929 99
929 99
930 99
930 99
930 99
930 99
930 99
930 99
931 99
931 99
931 99
931 99
931 99
931 99
932 99
932 99
932 99
932 99
932 99
932 99
933 99
933 99
933 99
933 99
933 99
933 99
934 99
934 99
934 99
934 99
934 99
934 99
935 99
935 99
935 99
935 99
935 99
935 99
936 99
936 99
936 99
936 99
936 99
937 99
937 99
937 99
937 99
937 99
937 99
938 99
938 99
938 99
938 99
938 99
938 99
939 99
939 99
939 99
939 99
939 99
939 99
939 99
939 99
939 99
939 99
939 99
940 99
940 99
940 99
940 99
940 99
940 99
941 99
941 99
941 99
941 99
941 99
941 99
942 99
942 99
942 99
942 99
942 99
942 99
943 99
943 99
943 99
943 99
944 99
944 99
944 99
944 99
944 99
945 99
945 99
945 99
945 99
945 99
945 99
946 99
946 99
946 99
946 99
946 99
947 99
947 99
947 99
947 99
947 99
947 99
948 99
948 99
948 99
948 99
948 99
948 99
949 99
949 99
949 99
949 99
949 99
949 99
950 99
950 99
950 99
950 99
950 99
950 99
951 99
951 99
951 99
951 99
951 99
951 99
952 99
952 99
952 99
952 99
952 99
952 99
953 99
953 99
953 99
953 99
953 99
953 99
954 99
954 99
954 99
954 99
954 99
954 99
955 99
955 99
955 99
955 99
955 99
955 99
956 99
956 99
956 99
956 99
956 99
957 99
957 99
957 99
957 99
957 99
957 99
958 99
958 99
958 99
958 99
958 99
958 99
959 99
959 99
959 99
959 99
959 99
959 99
960 99
960 99
960 99
960 99
960 99
960 99
960 99
960 99
960 99
960 99
960 99
961 99
961 99
961 99
961 99
961 99
961 99
962 99
962 99
962 99
962 99
962 99
962 99
963 99
963 99
963 99
963 99
963 99
963 99
964 99
964 99
964 99
964 99
964 105
964 105
965 105
965 105
965 105
965 105
965 105
965 105
966 105
966 105
966 105
966 105
966 105
966 105
967 105
967 105
967 105
967 105
967 105
967 105
968 105
968 105
968 105
968 105
968 105
969 105
969 105
969 105
969 105
969 105
969 105
970 105
970 105
970 105
970 105
970 105
970 105
971 105
971 105
971 105
971 105
971 105
971 105
972 105
972 105
972 105
972 105
973 105
973 105
973 105
973 105
973 105
973 105
974 105
974 105
974 105
974 105
974 105
974 105
975 105
975 105
975 105
975 105
975 105
975 105
976 105
976 105
976 105
976 105
976 105
976 105
977 105
977 105
977 105
977 105
977 105
977 105
978 105
978 105
978 105
978 105
978 105
979 105
979 105
979 105
979 105
979 105
979 105
980 105
980 105
980 105
980 105
980 105
980 105
981 105
981 105
981 105
981 105
981 105
981 105
981 105
981 105
981 105
981 105
981 105
982 105
982 105
982 105
982 105
982 105
982 105
983 105
983 105
983 105
983 105
983 105
983 105
984 105
984 105
984 105
984 105
984 105
984 105
985 105
985 105
985 105
985 105
985 105
985 105
986 105
986 105
986 105
986 105
986 105
986 105
987 105
987 105
987 105
987 105
987 105
987 105
988 105
988 105
988 105
988 105
988 105
989 105
989 105
989 105
989 105
989 105
989 105
990 105
990 105
990 105
990 105
990 105
990 105
991 105
991 105
991 105
991 105
991 105
991 105
992 105
992 105
992 105
992 105
992 105
992 105
993 105
993 105
993 105
993 105
993 105
993 105
994 105
994 105
994 105
994 105
994 105
994 105
995 105
995 105
995 105
995 105
995 105
995 105
996 105
996 105
996 105
996 105
996 105
996 105
997 105
997 105
997 105
997 105
997 105
997 105
998 105
998 105
998 105
998 105
998 105
999 105
999 105
999 105
999 105
999 105
999 105
1000 105
1000 105
1000 105
1000 105
1000 105
1000 105
1001 105
1001 105
1001 105
1001 105
1001 105
1001 105
1002 105
1002 105
1002 105
1002 105
1002 105
1002 105
1003 105
1003 105
1003 105
1003 105
1003 105
1003 105
1004 105
1004 105
1004 105
1004 105
1004 105
1004 105
1005 105
1005 105
1005 105
1005 105
1005 105
1005 105
1006 105
1006 105
1006 105
1006 105
1006 105
1006 105
1007 105
1007 105
1007 105
1007 105
1007 105
1007 105
1008 105
1008 105
1008 105
1008 105
1008 105
1008 105
1009 105
1009 105
1009 105
1009 105
1009 105
1010 105
1010 105
1010 105
1010 105
1010 105
1010 105
1011 105
1011 105
1011 105
1011 105
1011 105
1011 105
1012 105
1012 105
1012 105
1012 105
1012 105
1012 105
1013 105
1013 105
1013 105
1013 105
1013 105
1013 105
1014 105
1014 105
1014 105
1014 105
1014 105
1014 105
1015 105
1015 105
1015 105
1015 105
1015 105
1015 105
1016 105
1016 105
1016 105
1016 105
1016 105
1016 105
1017 105
1017 105
1017 105
1017 105
1017 105
1017 105
1018 105
1018 105
1018 105
1018 105
1018 105
1018 105
1019 105
1019 105
1019 105
1019 105
1019 105
1020 105
1020 105
1020 105
1020 105
1020 105
1020 105
1021 105
1021 105
1021 105
1021 105
1021 105
1021 105
1022 105
1022 105
1022 105
1022 105
1022 105
1022 105
1023 105
1023 105
1023 105
1023 105
1023 105
1023 105
1024 105
1024 105
1024 105
1024 105
1024 105
1024 105
1025 105
1025 105
1025 105
1025 105
1025 105
1025 105
1026 105
1026 105
1026 105
1026 105
1026 105
1026 105
1027 105
1027 105
1027 105
1027 105
1027 105
1027 105
1028 105
1028 105
1028 105
1028 105
1028 105
1028 105
1029 105
1029 105
1029 105
1029 105
1029 105
1029 105
1029 105
1029 105
1029 105
1029 105
1029 105
1030 105
1030 105
1030 105
1030 105
1030 105
1030 105
1031 105
1031 105
1031 105
1031 105
1031 105
1032 105
1032 105
1032 105
1032 105
1032 105
1032 105
1033 105
1033 105
1033 105
1033 105
1033 105
1033 105
1034 105
1034 105
1034 105
1034 105
1034 105
1034 105
1035 105
1035 105
1035 105
1035 105
1035 105
1035 105
1036 105
1036 105
1036 105
1036 105
1036 105
1036 105
1037 105
1037 105
1037 105
1037 105
1037 105
1038 105
1038 105
1038 105
1038 105
1038 105
1039 105
1039 105
1039 105
1039 105
1039 105
1039 105
1040 105
1040 105
1040 105
1040 105
1040 105
1040 105
1041 105
1041 105
1041 105
1041 105
1041 105
1041 105
1042 105
1042 105
1042 105
1042 105
1042 105
1042 105
1043 105
1043 105
1043 105
1043 105
1043 105
1043 105
1044 105
1044 105
1044 105
1044 105
1044 105
1044 105
1045 105
1045 105
1045 105
1045 105
1046 105
1046 105
1046 105
1046 105
1046 105
1046 105
1047 105
1047 105
1047 105
1047 105
1047 105
1047 105
1048 105
1048 105
1048 105
1048 105
1048 105
1048 105
1049 105
1049 105
1049 105
1049 105
1049 105
1049 105
1049 105
1049 105
1049 105
1049 105
1049 105
1050 105
1050 105
1050 105
1050 105
1050 106
1050 106
1051 106
1051 106
1051 106
1051 106
1051 106
1051 106
1052 106
1052 106
1052 106
1052 106
1052 106
1052 106
1053 106
1053 106
1053 106
1053 106
1053 106
1053 106
1054 106
1054 106
1054 106
1054 106
1054 106
1054 106
1055 106
1055 106
1055 106
1055 106
1055 106
1055 106
1056 106
1056 106
1056 106
1056 106
1056 106
1056 106
1057 106
1057 106
1057 106
1057 106
1057 106
1058 106
1058 106
1058 106
1058 106
1058 106
1059 106
1059 106
1059 106
1059 106
1059 106
1059 106
1060 106
1060 106
1060 106
1060 106
1060 106
1060 106
1061 106
1061 106
1061 106
1061 106
1061 106
1061 106
1062 106
1062 106
1062 106
1062 106
1062 106
1062 106
1063 106
1063 106
1063 106
1063 106
1063 106
1063 106
1064 106
1064 106
1064 106
1064 106
1064 106
1064 106
1065 106
1065 106
1065 106
1065 106
1065 106
1065 106
1066 106
1066 106
1066 106
1066 106
1067 106
1067 106
1067 106
1067 106
1067 106
1067 106
1068 106
1068 106
1068 106
1068 106
1068 106
1068 106
1069 106
1069 106
1069 106
1069 106
1069 106
1069 106
1070 106
1070 106
1070 106
1070 106
1070 106
1070 106
1070 106
1070 106
1070 106
1070 106
1070 106
1071 106
1071 106
1071 106
1071 106
1071 106
1071 106
1072 106
1072 106
1072 106
1072 106
1072 106
1072 106
1073 106
1073 106
1073 106
1073 106
1073 106
1073 106
1074 106
1074 106
1074 106
1074 106
1074 106
1074 106
1075 106
1075 106
1075 106
1075 106
1075 106
1075 106
1076 106
1076 106
1076 106
1076 106
1076 106
1077 106
1077 106
1077 106
1077 106
1077 106
1077 106
1078 106
1078 106
1078 106
1078 106
1078 106
1078 106
1079 106
1079 106
1079 106
1079 106
1079 106
1079 106
1080 106
1080 106
1080 106
1080 106
1080 106
1080 106
1081 106
1081 106
1081 106
1081 106
1081 106
1081 106
1082 106
1082 106
1082 106
1082 106
1082 106
1083 106
1083 106
1083 106
1083 106
1083 106
1083 106
1084 106
1084 106
1084 106
1084 106
1084 106
1084 106
1085 106
1085 106
1085 106
1085 106
1085 106
1085 106
1086 106
1086 106
1086 106
1086 106
1086 106
1086 106
1087 106
1087 106
1087 106
1087 106
1088 106
1088 106
1088 106
1088 106
1088 106
1088 106
1089 106
1089 106
1089 106
1089 106
1089 106
1089 106
1090 106
1090 106
1090 106
1090 106
1090 106
1090 106
1090 106
1090 106
1090 106
1090 106
1090 106
1091 106
1091 106
1091 106
1091 106
1091 106
1091 106
1092 106
1092 106
1092 106
1092 106
1092 106
1092 106
1093 106
1093 106
1093 106
1093 106
1093 106
1093 106
1094 106
1094 106
1094 106
1094 106
1094 106
1094 106
1095 106
1095 106
1095 106
1095 106
1095 106
1096 106
1096 106
1096 106
1096 106
1096 106
1096 106
1097 106
1097 106
1097 106
1097 106
1097 106
1097 106
1098 106
1098 106
1098 106
1098 106
1098 106
1098 106
1099 106
1099 106
1099 106
1099 106
1099 106
1099 106
1100 106
1100 106
1100 106
1100 106
1100 106
1100 106
1101 106
1101 106
1101 106
1101 106
1101 106
1101 106
1102 106
1102 106
1102 106
1102 106
1102 106
1102 106
1103 106
1103 106
1103 106
1103 106
1103 106
1104 106
1104 106
1104 106
1104 106
1104 106
1104 106
1105 106
1105 106
1105 106
1105 106
1105 106
1105 106
1106 106
1106 106
1106 106
1106 106
1106 106
1106 106
1107 106
1107 106
1107 106
1107 106
1107 106
1107 106
1108 106
1108 106
1108 106
1108 106
1108 106
1108 106
1109 106
1109 106
1109 106
1109 106
1109 106
1109 106
1110 106
1110 106
1110 106
1110 106
1110 106
1111 106
1111 106
1111 106
1111 106
1111 106
1111 106
1111 106
1111 106
1111 106
1111 106
1111 106
1112 106
1112 106
1112 106
1112 106
1112 106
1112 106
1113 106
1113 106
1113 106
1113 106
1113 106
1113 106
1114 106
1114 106
1114 106
1114 106
1114 106
1114 106
1115 106
1115 106
1115 106
1115 106
1115 106
1115 106
1116 106
1116 106
1116 106
1116 106
1116 106
1117 106
1117 106
1117 106
1117 106
1117 106
1117 106
1118 106
1118 106
1118 106
1118 106
1118 106
1118 106
1119 106
1119 106
1119 106
1119 106
1119 106
1119 106
1120 106
1120 106
1120 106
1120 106
1120 106
1120 106
1121 106
1121 106
1121 106
1121 106
1121 106
1122 106
1122 106
1122 106
1122 106
1122 106
1122 106
1123 106
1123 106
1123 106
1123 106
1123 106
1124 106
1124 106
1124 106
1124 106
1124 106
1124 106
1125 106
1125 106
1125 106
1125 106
1125 106
1125 106
1126 106
1126 106
1126 106
1126 106
1126 106
1126 106
1127 106
1127 106
1127 106
1127 106
1127 106
1127 106
1128 106
1128 106
1128 106
1128 106
1128 106
1128 106
1129 106
1129 106
1129 106
1129 106
1129 106
1129 106
1130 106
1130 106
1130 106
1130 106
1130 106
1130 106
1131 106
1131 106
1131 106
1131 106
1131 106
1131 106
1132 106
1132 106
1132 106
1132 106
1132 106
1132 106
1132 106
1132 106
1132 106
1132 106
1132 106
1133 106
1133 106
1133 106
1133 106
1133 106
1133 106
1134 106
1134 106
1134 106
1134 106
1134 106
1134 106
1135 106
1135 106
1135 106
1135 106
1135 106
1135 106
1136 106
1136 106
1136 106
1136 106
1136 106
1137 106
1137 106
1137 106
1137 106
1137 106
1137 106
1138 106
1138 106
1138 106
1138 106
1138 106
1138 106
1139 106
1139 106
1139 106
1139 106
1139 106
1139 106
1140 106
1140 106
1140 106
1140 106
1140 106
1140 106
1141 106
1141 106
1141 106
1141 106
1141 106
1141 106
1142 106
1142 106
1142 106
1142 106
1142 106
1142 106
1143 106
1143 106
1143 106
1143 106
1143 106
1143 106
1144 106
1144 106
1144 106
1144 106
1144 106
1145 106
1145 106
1145 106
1145 106
1145 106
1145 106
1146 106
1146 106
1146 106
1146 106
1146 106
1146 106
1147 106
1147 106
1147 106
1147 106
1147 106
1147 106
1148 106
1148 106
1148 106
1148 106
1148 106
1149 106
1149 106
1149 106
1149 106
1149 106
1149 106
1150 106
1150 106
1150 106
1150 106
1150 106
1150 106
1151 106
1151 106
1151 106
1151 106
1151 106
1151 106
1152 106
1152 106
1152 106
1152 106
1152 106
1152 106
1152 106
1152 106
1152 106
1152 106
1152 106
1153 106
1153 106
1153 106
1153 106
1153 106
1153 106
1154 106
1154 106
1154 106
1154 106
1154 106
1154 106
1155 106
1155 106
1155 106
1155 106
1155 106
1155 106
1156 106
1156 106
1156 106
1156 106
1156 106
1157 106
1157 106
1157 106
1157 106
1157 106
1157 106
1158 106
1158 106
1158 106
1158 106
1158 106
1158 106
1159 106
1159 106
1159 106
1159 106
1159 106
1159 106
1160 106
1160 106
1160 106
1160 106
1160 106
1160 106
1161 106
1161 106
1161 106
1161 106
1161 106
1161 106
1162 106
1162 106
1162 106
1162 106
1162 106
1162 106
1163 106
1163 106
1163 106
1163 106
1163 106
1163 106
1164 106
1164 106
1164 106
1164 106
1164 106
1165 106
1165 106
1165 106
1165 106
1165 106
1165 106
1166 106
1166 106
1166 106
1166 106
1166 106
1166 106
1167 106
1167 106
1167 106
1167 106
1167 106
1167 106
1168 106
1168 106
1168 106
1168 106
1168 106
1168 106
1169 106
1169 106
1169 106
1169 106
1169 106
1170 106
1170 106
1170 106
1170 106
1170 106
1170 106
1171 106
1171 106
1171 106
1171 106
1171 106
1171 106
1172 106
1172 106
1172 106
1172 106
1172 106
1172 106
1173 106
1173 106
1173 106
1173 106
1173 106
1173 106
1174 106
1174 106
1174 106
1174 106
1174 106
1174 106
1175 106
1175 106
1175 106
1175 106
1175 106
1175 106
1176 106
1176 106
1176 106
1176 106
1176 106
1176 106
1177 106
1177 106
1177 106
1177 106
1177 106
1177 106
1177 106
1177 106
1177 106
1177 106
1178 106
1178 106
1178 106
1178 106
1178 106
1178 106
1179 106
1179 106
1179 106
1179 106
1179 106
1179 106
1180 106
1180 106
1180 106
1180 106
1180 106
1180 106
1181 106
1181 106
1181 106
1181 106
1181 106
1181 106
1182 106
1182 106
1182 106
1182 106
1182 106
1182 106
1183 106
1183 106
1183 106
1183 106
1183 106
1183 106
1184 106
1184 106
1184 106
1184 106
1184 106
1184 106
1185 106
1185 106
1185 106
1185 106
1185 106
1185 106
1186 106
1186 106
1186 106
1186 106
1186 106
1186 106
1187 106
1187 106
1187 106
1187 106
1187 106
1187 106
1188 106
1188 106
1188 106
1188 106
1188 106
1188 106
1189 106
1189 106
1189 106
1189 106
1189 106
1189 106
1190 106
1190 106
1190 106
1190 106
1190 106
1191 106
1191 106
1191 106
1191 106
1191 106
1192 106
1192 106
1192 106
1192 106
1192 106
1192 106
1193 106
1193 106
1193 106
1193 106
1193 106
1193 106
1194 106
1194 106
1194 106
1194 106
1194 106
1194 106
1195 106
1195 106
1195 106
1195 106
1195 106
1195 106
1196 106
1196 106
1196 106
1196 106
1196 106
1197 106
1197 106
1197 106
1197 106
1197 106
1198 106
1198 106
1198 106
1198 106
1198 106
1198 106
1199 106
1199 106
1199 106
1199 106
1199 106
1199 106
1200 106
1200 106
1200 106
1200 106
1200 106
1200 106
1201 106
1201 106
1201 106
1201 106
1201 106
1201 106
1202 106
1202 106
1202 106
1202 106
1202 106
1202 106
1203 106
1203 106
1203 106
1203 106
1203 106
1203 106
1204 106
1204 106
1204 106
1204 106
1204 106
1204 106
1205 106
1205 106
1205 106
1205 106
1205 106
1205 106
1206 106
1206 106
1206 106
1206 106
1206 106
1206 106
1207 106
1207 106
1207 106
1207 106
1207 106
1207 106
1208 106
1208 106
1208 106
1208 106
1208 106
1208 106
1209 106
1209 106
1209 106
1209 106
1209 106
1209 106
1209 106
1209 106
1209 106
1209 106
1209 106
1210 106
1210 106
1210 106
1210 106
1210 106
1210 106
1211 106
1211 106
1211 106
1211 106
1211 106
1212 106
1212 106
1212 106
1212 106
1212 106
1213 106
1213 106
1213 106
1213 106
1213 106
1213 106
1214 106
1214 106
1214 106
1214 106
1214 106
1214 106
1215 106
1215 106
1215 106
1215 106
1215 106
1215 106
1216 106
1216 106
1216 106
1216 106
1216 106
1216 106
1217 106
1217 106
1217 106
1217 106
1217 106
1217 106
1218 106
1218 106
1218 106
1218 106
1218 106
1218 106
1219 106
1219 106
1219 106
1219 106
1219 106
1220 106
1220 106
1220 106
1220 106
1220 106
1220 106
1221 106
1221 106
1221 106
1221 106
1221 106
1221 106
1222 106
1222 106
1222 106
1222 106
1222 106
1222 106
1223 106
1223 106
1223 106
1223 106
1223 106
1223 106
1224 106
1224 106
1224 106
1224 106
1224 106
1225 106
1225 106
1225 106
1225 106
1225 106
1225 106
1226 106
1226 106
1226 106
1226 106
1226 106
1226 106
1227 106
1227 106
1227 106
1227 106
1227 106
1227 106
1228 106
1228 106
1228 106
1228 106
1228 106
1228 106
1229 106
1229 106
1229 106
1229 106
1229 106
1229 106
1230 106
1230 106
1230 106
1230 106
1230 106
1230 106
1230 106
1230 106
1230 106
1230 106
1230 106
1231 106
1231 106
1231 106
1231 106
1231 106
1231 106
1232 106
1232 106
1232 106
1232 106
1232 106
1233 106
1233 106
1233 106
1233 106
1233 106
1233 106
1234 106
1234 106
1234 106
1234 106
1234 106
1235 106
1235 106
1235 106
1235 106
1235 106
1235 106
1236 106
1236 106
1236 106
1236 106
1236 106
1236 106
1237 106
1237 106
1237 106
1237 106
1237 106
1237 106
1238 106
1238 106
1238 106
1238 106
1238 106
1239 106
1239 106
1239 106
1239 106
1239 106
1239 106
1240 106
1240 106
1240 106
1240 106
1240 106
1240 106
1241 106
1241 106
1241 106
1241 106
1241 106
1242 106
1242 106
1242 106
1242 106
1242 106
1242 106
1243 106
1243 106
1243 106
1243 106
1243 106
1243 106
1244 106
1244 106
1244 106
1244 106
1244 106
1244 106
1245 106
1245 106
1245 106
1245 106
1245 106
1245 106
1246 106
1246 106
1246 106
1246 106
1246 106
1246 106
1247 106
1247 106
1247 106
1247 106
1247 106
1247 106
1248 106
1248 106
1248 106
1248 106
1248 106
1248 106
1249 106
1249 106
1249 106
1249 106
1249 106
1249 106
1250 106
1250 106
1250 106
1250 106
1250 106
1250 106
1250 106
1250 106
1250 106
1250 106
1250 106
1251 106
1251 106
1251 106
1251 106
1251 106
1251 106
1252 106
1252 106
1252 106
1252 106
1252 106
1253 106
1253 106
1253 106
1253 106
1253 106
1253 106
1254 106
1254 106
1254 106
1254 106
1254 106
1254 106
1255 106
1255 106
1255 106
1255 106
1255 106
1256 106
1256 106
1256 106
1256 106
1256 106
1257 106
1257 106
1257 106
1257 106
1257 106
1257 106
1258 106
1258 106
1258 106
1258 106
1258 106
1258 106
1259 106
1259 106
1259 106
1259 106
1259 106
1259 106
1260 106
1260 106
1260 106
1260 106
1260 106
1260 106
1261 106
1261 106
1261 106
1261 106
1261 106
1261 106
1262 106
1262 106
1262 106
1262 106
1262 106
1263 106
1263 106
1263 106
1263 106
1263 106
1263 106
1264 106
1264 106
1264 106
1264 106
1264 106
1264 106
1265 106
1265 106
1265 106
1265 106
1265 106
1265 106
1266 106
1266 106
1266 106
1266 106
1266 106
1266 106
1267 106
1267 106
1267 106
1267 106
1267 106
1268 106
1268 106
1268 106
1268 106
1268 106
1268 106
1269 106
1269 106
1269 106
1269 106
1269 106
1269 106
1270 106
1270 106
1270 106
1270 106
1270 106
1270 106
1271 106
1271 106
1271 106
1271 106
1271 106
1271 106
1271 106
1271 106
1271 106
1271 106
1271 106
1272 106
1272 106
1272 106
1272 106
1272 106
1273 106
1273 106
1273 106
1273 106
1273 106
1273 106
1274 106
1274 106
1274 106
1274 106
1274 106
1274 106
1275 106
1275 106
1275 106
1275 106
1275 106
1275 106
1276 106
1276 106
1276 106
1276 106
1276 106
1277 106
1277 106
1277 106
1277 106
1277 106
1277 106
1278 106
1278 106
1278 106
1278 106
1278 106
1279 106
1279 106
1279 106
1279 106
1279 106
1279 106
1280 106
1280 106
1280 106
1280 106
1280 106
1280 106
1281 106
1281 106
1281 106
1281 106
1281 106
1281 106
1282 106
1282 106
1282 106
1282 106
1282 106
1283 106
1283 106
1283 106
1283 106
1283 106
1283 106
1284 106
1284 106
1284 106
1284 106
1284 106
1284 106
1285 106
1285 106
1285 106
1285 106
1285 106
1285 106
1286 106
1286 106
1286 106
1286 106
1286 106
1286 106
1287 106
1287 106
1287 106
1287 106
1287 106
1287 106
1288 106
1288 106
1288 106
1288 106
1288 106
1288 106
1289 106
1289 106
1289 106
1289 106
1289 106
1289 106
1290 106
1290 106
1290 106
1290 106
1290 106
1290 106
1291 106
1291 106
1291 106
1291 106
1291 106
1291 106
1292 106
1292 106
1292 106
1292 106
1292 106
1292 106
1293 106
1293 106
1293 106
1293 106
1293 106
1293 106
1294 106
1294 106
1294 106
1294 106
1294 106
1294 106
1295 106
1295 106
1295 106
1295 106
1295 106
1295 106
1296 106
1296 106
1296 106
1296 106
1296 106
1296 106
1297 106
1297 106
1297 106
1297 106
1297 106
1297 106
1298 106
1298 106
1298 106
1298 106
1298 106
1299 106
1299 106
1299 106
1299 106
1299 106
1299 106
1300 106
1300 106
1300 106
1300 106
1300 106
1301 106
1301 106
1301 106
1301 106
1301 106
1301 106
1302 106
1302 106
1302 106
1302 106
1302 106
1302 106
1303 106
1303 106
1303 106
1303 106
1303 106
1303 106
1304 106
1304 106
1304 106
1304 106
1305 106
1305 106
1305 106
1305 106
1305 106
1305 106
1306 106
1306 106
1306 106
1306 106
1306 106
1306 106
1307 106
1307 106
1307 106
1307 106
1307 106
1307 106
1307 106
1307 106
1307 106
1307 106
1308 106
1308 106
1308 106
1308 106
1308 106
1308 106
1309 106
1309 106
1309 106
1309 106
1309 106
1309 106
1310 106
1310 106
1310 106
1310 106
1310 106
1310 106
1311 106
1311 106
1311 106
1311 106
1311 106
1311 106
1312 106
1312 106
1312 106
1312 106
1312 106
1312 106
1313 106
1313 106
1313 106
1313 106
1313 106
1313 106
1314 106
1314 106
1314 106
1314 106
1314 106
1314 106
1315 106
1315 106
1315 106
1315 106
1315 106
1315 106
1316 106
1316 106
1316 106
1316 106
1316 106
1316 106
1317 106
1317 106
1317 106
1317 106
1317 106
1317 106
1318 106
1318 106
1318 106
1318 106
1318 106
1318 106
1319 106
1319 106
1319 106
1319 106
1319 106
1320 106
1320 106
1320 106
1320 106
1320 106
1320 106
1321 106
1321 106
1321 106
1321 106
1321 106
1322 106
1322 106
1322 106
1322 106
1322 106
1322 106
1323 106
1323 106
1323 106
1323 106
1323 106
1323 106
1324 106
1324 106
1324 106
1324 106
1324 106
1325 106
1325 106
1325 106
1325 106
1325 106
1326 106
1326 106
1326 106
1326 106
1326 106
1326 106
1327 106
1327 106
1327 106
1327 106
1327 106
1327 106
1328 106
1328 106
1328 106
1328 106
1328 106
1328 106
1329 106
1329 106
1329 106
1329 106
1329 106
1329 106
1330 106
1330 106
1330 106
1330 106
1330 106
1330 106
1331 106
1331 106
1331 106
1331 106
1331 106
1331 106
1332 106
1332 106
1332 106
1332 106
1332 106
1332 106
1333 106
1333 106
1333 106
1333 106
1333 106
1333 106
1334 106
1334 106
1334 106
1334 106
1334 106
1334 106
1335 106
1335 106
1335 106
1335 106
1335 106
1335 106
1336 106
1336 106
1336 106
1336 106
1336 106
1336 106
1337 106
1337 106
1337 106
1337 106
1337 106
1337 106
1338 106
1338 106
1338 106
1338 106
1338 106
1338 106
1339 106
1339 106
1339 106
1339 106
1339 106
1339 106
1340 106
1340 106
1340 106
1340 106
1340 106
1341 106
1341 106
1341 106
1341 106
1341 106
1341 106
1342 106
1342 106
1342 106
1342 106
1342 106
1342 106
1343 106
1343 106
1343 106
1343 106
1343 106
1344 106
1344 106
1344 106
1344 106
1344 106
1344 106
1345 106
1345 106
1345 106
1345 106
1345 106
1346 106
1346 106
1346 106
1346 106
1346 130
1347 130
1347 130
1347 130
1347 130
1347 130
1347 130
1348 130
1348 130
1348 130
1348 130
1348 130
1348 130
1349 130
1349 130
1349 130
1349 130
1349 130
1349 130
1350 130
1350 130
1350 130
1350 130
1350 130
1350 130
1351 130
1351 130
1351 130
1351 130
1351 130
1351 130
1352 130
1352 130
1352 130
1352 130
1352 130
1352 130
1353 130
1353 130
1353 130
1353 130
1353 130
1353 130
1354 130
1354 130
1354 130
1354 130
1354 130
1354 130
1355 130
1355 130
1355 130
1355 130
1355 130
1355 130
1356 130
1356 130
1356 130
1356 130
1356 130
1356 130
1357 130
1357 130
1357 130
1357 130
1357 130
1357 130
1358 130
1358 130
1358 130
1358 130
1358 130
1358 130
1359 130
1359 130
1359 130
1359 130
1359 130
1359 130
1360 130
1360 130
1360 130
1360 130
1360 130
1360 130
1361 130
1361 130
1361 130
1361 130
1361 130
1361 130
1362 130
1362 130
1362 130
1362 130
1362 130
1362 130
1363 130
1363 130
1363 130
1363 130
1363 130
1363 130
1364 130
1364 130
1364 130
1364 130
1364 130
1364 130
1365 130
1365 130
1365 130
1365 130
1365 130
1366 130
1366 130
1366 130
1366 130
1366 130
1367 130
1367 130
1367 130
1367 130
1367 130
1367 130
1368 130
1368 130
1368 130
1368 130
1368 130
1368 130
1369 130
1369 130
1369 130
1369 130
1369 130
1370 130
1370 130
1370 130
1370 130
1370 130
1370 130
1371 130
1371 130
1371 130
1371 130
1371 130
1372 130
1372 130
1372 130
1372 130
1372 130
1372 130
1373 130
1373 130
1373 130
1373 130
1373 130
1373 130
1374 130
1374 130
1374 130
1374 130
1374 130
1374 130
1375 130
1375 130
1375 130
1375 130
1375 130
1375 130
1376 130
1376 130
1376 130
1376 130
1376 130
1376 130
1377 130
1377 130
1377 130
1377 130
1377 130
1377 130
1378 130
1378 130
1378 130
1378 130
1378 130
1378 130
1379 130
1379 130
1379 130
1379 130
1379 130
1379 130
1380 130
1380 130
1380 130
1380 130
1380 130
1380 130
1381 130
1381 130
1381 130
1381 130
1381 130
1381 130
1382 130
1382 130
1382 130
1382 130
1382 130
1382 130
1383 130
1383 130
1383 130
1383 130
1383 130
1383 130
1384 130
1384 130
1384 130
1384 130
1384 130
1384 130
1385 130
1385 130
1385 130
1385 130
1385 130
1385 130
1386 130
1386 130
1386 130
1386 130
1386 130
1386 130
1387 130
1387 130
1387 130
1387 130
1388 130
1388 130
1388 130
1388 130
1388 130
1388 130
1389 130
1389 130
1389 130
1389 130
1389 130
1389 130
1390 130
1390 130
1390 130
1390 130
1390 130
1390 130
1391 130
1391 130
1391 130
1391 130
1391 130
1392 130
1392 130
1392 130
1392 130
1392 130
1392 130
1393 130
1393 130
1393 130
1393 130
1393 130
1394 130
1394 130
1394 130
1394 130
1394 130
1394 130
1395 130
1395 130
1395 130
1395 130
1395 130
1395 130
1396 130
1396 130
1396 130
1396 130
1396 130
1396 130
1397 130
1397 130
1397 130
1397 130
1397 130
1397 130
1398 130
1398 130
1398 130
1398 130
1398 130
1398 130
1399 130
1399 130
1399 130
1399 130
1399 130
1399 130
1400 130
1400 130
1400 130
1400 130
1400 130
1400 130
1401 130
1401 130
1401 130
1401 130
1401 130
1401 130
1402 130
1402 130
1402 130
1402 130
1402 130
1402 130
1403 130
1403 130
1403 130
1403 130
1403 130
1404 130
1404 130
1404 130
1404 130
1404 130
1404 130
1405 130
1405 130
1405 130
1405 130
1405 130
1405 130
1406 130
1406 130
1406 130
1406 130
1406 130
1406 130
1407 130
1407 130
1407 130
1407 130
1407 130
1407 130
1408 130
1408 130
1408 130
1408 130
1408 130
1408 130
1409 130
1409 130
1409 130
1409 130
1409 130
1409 130
1410 130
1410 130
1410 130
1410 130
1410 130
1411 130
1411 130
1411 130
1411 130
1411 130
1411 130
1412 130
1412 130
1412 130
1412 130
1412 130
1412 130
1413 130
1413 130
1413 130
1413 130
1413 130
1413 130
1414 130
1414 130
1414 130
1414 130
1414 130
1414 130
1414 130
1414 130
1414 130
1415 130
1415 130
1415 130
1415 130
1415 130
1415 130
1416 130
1416 130
1416 130
1416 130
1416 130
1416 130
1417 130
1417 130
1417 130
1417 130
1417 130
1417 130
1418 130
1418 130
1418 130
1418 130
1418 130
1418 130
1419 130
1419 130
1419 130
1419 130
1419 130
1419 130
1420 130
1420 130
1420 130
1420 130
1420 130
1420 130
1421 130
1421 130
1421 130
1421 130
1421 130
1421 130
1422 130
1422 130
1422 130
1422 130
1422 130
1422 130
1423 130
1423 130
1423 130
1423 130
1423 130
1423 130
1424 130
1424 130
1424 130
1424 130
1424 130
1425 130
1425 130
1425 130
1425 130
1425 130
1425 130
1426 130
1426 130
1426 130
1426 130
1426 130
1426 130
1427 130
1427 130
1427 130
1427 130
1427 130
1427 130
1428 130
1428 130
1428 130
1428 130
1428 130
1428 130
1429 130
1429 130
1429 130
1429 130
1429 130
1429 130
1430 130
1430 130
1430 130
1430 130
1430 130
1430 130
1431 130
1431 130
1431 130
1431 130
1431 130
1432 130
1432 130
1432 130
1432 130
1432 130
1432 130
1433 130
1433 130
1433 130
1433 130
1433 130
1433 130
1434 130
1434 130
1434 130
1434 130
1434 130
1434 130
1435 130
1435 130
1435 130
1435 130
1435 130
1435 130
1436 130
1436 130
1436 130
1436 130
1437 130
1437 130
1437 130
1437 130
1437 130
1437 130
1438 130
1438 130
1438 130
1438 130
1438 130
1438 130
1439 130
1439 130
1439 130
1439 130
1439 130
1439 130
1440 130
1440 130
1440 130
1440 130
1440 130
1440 130
1441 130
1441 130
1441 130
1441 130
1441 130
1441 130
1442 130
1442 130
1442 130
1442 130
1442 130
1442 130
1443 130
1443 130
1443 130
1443 130
1443 130
1443 130
1444 130
1444 130
1444 130
1444 130
1444 130
1444 130
1445 130
1445 130
1445 130
1445 130
1445 130
1445 130
1446 130
1446 130
1446 130
1446 130
1446 130
1447 130
1447 130
1447 130
1447 130
1447 130
1447 130
1448 130
1448 130
1448 130
1448 130
1448 130
1448 130
1449 130
1449 130
1449 130
1449 130
1449 130
1449 130
1450 130
1450 130
1450 130
1450 130
1450 130
1450 130
1451 130
1451 130
1451 130
1451 130
1451 130
1452 130
1452 130
1452 130
1452 130
1452 130
1453 130
1453 130
1453 130
1453 130
1453 130
1453 130
1454 130
1454 130
1454 130
1454 130
1454 130
1454 130
1455 130
1455 130
1455 130
1455 130
1455 130
1455 130
1456 130
1456 130
1456 130
1456 130
1456 130
1456 130
1457 130
1457 130
1457 130
1457 130
1457 130
1458 130
1458 130
1458 130
1458 130
1458 130
1458 130
1459 130
1459 130
1459 130
1459 130
1459 130
1460 130
1460 130
1460 130
1460 130
1460 130
1460 130
1461 130
1461 130
1461 130
1461 130
1461 130
1461 130
1462 130
1462 130
1462 130
1462 130
1462 130
1462 130
1463 130
1463 130
1463 130
1463 130
1463 130
1463 130
1464 130
1464 130
1464 130
1464 130
1464 130
1464 130
1465 130
1465 130
1465 130
1465 130
1465 130
1465 130
1466 130
1466 130
1466 130
1466 130
1466 130
1466 130
1467 130
1467 130
1467 130
1467 130
1467 130
1467 130
1468 130
1468 130
1468 130
1468 130
1468 130
1468 130
1469 130
1469 130
1469 130
1469 130
1469 130
1469 130
1469 130
1469 130
1469 130
1469 130
1470 130
1470 130
1470 130
1470 130
1470 130
1470 130
1471 130
1471 130
1471 130
1471 130
1471 130
1471 130
1472 130
1472 130
1472 130
1472 130
1473 130
1473 130
1473 130
1473 130
1473 130
1473 130
1474 130
1474 130
1474 130
1474 130
1474 130
1474 130
1475 130
1475 130
1475 130
1475 130
1475 130
1475 130
1476 130
1476 130
1476 130
1476 130
1476 130
1476 130
1477 130
1477 130
1477 130
1477 130
1477 130
1478 130
1478 130
1478 130
1478 130
1478 130
1478 130
1479 130
1479 130
1479 130
1479 130
1479 130
1479 130
1480 130
1480 130
1480 130
1480 130
1480 130
1480 130
1481 130
1481 130
1481 130
1481 130
1481 130
1481 130
1482 130
1482 130
1482 130
1482 130
1482 130
1482 130
1483 130
1483 130
1483 130
1483 130
1483 130
1483 130
1484 130
1484 130
1484 130
1484 130
1484 130
1484 130
1485 130
1485 130
1485 130
1485 130
1485 130
1485 130
1486 130
1486 130
1486 130
1486 130
1486 130
1487 130
1487 130
1487 130
1487 130
1487 130
1487 130
1488 130
1488 130
1488 130
1488 130
1488 130
1488 130
1489 130
1489 130
1489 130
1489 130
1489 130
1489 130
1490 130
1490 130
1490 130
1490 130
1490 130
1490 130
1491 130
1491 130
1491 130
1491 130
1491 130
1491 130
1492 130
1492 130
1492 130
1492 130
1492 130
1492 130
1493 130
1493 130
1493 130
1493 130
1493 130
1494 130
1494 130
1494 130
1494 130
1494 130
1495 130
1495 130
1495 130
1495 130
1495 130
1495 130
1496 130
1496 130
1496 130
1496 130
1496 130
1496 130
1497 130
1497 130
1497 130
1497 130
1497 130
1497 130
1498 130
1498 130
1498 130
1498 130
1498 130
1498 130
1499 130
1499 130
1499 130
1499 130
1499 130
1500 130
1500 130
1500 130
1500 130
1500 130
1500 130
1501 130
1501 130
1501 130
1501 130
1501 130
1501 130
1502 130
1502 130
1502 130
1502 130
1502 130
1502 130
1503 130
1503 130
1503 130
1503 130
1503 130
1503 130
1504 130
1504 130
1504 130
1504 130
1504 130
1504 130
1505 130
1505 130
1505 130
1505 130
1505 130
1505 130
1506 130
1506 130
1506 130
1506 130
1506 130
1506 130
1507 130
1507 130
1507 130
1507 130
1507 130
1507 130
1508 130
1508 130
1508 130
1508 130
1508 130
1508 130
1509 130
1509 130
1509 130
1509 130
1509 130
1510 130
1510 130
1510 130
1510 130
1510 130
1510 130
1511 130
1511 130
1511 130
1511 130
1511 130
1511 130
1512 130
1512 130
1512 130
1512 130
1512 130
1512 130
1513 130
1513 130
1513 130
1513 130
1513 130
1513 130
1513 130
1513 130
1513 130
1513 130
1514 130
1514 130
1514 130
1514 130
1514 130
1514 130
1515 130
1515 130
1515 130
1515 130
1515 130
1516 130
1516 130
1516 130
1516 130
1516 130
1516 130
1517 130
1517 130
1517 130
1517 130
1517 130
1517 130
1518 130
1518 130
1518 130
1518 130
1518 130
1518 130
1519 130
1519 130
1519 130
1519 130
1519 130
1519 130
1520 130
1520 130
1520 130
1520 130
1520 130
1521 130
1521 130
1521 130
1521 130
1521 130
1521 130
1522 130
1522 130
1522 130
1522 130
1522 130
1522 130
1523 130
1523 130
1523 130
1523 130
1523 130
1523 130
1524 130
1524 130
1524 130
1524 130
1524 130
1524 130
1525 130
1525 130
1525 130
1525 130
1525 130
1525 130
1526 130
1526 130
1526 130
1526 130
1526 130
1526 130
1527 130
1527 130
1527 130
1527 130
1527 130
1527 130
1528 130
1528 130
1528 130
1528 130
1528 130
1529 130
1529 130
1529 130
1529 130
1529 130
1529 130
1530 130
1530 130
1530 130
1530 130
1530 130
1530 130
1531 130
1531 130
1531 130
1531 130
1531 130
1532 130
1532 130
1532 130
1532 130
1532 130
1532 130
1533 130
1533 130
1533 130
1533 130
1533 130
1533 130
1534 130
1534 130
1534 130
1534 130
1534 130
1535 130
1535 130
1535 130
1535 130
1535 130
1535 130
1536 130
1536 130
1536 130
1536 130
1536 130
1536 130
1537 130
1537 130
1537 130
1537 130
1537 130
1538 130
1538 130
1538 130
1538 130
1538 130
1538 130
1539 130
1539 130
1539 130
1539 130
1539 130
1539 130
1539 130
1539 130
1539 130
1539 130
1539 130
1540 130
1540 130
1540 130
1540 130
1540 130
1541 130
1541 130
1541 130
1541 130
1541 130
1541 130
1542 130
1542 130
1542 130
1542 130
1542 130
1542 130
1543 130
1543 130
1543 130
1543 130
1543 130
1543 130
1544 130
1544 130
1544 130
1544 130
1544 130
1544 130
1545 130
1545 130
1545 130
1545 130
1545 130
1545 130
1546 130
1546 130
1546 130
1546 130
1546 130
1546 130
1547 130
1547 130
1547 130
1547 130
1547 130
1547 130
1548 130
1548 130
1548 130
1548 130
1548 130
1549 130
1549 130
1549 130
1549 130
1549 130
1549 130
1550 130
1550 130
1550 130
1550 130
1550 130
1550 130
1551 130
1551 130
1551 130
1551 130
1551 130
1551 130
1552 130
1552 130
1552 130
1552 130
1552 130
1552 130
1553 130
1553 130
1553 130
1553 130
1553 130
1553 130
1554 130
1554 130
1554 130
1554 130
1554 130
1555 130
1555 130
1555 130
1555 130
1555 130
1555 130
1556 130
1556 130
1556 130
1556 130
1556 130
1556 130
1557 130
1557 130
1557 130
1557 130
1557 130
1557 130
1558 130
1558 130
1558 130
1558 130
1558 130
1559 130
1559 130
1559 130
1559 130
1559 130
1559 130
1560 130
1560 130
1560 130
1560 130
1560 130
1560 130
1561 130
1561 130
1561 130
1561 130
1561 130
1561 130
1562 130
1562 130
1562 130
1562 130
1562 130
1563 130
1563 130
1563 130
1563 130
1563 130
1563 130
1564 130
1564 130
1564 130
1564 130
1564 130
1564 130
1565 130
1565 130
1565 130
1565 130
1565 130
1565 130
1565 130
1565 130
1565 130
1565 130
1565 130
1566 130
1566 130
1566 130
1566 130
1566 130
1566 130
1567 130
1567 130
1567 130
1567 130
1567 130
1567 130
1568 130
1568 130
1568 130
1568 130
1568 130
1569 130
1569 130
1569 130
1569 130
1569 130
1569 130
1570 130
1570 130
1570 130
1570 130
1570 130
1570 130
1571 130
1571 130
1571 130
1571 130
1571 130
1571 130
1572 130
1572 130
1572 130
1572 130
1572 130
1572 130
1573 130
1573 130
1573 130
1573 130
1573 130
1573 130
1574 130
1574 130
1574 130
1574 130
1574 130
1575 130
1575 130
1575 130
1575 130
1575 130
1575 130
1576 130
1576 130
1576 130
1576 130
1576 130
1576 130
1577 130
1577 130
1577 130
1577 130
1577 130
1577 130
1578 130
1578 130
1578 130
1578 130
1578 130
1579 130
1579 130
1579 130
1579 130
1579 130
1579 130
1580 130
1580 130
1580 130
1580 130
1580 130
1580 130
1581 130
1581 130
1581 130
1581 130
1581 130
1582 130
1582 130
1582 130
1582 130
1582 130
1582 130
1583 130
1583 130
1583 130
1583 130
1583 130
1584 130
1584 130
1584 130
1584 130
1584 130
1584 130
1585 130
1585 130
1585 130
1585 130
1585 130
1585 130
1586 130
1586 130
1586 130
1586 130
1586 130
1586 130
1587 130
1587 130
1587 130
1587 130
1587 130
1587 130
1588 130
1588 130
1588 130
1588 130
1588 130
1588 130
1589 130
1589 130
1589 130
1589 130
1589 130
1589 130
1589 130
1589 130
1589 130
1589 130
1589 130
1590 130
1590 130
1590 130
1590 130
1590 130
1591 130
1591 130
1591 130
1591 130
1591 130
1591 130
1592 130
1592 130
1592 130
1592 130
1592 130
1592 130
1593 130
1593 130
1593 130
1593 130
1593 130
1593 130
1594 130
1594 130
1594 130
1594 130
1594 130
1595 130
1595 130
1595 130
1595 130
1595 130
1595 130
1596 130
1596 130
1596 130
1596 130
1596 130
1596 130
1597 130
1597 130
1597 130
1597 130
1597 130
1597 130
1598 130
1598 130
1598 130
1598 130
1598 130
1598 130
1599 130
1599 130
1599 130
1599 130
1599 130
1600 130
1600 130
1600 130
1600 130
1600 130
1600 130
1601 130
1601 130
1601 130
1601 130
1601 130
1602 130
1602 130
1602 130
1602 130
1602 130
1602 130
1603 130
1603 130
1603 130
1603 130
1603 130
1604 130
1604 130
1604 130
1604 130
1604 130
1604 130
1605 130
1605 130
1605 130
1605 130
1605 130
1605 130
1606 130
1606 130
1606 130
1606 130
1606 130
1606 130
1607 130
1607 130
1607 130
1607 130
1607 130
1607 130
1608 130
1608 130
1608 130
1608 130
1608 130
1608 130
1608 130
1608 130
1608 130
1608 130
1608 130
1609 130
1609 130
1609 130
1609 130
1609 130
1609 130
1610 130
1610 130
1610 130
1610 130
1610 130
1610 130
1611 130
1611 130
1611 130
1611 130
1611 130
1611 130
1612 130
1612 130
1612 130
1612 130
1612 130
1612 130
1613 130
1613 130
1613 130
1613 130
1613 130
1613 130
1614 130
1614 130
1614 130
1614 130
1614 130
1615 130
1615 130
1615 130
1615 130
1615 130
1615 130
1616 130
1616 130
1616 130
1616 130
1616 130
1616 130
1617 130
1617 130
1617 130
1617 130
1617 130
1618 130
1618 130
1618 130
1618 130
1618 130
1619 130
1619 130
1619 130
1619 130
1619 130
1619 130
1620 130
1620 130
1620 130
1620 130
1620 130
1621 130
1621 130
1621 130
1621 130
1621 130
1621 130
1622 130
1622 130
1622 130
1622 130
1622 130
1622 130
1623 130
1623 130
1623 130
1623 130
1623 130
1623 130
1624 130
1624 130
1624 130
1624 130
1624 130
1624 130
1625 130
1625 130
1625 130
1625 130
1625 130
1625 130
1626 130
1626 130
1626 130
1626 130
1626 130
1626 130
1627 130
1627 130
1627 130
1627 130
1627 130
1627 130
1627 130
1627 130
1627 130
1627 130
1627 130
1628 130
1628 130
1628 130
1628 130
1628 130
1628 130
1629 130
1629 130
1629 130
1629 130
1629 130
1629 130
1630 130
1630 130
1630 130
1630 130
1630 130
1630 130
1631 130
1631 130
1631 130
1631 130
1631 130
1632 130
1632 130
1632 130
1632 130
1632 130
1632 130
1633 130
1633 130
1633 130
1633 130
1633 130
1633 130
1634 130
1634 130
1634 130
1634 130
1634 130
1635 130
1635 130
1635 130
1635 130
1635 130
1635 130
1636 130
1636 130
1636 130
1636 130
1636 130
1636 130
1637 130
1637 130
1637 130
1637 130
1637 130
1637 130
1638 130
1638 130
1638 130
1638 130
1638 130
1638 130
1639 130
1639 130
1639 130
1639 130
1639 130
1639 130
1640 130
1640 130
1640 130
1640 130
1640 130
1640 130
1641 130
1641 130
1641 130
1641 130
1641 130
1642 130
1642 130
1642 130
1642 130
1642 130
1642 130
1643 130
1643 130
1643 130
1643 130
1643 130
1643 130
1644 130
1644 130
1644 130
1644 130
1644 130
1644 130
1645 130
1645 130
1645 130
1645 130
1645 130
1645 130
1646 130
1646 130
1646 130
1646 130
1646 130
1646 130
1647 130
1647 130
1647 130
1647 130
1647 130
1647 130
1648 130
1648 130
1648 130
1648 130
1648 130
1648 130
1649 130
1649 130
1649 130
1649 130
1649 130
1649 130
1650 130
1650 130
1650 130
1650 130
1650 130
1650 130
1651 130
1651 130
1651 130
1651 130
1651 130
1651 130
1652 130
1652 130
1652 130
1652 130
1652 130
1652 130
1653 130
1653 130
1653 130
1653 130
1653 130
1654 130
1654 130
1654 130
1654 130
1654 130
1654 130
1655 130
1655 130
1655 130
1655 130
1655 130
1656 130
1656 130
1656 130
1656 130
1656 130
1656 130
1657 130
1657 130
1657 130
1657 130
1657 130
1657 130
1658 130
1658 130
1658 130
1658 130
1658 130
1658 130
1659 130
1659 130
1659 130
1659 130
1659 130
1659 130
1660 130
1660 130
1660 130
1660 130
1660 130
1660 130
1661 130
1661 130
1661 130
1661 130
1661 130
1662 130
1662 130
1662 130
1662 130
1662 130
1662 130
1663 130
1663 130
1663 130
1663 130
1663 130
1663 130
1664 130
1664 130
1664 130
1664 130
1664 130
1664 130
1665 130
1665 130
1665 130
1665 130
1665 130
1665 130
1666 130
1666 130
1666 130
1666 130
1666 130
1666 130
1667 130
1667 130
1667 130
1667 130
1667 130
1667 130
1668 130
1668 130
1668 130
1668 130
1668 130
1668 130
1669 130
1669 130
1669 130
1669 130
1669 130
1670 130
1670 130
1670 130
1670 130
1670 130
1670 130
1671 130
1671 130
1671 130
1671 130
1671 130
1671 130
1672 130
1672 130
1672 130
1672 130
1672 130
1672 130
1673 130
1673 130
1673 130
1673 130
1673 130
1673 130
1674 130
1674 130
1674 130
1674 130
1674 130
1675 130
1675 130
1675 130
1675 130
1675 130
1675 130
1676 130
1676 130
1676 130
1676 130
1676 130
1677 130
1677 130
1677 130
1677 130
1677 130
1677 130
1678 130
1678 130
1678 130
1678 130
1678 130
1678 130
1679 130
1679 130
1679 130
1679 130
1679 130
1680 130
1680 130
1680 130
1680 130
1680 130
1680 130
1681 130
1681 130
1681 130
1681 130
1681 130
1681 130
1682 130
1682 130
1682 130
1682 130
1682 130
1682 130
1683 130
1683 130
1683 130
1683 130
1683 130
1683 130
1684 130
1684 130
1684 130
1684 130
1684 130
1684 130
1685 130
1685 130
1685 130
1685 130
1685 130
1686 130
1686 130
1686 130
1686 130
1686 130
1686 130
1687 130
1687 130
1687 130
1687 130
1687 130
1687 130
1688 130
1688 130
1688 130
1688 130
1688 130
1688 130
1689 130
1689 130
1689 130
1689 130
1689 130
1689 130
1690 130
1690 130
1690 130
1690 130
1690 130
1690 130
1691 130
1691 130
1691 130
1691 130
1691 130
1692 130
1692 130
1692 130
1692 130
1692 130
1692 130
1693 130
1693 130
1693 130
1693 130
1693 130
1693 130
1694 130
1694 130
1694 130
1694 130
1694 130
1694 130
1695 130
1695 130
1695 130
1695 130
1695 130
1695 130
1696 130
1696 130
1696 130
1696 130
1696 130
1696 130
1697 130
1697 130
1697 130
1697 130
1697 130
1698 130
1698 130
1698 130
1698 130
1698 130
1698 130
1698 130
1698 130
1698 130
1698 130
1698 130
1699 130
1699 130
1699 130
1699 130
1699 130
1699 130
1700 130
1700 130
1700 130
1700 130
1700 130
1701 130
1701 130
1701 130
1701 130
1701 130
1701 130
1702 130
1702 130
1702 130
1702 130
1702 130
1702 130
1703 130
1703 130
1703 130
1703 130
1703 130
1703 130
1704 130
1704 130
1704 130
1704 130
1704 130
1704 130
1705 130
1705 130
1705 130
1705 130
1705 130
1705 130
1706 130
1706 130
1706 130
1706 130
1706 130
1706 130
1707 130
1707 130
1707 130
1707 130
1707 130
1707 130
1708 130
1708 130
1708 130
1708 130
1708 130
1709 130
1709 130
1709 130
1709 130
1709 130
1709 130
1710 130
1710 130
1710 130
1710 130
1710 130
1710 130
1711 130
1711 130
1711 130
1711 130
1711 130
1711 130
1712 130
1712 130
1712 130
1712 130
1712 130
1712 130
1713 130
1713 130
1713 130
1713 130
1713 130
1713 130
1714 130
1714 130
1714 130
1714 130
1714 130
1714 130
1715 130
1715 130
1715 130
1715 130
1715 130
1715 130
1716 130
1716 130
1716 130
1716 130
1716 130
1717 130
1717 130
1717 130
1717 130
1717 130
1717 130
1718 130
1718 130
1718 130
1718 130
1718 130
1718 130
1719 130
1719 130
1719 130
1719 130
1719 130
1719 130
1720 130
1720 130
1720 130
1720 130
1720 130
1720 130
1721 130
1721 130
1721 130
1721 130
1721 130
1721 130
1722 130
1722 130
1722 130
1722 130
1722 140
1723 140
1723 140
1723 140
1723 140
1723 140
1723 140
1724 140
1724 140
1724 140
1724 140
1724 140
1724 140
1725 140
1725 140
1725 140
1725 140
1725 140
1725 140
1726 140
1726 140
1726 140
1726 140
1726 140
1726 140
1727 140
1727 140
1727 140
1727 140
1727 140
1727 140
1728 140
1728 140
1728 140
1728 140
1728 140
1728 140
1729 140
1729 140
1729 140
1729 140
1729 140
1729 140
1730 140
1730 140
1730 140
1730 140
1730 140
1731 140
1731 140
1731 140
1731 140
1731 140
1731 140
1732 140
1732 140
1732 140
1732 140
1732 140
1732 140
1733 140
1733 140
1733 140
1733 140
1733 140
1733 140
1734 140
1734 140
1734 140
1734 140
1734 140
1734 140
1735 140
1735 140
1735 140
1735 140
1735 140
1735 140
1736 140
1736 140
1736 140
1736 140
1736 140
1736 140
1737 140
1737 140
1737 140
1737 140
1737 140
1737 140
1737 140
1737 140
1737 140
1737 140
1737 140
1738 140
1738 140
1738 140
1738 140
1738 140
1738 140
1739 140
1739 140
1739 140
1739 140
1739 140
1739 140
1740 140
1740 140
1740 140
1740 140
1740 140
1740 140
1741 140
1741 140
1741 140
1741 140
1741 140
1741 140
1742 140
1742 140
1742 140
1742 140
1742 140
1742 140
1743 140
1743 140
1743 140
1743 140
1743 140
1744 140
1744 140
1744 140
1744 140
1744 140
1744 140
1745 140
1745 140
1745 140
1745 140
1745 140
1745 140
1746 140
1746 140
1746 140
1746 140
1746 140
1746 140
1747 140
1747 140
1747 140
1747 140
1747 140
1747 140
1748 140
1748 140
1748 140
1748 140
1748 140
1748 140
1749 140
1749 140
1749 140
1749 140
1749 140
1750 140
1750 140
1750 140
1750 140
1750 140
1750 140
1751 140
1751 140
1751 140
1751 140
1751 140
1751 140
1752 140
1752 140
1752 140
1752 140
1752 140
1753 140
1753 140
1753 140
1753 140
1753 140
1753 140
1754 140
1754 140
1754 140
1754 140
1754 140
1754 140
1755 140
1755 140
1755 140
1755 140
1755 140
1755 140
1756 140
1756 140
1756 140
1756 140
1756 140
1756 140
1757 140
1757 140
1757 140
1757 140
1757 140
1757 140
1758 140
1758 140
1758 140
1758 140
1758 140
1759 140
1759 140
1759 140
1759 140
1759 140
1759 140
1760 140
1760 140
1760 140
1760 140
1760 140
1760 140
1760 140
1760 140
1760 140
1760 140
1760 140
1761 140
1761 140
1761 140
1761 140
1761 140
1761 140
1762 140
1762 140
1762 140
1762 140
1762 140
1762 140
1763 140
1763 140
1763 140
1763 140
1763 140
1764 140
1764 140
1764 140
1764 140
1764 140
1764 140
1765 140
1765 140
1765 140
1765 140
1765 140
1765 140
1766 140
1766 140
1766 140
1766 140
1766 140
1766 140
1767 140
1767 140
1767 140
1767 140
1767 140
1767 140
1768 140
1768 140
1768 140
1768 140
1768 140
1768 140
1769 140
1769 140
1769 140
1769 140
1769 140
1769 140
1770 140
1770 140
1770 140
1770 140
1770 140
1770 140
1771 140
1771 140
1771 140
1771 140
1771 140
1771 140
1772 140
1772 140
1772 140
1772 140
1772 140
1772 140
1773 140
1773 140
1773 140
1773 140
1773 140