
0 0
0 0
0 0
1 0
1 0
1 0
1 0
1 0
1 0
2 0
2 0
2 0
2 0
2 0
2 0
3 0
3 0
3 0
3 0
3 0
3 0
4 0
4 0
4 0
4 0
4 0
4 0
5 0
5 0
5 0
5 0
5 0
5 0
6 0
6 0
6 0
6 0
6 0
6 0
7 0
7 0
7 0
7 0
7 0
7 0
8 0
8 0
8 0
8 0
8 0
8 0
9 0
9 0
9 0
9 0
9 0
9 0
10 0
10 0
10 0
10 0
10 0
10 0
11 0
11 0
11 0
11 0
11 0
11 0
12 0
12 0
12 0
12 0
12 0
12 0
13 0
13 0
13 0
13 0
13 0
13 0
14 0
14 0
14 0
14 0
14 0
14 0
15 0
15 0
15 0
15 0
15 0
15 0
16 0
16 0
16 0
16 0
16 0
16 0
17 0
17 0
17 0
17 0
17 0
17 0
18 0
18 0
18 0
18 0
18 0
18 0
19 0
19 0
19 0
19 0
19 0
19 0
20 0
20 0
20 0
20 0
20 0
20 0
21 0
21 0
21 0
21 0
21 0
21 0
22 0
22 0
22 0
22 0
22 0
22 0
23 0
23 0
23 0
23 0
23 0
23 0
24 0
24 0
24 0
24 0
24 0
24 0
25 0
25 0
25 0
25 0
25 0
25 0
26 0
26 0
26 0
26 0
26 0
26 0
27 0
27 0
27 0
27 0
27 0
27 0
28 0
28 0
28 0
28 0
28 0
28 0
29 0
29 0
29 0
29 0
29 0
29 0
30 0
30 0
30 0
30 0
30 0
30 0
31 0
31 0
31 0
31 0
31 0
31 0
32 0
32 0
32 0
32 0
32 0
32 0
33 0
33 0
33 0
33 0
33 0
33 0
34 0
34 0
34 0
34 0
34 0
34 0
35 0
35 0
35 0
35 0
35 0
35 0
36 0
36 0
36 0
36 0
36 0
36 0
37 0
37 0
37 0
37 0
37 0
37 0
38 0
38 0
38 0
38 0
38 0
38 0
39 0
39 0
39 0
39 0
39 0
39 0
40 0
40 0
40 0
40 0
40 0
40 0
41 0
41 0
41 0
41 0
41 0
41 0
42 0
42 0
42 0
42 0
42 0
42 0
43 0
43 0
43 0
43 0
43 0
43 0
44 0
44 0
44 0
44 0
44 0
44 0
45 0
45 0
45 0
45 0
45 0
45 0
46 0
46 0
46 0
46 0
46 0
46 0
47 0
47 0
47 0
47 0
47 0
47 0
48 0
48 0
48 0
48 0
48 0
48 0
49 0
49 0
49 0
49 0
49 0
49 0
50 0
50 0
50 0
50 0
50 0
50 0
51 0
51 0
51 0
51 0
51 0
51 0
52 0
52 0
52 0
52 0
52 0
52 0
53 0
53 0
53 0
53 0
53 0
53 0
54 0
54 0
54 0
54 0
54 0
54 0
55 0
55 0
55 0
55 0
55 0
55 0
56 0
56 0
56 0
56 0
56 0
56 0
57 0
57 0
57 0
57 0
57 0
57 0
58 0
58 0
58 0
58 0
58 0
58 0
59 0
59 0
59 0
59 0
59 0
59 0
60 0
60 0
60 0
60 0
60 0
60 0
61 0
61 0
61 0
61 0
61 0
61 0
62 0
62 0
62 0
62 0
62 0
62 0
63 0
63 0
63 0
63 0
63 0
63 0
64 0
64 0
64 0
64 0
64 0
64 0
65 0
65 0
65 0
65 0
65 0
65 0
66 0
66 0
66 0
66 0
66 0
66 0
67 0
67 0
67 0
67 0
67 0
67 0
68 0
68 0
68 0
68 0
68 0
68 0
69 0
69 0
69 0
69 0
69 0
69 0
70 0
70 0
70 0
70 0
70 0
70 0
71 0
71 0
71 0
71 0
71 0
71 0
72 0
72 0
72 0
72 0
72 0
72 0
73 0
73 0
73 0
73 0
73 0
73 0
74 0
74 0
74 0
74 0
74 0
74 0
75 0
75 0
75 0
75 0
75 0
75 0
76 0
76 0
76 0
76 0
76 0
76 0
77 0
77 0
77 0
77 0
77 0
77 0
78 0
78 0
78 0
78 0
78 0
78 0
79 0
79 0
79 0
79 0
79 0
79 0
80 0
80 0
80 0
80 0
80 0
80 0
81 0
81 0
81 0
81 0
81 0
81 0
82 0
82 0
82 0
82 0
82 0
82 0
83 0
83 0
83 0
83 0
83 0
83 0
84 0
84 0
84 0
84 0
84 0
84 0
85 0
85 0
85 0
85 0
85 0
85 0
86 0
86 0
86 0
86 0
86 0
86 0
87 0
87 0
87 0
87 0
87 0
87 0
88 0
88 0
88 0
88 0
88 0
88 0
89 0
89 0
89 0
89 0
89 0
89 0
90 0
90 0
90 0
90 0
90 0
90 0
91 0
91 0
91 0
91 0
91 0
91 0
92 0
92 0
92 0
92 0
92 0
92 20
93 20
93 20
93 20
93 20
93 20
93 20
94 20
94 20
94 20
94 20
94 20
94 20
95 20
95 20
95 20
95 20
95 20
95 20
96 20
96 20
96 20
96 20
96 20
96 20
97 20
97 20
97 20
97 20
97 20
97 20
98 20
98 20
98 20
98 20
98 20
98 20
99 20
99 20
99 20
99 20
99 20
99 20
100 20
100 20
100 20
100 20
100 20
100 20
101 20
101 20
101 20
101 20
101 20
101 20
102 20
102 20
102 20
102 20
102 20
102 20
103 20
103 20
103 20
103 20
103 20
103 20
104 20
104 20
104 20
104 20
104 20
104 20
105 20
105 20
105 20
105 20
105 20
105 20
106 20
106 20
106 20
106 20
106 20
106 20
107 20
107 20
107 20
107 20
107 20
107 20
108 20
108 20
108 20
108 20
108 20
108 20
109 20
109 20
109 20
109 20
109 20
109 20
110 20
110 20
110 20
110 20
110 20
110 20
111 20
111 20
111 20
111 20
111 20
111 20
112 20
112 20
112 20
112 20
112 20
112 20
113 20
113 20
113 20
113 20
113 20
113 20
114 20
114 20
114 20
114 20
114 20
114 20
115 20
115 20
115 20
115 20
115 20
115 20
116 20
116 20
116 20
116 20
116 20
116 20
117 20
117 20
117 20
117 20
117 20
117 20
118 20
118 20
118 20
118 20
118 20
118 20
119 20
119 20
119 20
119 20
119 20
119 20
120 20
120 20
120 20
120 20
120 20
120 20
121 20
121 20
121 20
121 20
121 20
121 20
122 20
122 20
122 20
122 20
122 20
122 20
123 20
123 20
123 20
123 20
123 20
123 20
124 20
124 20
124 20
124 20
124 20
124 20
125 20
125 20
125 20
125 20
125 20
125 20
126 20
126 20
126 20
126 20
126 20
126 20
127 20
127 20
127 20
127 20
127 20
127 20
128 20
128 20
128 20
128 20
128 20
128 20
129 20
129 20
129 20
129 20
129 20
129 20
130 20
130 20
130 20
130 20
130 20
130 20
131 20
131 20
131 20
131 20
131 20
131 20
132 20
132 20
132 20
132 20
132 20
132 20
133 20
133 20
133 20
133 20
133 20
133 20
134 20
134 20
134 20
134 20
134 20
134 20
135 20
135 20
135 20
135 20
135 20
135 20
136 20
136 20
136 20
136 20
136 20
136 20
137 20
137 20
137 20
137 20
137 20
137 20
138 20
138 20
138 20
138 20
138 20
138 20
139 20
139 20
139 20
139 20
139 20
139 20
140 20
140 20
140 20
140 20
140 20
140 20
141 20
141 20
141 20
141 20
141 20
141 20
142 20
142 20
142 20
142 20
142 20
142 20
143 20
143 20
143 20
143 50
143 50
143 50
144 50
144 50
144 50
144 50
144 50
144 50
145 50
145 50
145 50
145 50
145 50
145 50
146 50
146 50
146 50
146 50
146 50
146 51
147 51
147 51
147 51
147 51
147 51
147 51
148 51
148 51
148 51
148 51
148 51
148 51
149 51
149 51
149 51
149 51
149 51
149 51
150 51
150 51
150 51
150 51
150 51
150 51
151 51
151 51
151 51
151 51
151 51
151 51
152 51
152 51
152 51
152 51
152 51
152 51
153 51
153 51
153 51
153 51
153 51
153 51
154 51
154 51
154 51
154 51
154 51
154 51
155 51
155 51
155 51
155 51
155 51
155 51
156 51
156 51
156 51
156 51
156 51
156 51
157 51
157 51
157 51
157 51
157 51
157 51
158 51
158 51
158 51
158 51
158 51
158 51
159 51
159 51
159 52
159 52
159 52
159 52
160 52
160 52
160 52
160 52
160 52
160 52
161 52
161 52
161 52
161 52
161 52
161 52
162 52
162 52
162 52
162 52
162 52
162 52
163 52
163 52
163 52
163 52
163 52
163 52
164 52
164 52
164 52
164 52
164 52
164 52
165 52
165 52
165 52
165 52
165 52
165 52
166 52
166 52
166 52
166 52
166 52
166 52
167 52
167 52
167 52
167 52
167 52
167 52
168 52
168 52
168 52
168 52
168 52
168 52
169 52
169 52
169 52
169 52
169 52
169 52
170 52
170 52
170 52
170 52
170 52
170 52
171 52
171 52
171 52
171 52
171 52
171 52
172 52
172 52
172 52
172 52
172 52
172 52
173 52
173 52
173 52
173 52
173 52
173 52
174 52
174 52
174 52
174 52
174 52
174 52
175 52
175 52
175 52
175 52
175 52
175 52
176 52
176 52
176 52
176 52
176 52
176 52
177 52
177 52
177 52
177 52
177 52
177 52
178 52
178 52
178 52
178 52
178 52
178 52
179 52
179 52
179 52
179 52
179 52
179 52
180 52
180 52
180 52
180 52
180 52
180 52
181 52
181 52
181 52
181 52
181 52
181 52
182 52
182 52
182 52
182 52
182 52
182 52
183 52
183 52
183 52
183 52
183 52
183 52
184 52
184 52
184 52
184 52
184 52
184 52
185 52
185 52
185 52
185 52
185 52
185 52
186 52
186 52
186 52
186 52
186 52
186 52
187 52
187 52
187 52
187 52
187 52
187 52
188 52
188 52
188 52
188 52
188 52
188 52
189 52
189 52
189 52
189 52
189 52
189 52
190 52
190 52
190 52
190 52
190 52
190 52
191 52
191 52
191 52
191 52
191 52
191 52
192 52
192 52
192 52
192 52
192 52
192 52
193 52
193 52
193 52
193 52
193 52
193 52
194 52
194 52
194 52
194 52
194 52
194 52
195 52
195 52
195 52
195 52
195 52
195 52
196 52
196 52
196 52
196 52
196 52
196 52
197 52
197 52
197 52
197 52
197 52
197 52
198 52
198 52
198 52
198 52
198 52
198 52
199 52
199 52
199 52
199 52
199 52
199 52
200 52
200 52
200 52
200 52
200 52
200 52
201 52
201 52
201 52
201 52
201 52
201 52
202 52
202 52
202 52
202 52
202 52
202 52
203 52
203 52
203 52
203 52
203 52
203 52
204 52
204 52
204 52
204 52
204 52
204 52
205 52
205 52
205 52
205 52
205 52
205 52
206 52
206 52
206 52
206 52
206 52
206 52
207 52
207 52
207 52
207 52
207 52
207 52
208 52
208 52
208 52
208 52
208 52
208 52
209 52
209 52
209 52
209 52
209 52
209 52
210 52
210 52
210 52
210 52
210 52
210 52
211 52
211 52
211 52
211 52
211 52
211 52
212 52
212 52
212 52
212 52
212 52
212 52
213 52
213 52
213 52
213 52
213 52
213 52
214 52
214 52
214 52
214 52
214 52
214 52
215 52
215 52
215 52
215 52
215 52
215 52
216 52
216 52
216 52
216 52
216 52
216 52
217 52
217 52
217 52
217 52
217 52
217 52
218 52
218 52
218 52
218 52
218 52
218 52
219 52
219 52
219 52
219 52
219 52
219 52
220 52
220 52
220 52
220 56
220 56
220 56
221 56
221 56
221 56
221 56
221 56
221 56
222 56
222 56
222 56
222 56
222 56
222 56
223 56
223 56
223 56
223 56
223 56
223 56
224 56
224 56
224 56
224 56
224 56
224 56
225 56
225 56
225 56
225 56
225 56
225 56
226 56
226 56
226 56
226 56
226 56
226 56
227 56
227 56
227 56
227 56
227 56
227 56
228 56
228 56
228 56
228 56
228 56
228 56
229 56
229 56
229 56
229 56
229 56
229 56
230 56
230 56
230 56
230 56
230 56
230 56
231 56
231 56
231 56
231 56
231 56
231 56
231 56
231 56
231 56
231 56
231 56
231 56
231 56
231 56
231 56
231 56
231 56
231 56
231 56
231 56
231 56
231 56
231 56
231 56
231 56
231 56
231 56
231 56
231 56
231 56
231 56
231 56
231 56
231 56
231 56
231 56
231 56
231 56
231 56
231 56
231 56
231 56
231 56
231 56
231 56
231 56
231 56
231 56
231 56
231 56
231 56
231 56
231 56
231 56
231 56
231 56
231 56
231 56
231 56
231 56
231 56
231 56
231 56
231 56
231 56
231 56
231 79
231 79
231 79
231 79
231 79
231 79
231 79
231 79
231 79
231 79
231 79
231 79
231 79
231 79
231 79
231 79
231 79
231 79
231 79
231 79
231 79
231 79
231 79
231 79
231 79
231 79
231 79
231 79
231 79
231 79
231 79
231 79
231 79
231 79
231 79
231 79
231 79
231 79
231 79
231 79
231 79
231 79
231 79
231 79
231 79
231 79
231 79
231 79
231 79
231 79
231 79
231 79
231 79
231 79
231 79
231 79
231 79
231 79
231 79
231 79
231 79
231 79
231 79
231 79
231 79
231 79
231 79
231 79
231 79
231 79
231 79
231 79
231 79
231 79
231 79
231 79
231 79
231 79
231 79
231 79
231 79
231 79
231 79
231 79
231 79
231 79
231 79
231 79
231 79
231 79
231 79
231 79
231 79
231 79
231 79
231 79
231 79
231 79
231 79
231 79
231 79
231 79
231 79
231 79
231 79
231 79
231 79
231 79
231 79
231 79
231 79
231 79
231 79
231 79
231 79
231 79
231 79
231 79
231 79
231 79
231 79
231 79
231 79
231 79
231 79
231 79
231 79
231 79
231 79
231 79
231 79
231 79
231 79
231 79
231 79
231 79
231 79
231 79
231 79
231 79
231 79
231 79
231 79
231 79
231 79
231 79
231 79
231 79
231 79
231 79
231 79
231 79
231 79
231 79
231 79
231 79
231 79
231 79
231 79
231 79
231 79
231 79
231 79
231 79
231 79
231 79
231 79
231 79
231 79
231 79
231 79
231 79
231 79
231 79
231 79
231 79
231 79
231 79
231 79
231 79
231 79
231 79
231 79
231 79
231 79
231 79
231 79
231 79
231 79
231 79
231 79
231 79
231 79
231 79
231 79
231 79
231 79
231 79
231 79
231 79
231 79
231 79
231 79
231 79
231 79
231 79
231 79
231 79
231 79
231 79
231 79
231 79
231 79
231 79
231 79
231 79
231 79
231 79
231 79
231 79
231 79
231 79
231 79
231 79
231 79
231 79
231 79
231 79
231 79
231 79
231 79
231 79
231 79
231 79
231 79
231 79
231 79
231 79
231 79
231 79
231 79
231 79
231 79
231 79
231 79
231 79
231 79
231 79
231 79
231 79
231 79
231 79
231 79
231 79
231 79
231 79
231 79
231 79
231 79
231 79
231 79
231 79
231 79
231 79
231 79
231 79
231 79
231 79
231 79
231 79
231 79
231 79
231 79
231 79
231 79
231 79
231 79
231 79
231 79
231 79
231 79
231 79
231 79
231 79
231 79
231 79
231 79
231 79
231 79
231 79
231 79
231 79
231 79
231 79
231 79
231 79
231 79
231 79
231 79
231 79
231 79
231 79
231 79
231 79
231 79
231 79
231 79
231 79
231 79
231 79
231 79
231 79
231 79
231 79
231 79
231 79
231 79
231 79
231 79
231 79
231 79
231 79
231 79
231 79
231 79
231 79
231 79
231 79
231 79
231 79
231 79
231 79
231 79
231 79
231 79
231 79
231 79
231 79
231 79
231 79
231 79
231 79
231 79
231 79
231 79
231 79
231 79
231 79
231 79
231 79
231 79
231 79
231 79
231 79
231 79
231 79
231 79
231 79
231 79
231 79
231 79
231 79
231 79
231 79
231 79
231 79
231 79
231 79
231 79
231 79
231 79
231 79
231 79
231 79
231 79
231 79
231 79
231 79
231 79
231 79
231 79
231 79
231 79
231 79
231 79
231 79
231 79
231 79
231 79
231 79
231 79
231 79
231 79
231 79
231 79
231 79
231 79
231 79
231 79
231 79
231 79
231 79
231 79
231 79
231 79
231 79
231 79
231 79
231 79
231 79
231 79
231 79
231 79
231 79
231 79
231 79
231 79
231 79
231 79
231 79
231 79
231 79
231 79
231 79
231 79
231 79
231 79
231 79
231 79
231 79
231 79
231 79
231 79
231 79
231 79
231 79
231 79
231 79
231 79
231 79
231 79
231 79
231 79
231 79
231 79
231 79
231 79
231 79
231 79
231 79
231 79
231 79
231 79
231 79
231 79
231 79
231 79
231 79
231 79
231 79
231 79
231 79
231 79
231 79
231 79
231 89
231 89
231 89
231 89
231 89
231 89
231 89
231 89
231 89
231 89
231 89
231 89
231 89
231 89
231 89
231 89
231 89
231 89
231 89
231 89
231 89
231 89
231 89
231 89
231 89
231 89
231 89
231 89
231 89
231 89
231 89
231 89
231 89
231 89
231 89
231 89
231 89
231 89
231 89
231 89
231 89
231 89
231 89
231 89
231 89
231 89
231 89
231 89
231 89
231 89
231 89
231 89
231 89
231 89
231 89
231 89
231 89
231 89
231 89
231 89
231 89
231 89
231 89
231 89
231 89
231 89
231 89
231 89
231 89
231 89
231 89
231 89
231 89
231 89
231 89
231 89
231 89
231 89
231 89
231 89
231 89
231 89
231 89
231 89
231 89
231 89
231 89
231 89
231 89
231 89
231 89
231 89
231 89
231 89
231 89
231 89
231 89
231 89
231 89
231 89
231 89
231 89
231 89
231 89
231 89
231 89
231 89
231 89
231 89
231 89
231 89
231 89
231 89
231 89
231 89
231 89
231 89
231 89
231 89
231 89
231 89
231 89
231 89
231 89
231 89
231 89
231 89
231 89
231 89
231 89
231 89
231 89
231 89
231 89
231 89
231 89
231 89
231 89
231 89
231 89
231 89
231 89
231 89
231 89
231 89
231 89
231 89
231 89
231 89
231 89
231 89
231 89
231 89
231 89
231 89
231 89
231 89
231 89
231 89
231 89
231 89
231 89
231 89
231 89
231 89
231 89
231 89
231 89
231 89
231 89
231 89
231 89
231 89
231 89
231 89
231 89
231 89
231 89
231 89
231 89
231 89
231 89
231 89
231 89
231 89
231 89
231 89
231 89
231 89
231 89
231 89
231 89
231 89
231 89
231 89
231 89
231 89
231 89
231 89
231 89
231 89
231 89
231 89
231 89
231 89
231 89
231 89
231 89
231 89
231 89
231 89
231 89
231 89
231 89
231 89
231 89
231 89
231 89
231 89
231 89
231 89
231 89
231 89
231 89
231 89
231 89
231 89
231 89
231 89
231 89
231 89
231 89
231 89
231 89
231 89
231 89
231 89
231 89
231 89
231 89
231 89
231 89
231 89
231 89
231 89
231 89
231 89
231 89
231 89
231 89
231 89
231 89
231 89
231 89
231 89
231 89
231 89
231 89
231 89
231 89
231 89
231 89
231 89
231 89
231 89
231 89
231 89
231 89
231 89
231 89
231 89
231 89
231 89
231 89
231 89
231 89
231 89
231 89
231 89
231 89
231 89
231 89
231 89
231 89
231 89
231 89
231 89
231 89
231 89
231 89
231 89
231 89
231 89
231 89
231 89
231 89
231 89
231 89
231 89
231 89
231 89
231 89
231 89
231 89
231 89
231 89
231 89
231 89
231 89
231 89
231 89
231 89
231 89
231 89
231 89
231 89
231 89
231 89
231 89
231 89
231 89
231 89
231 89
231 89
231 89
231 89
231 89
231 89
231 89
231 89
231 89
231 89
231 89
231 89
231 89
231 89
231 89
231 89
231 89
231 89
231 89
231 89
231 89
231 89
231 89
231 89
231 89
231 89
231 89
231 89
231 89
231 89
231 89
231 89
231 89
231 89
231 89
231 89
231 89
231 89
231 89
231 89
231 89
231 89
231 89
231 89
231 89
231 89
231 89
231 89
231 89
231 89
231 89
231 89
231 89
231 89
231 89
231 89
231 89
231 89
231 89
231 89
231 89
231 89
231 89
231 89
231 89
231 89
231 89
231 89
231 89
231 89
231 89
231 89
231 89
231 89
231 89
231 89
231 89
231 89
231 89
231 89
231 89
231 89
231 89
231 89
231 89
231 89
231 89
231 89
231 89
231 89
231 89
231 89
231 89
231 89
231 89
231 89
231 89
231 89
231 89
231 89
231 89
231 89
231 89
231 89
231 89
231 89
231 89
231 89
231 89
231 89
231 89
231 89
231 89
231 89
231 89
231 89
231 89
231 89
231 89
231 89
231 89
231 89
231 89
231 89
231 89
231 89
231 89
231 89
231 89
231 89
231 89
231 89
231 89
231 89
231 89
231 89
231 89
231 89
231 89
231 89
231 89
231 89
231 89
231 89
231 89
231 89
231 89
231 89
231 89
231 89
231 89
231 89
231 89
231 89
231 89
231 89
231 89
231 89
231 89
231 89
231 89
231 89
231 89
231 89
231 89
231 89
231 89
231 89
231 89
231 89
231 89
231 89
231 89
231 89
231 89
231 89
231 89
231 89
231 89
231 89
231 89
231 89
231 89
231 89
231 89
231 89
231 89
231 89
231 89
231 89
231 89
231 89
231 89
231 89
231 89
231 89
231 89
231 89
231 89
231 89
231 89
231 89
231 89
231 89
231 89
231 89
231 89
231 89
231 89
231 89
231 89
231 89
231 89
231 89
231 89
231 89
231 89
231 89
231 89
231 89
231 89
231 89
231 89
231 89
231 89
231 89
231 89
231 89
231 89
231 89
231 89
231 89
231 89
231 89
231 89
231 89
231 89
231 89
231 89
231 89
231 89
231 89
231 89
231 89
231 89
231 89
231 89
231 89
231 89
231 89
231 89
231 89
231 89
231 89
231 89
231 89
231 89
231 89
231 89
231 89
231 89
231 89
231 89
231 89
231 89
231 89
231 89
231 89
231 89
231 89
231 89
231 89
231 89
231 89
231 89
231 89
231 89
231 89
231 89
231 89
231 89
231 89
231 89
231 89
231 89
231 89
231 89
231 89
231 89
231 89
231 89
231 89
231 89
231 89
231 89
231 89
231 99
231 99
231 99
231 99
231 99
231 99
231 99
231 99
231 99
231 99
231 99
231 99
231 99
231 99
231 99
231 99
231 99
231 99
231 99
231 99
231 99
231 99
231 99
231 99
231 99
231 99
231 99
231 99
231 99
231 99
231 99
231 99
231 99
231 99
231 99
231 99
231 99
231 99
231 99
231 99
231 99
231 99
231 99
231 99
231 99
231 99
231 99
231 99
231 99
231 99
231 99
231 99
231 99
231 99
231 99
231 99
231 99
231 99
231 99
231 99
231 99
231 99
231 99
231 99
231 99
231 99
231 99
231 99
231 99
231 99
231 99
231 99
231 99
231 99
231 99
231 99
231 99
231 99
231 99
231 99
231 99
231 99
231 99
231 99
231 99
231 99
231 99
231 99
231 99
231 99
231 99
231 99
231 99
231 99
231 99
231 99
231 99
231 99
231 99
231 99
231 99
231 99
231 99
231 99
231 99
231 99
231 99
231 99
231 99
231 99
231 99
231 99
231 99
231 99
231 99
231 99
231 99
231 99
231 99
231 99
231 99
231 99
231 99
231 99
231 99
231 99
231 99
231 99
231 99
231 99
231 99
231 99
231 99
231 99
231 99
231 112
231 112
231 112
231 112
231 112
231 112
231 112
231 112
231 112
231 112
231 112
231 112
231 112
231 112
231 112
231 112
231 112
231 112
231 112
231 112
231 112
231 112
231 112
231 112
231 112
231 112
231 112
231 112
231 112
231 112
231 112
231 112
231 112
231 112
231 112
231 112
231 112
231 112
231 112
231 112
231 112
231 112
231 112
231 112
231 112
231 112
231 112
231 112
231 112
231 112
231 112
231 112
231 112
231 112
231 112
231 112
231 112
231 112
231 112
231 112
231 112
231 112
231 112
231 112
231 112
231 112
231 112
231 112
231 112
231 112
231 112
231 112
231 112
231 112
231 112
231 112
231 112
231 112
231 112
231 112
231 112
231 112
231 112
231 112
231 112
231 112
231 112
231 112
231 112
231 112
231 112
231 112
231 112
231 112
231 112
231 112
231 112
231 112
231 112
231 112
231 112
231 112
231 112
231 112
231 112
231 112
231 112
231 112
231 112
231 112
231 112
231 112
231 112
231 112
231 112
231 112
231 112
231 112
231 112
231 112
231 112
231 112
231 112
231 112
231 112
231 112
231 112
231 112
231 112
231 112
231 112
231 112
231 112
231 112
231 112
231 112
231 112
231 112
231 112
231 112
231 112
231 112
231 112
231 112
231 112
231 112
231 112
231 112
231 112
231 112
231 112
231 112
231 112
231 112
231 112
231 112
231 112
231 112
231 112
231 112
231 112
231 112
231 112
231 112
231 112
231 112
231 112
231 112
231 112
231 112
231 112
231 112
231 112
231 112
231 112
231 112
231 112
231 112
231 112
231 112
231 112
231 112
231 112
231 112
231 112
231 112
231 112
231 112
231 112
231 112
231 112
231 112
231 112
231 112
231 112
231 112
231 112
231 112
231 112
231 112
231 112
231 112
231 112
231 112
231 112
231 112
231 112
231 112
231 112
231 112
231 112
231 112
231 112
231 112
231 112
231 112
231 112
231 112
231 112
231 112
231 112
231 112
231 112
231 112
231 112
231 112
231 112
231 112
231 112
231 112
231 112
231 112
231 112
231 112
231 112
231 112
231 112
231 112
231 112
231 112
231 112
231 112
231 112
231 112
231 112
231 112
231 112
231 112
231 112
231 112
231 112
231 112
231 112
231 112
231 112
231 112
231 112
231 112
231 112
231 112
231 112
231 112
231 112
231 112
231 112
231 112
231 112
231 112
231 112
231 112
231 112
231 112
231 112
231 112
231 112
231 112
231 112
231 112
231 112
231 112
231 112
231 112
231 112
231 112
231 112
231 112
231 112
231 112
231 112
231 112
231 112
231 112
231 112
231 112
231 112
231 112
231 112
231 112
231 112
231 112
231 112
231 112
231 112
231 112
231 112
231 112
231 112
231 112
231 112
231 112
231 112
231 112
231 112
231 112
231 112
231 112
231 112
231 112
231 112
231 112
231 112
231 112
231 112
231 112
231 112
231 112
231 112
231 112
231 112
231 112
231 112
231 112
231 112
231 112
231 112
231 112
231 112
231 112
231 112
231 112
231 112
231 112
231 112
231 112
231 112
231 112
231 112
231 112
231 112
231 112
231 112
231 112
231 112
231 112
231 112
231 112
231 112
231 112
231 112
231 112
231 112
231 112
231 112
231 112
231 112
231 112
231 112
231 112
231 112
231 112
231 112
231 112
231 112
231 112
231 112
231 112
231 112
231 112
231 112
231 112
231 112
231 112
231 112
231 112
231 112
231 112
231 112
231 112
231 112
231 112
231 112
231 112
231 112
231 112
231 112
231 112
231 112
231 112
231 112
231 112
231 112
231 112
231 112
231 112
231 112
231 112
231 112
231 112
231 112
231 112
231 112
231 112
231 112
231 112
231 112
231 112
231 112
231 112
231 112
231 112
231 112
231 112
231 112
231 112
231 112
231 112
231 112
231 112
231 112
231 112
231 112
231 112
231 112
231 112
231 112
231 112
231 112
231 112
231 112
231 112
231 112
231 112
231 112
231 112
231 112
231 112
231 112
231 112
231 112
231 112
231 112
231 112
231 112
231 112
231 112
231 112
231 112
231 112
231 112
231 112
231 112
231 112
231 112
231 112
231 112
231 112
231 112
231 112
231 112
231 112
231 112
231 112
231 112
231 112
231 112
231 112
231 112
231 112
231 112
231 112
231 112
231 112
231 112
231 112
231 112
231 112
231 112
231 112
231 112
231 112
231 112
231 112
231 112
231 112
231 112
231 112
231 112
231 112
231 112
231 112
231 112
231 112
231 112
231 112
231 112
231 112
231 112
231 112
231 112
231 112
231 112
231 112
231 112
231 112
231 112
231 112
231 112
231 112
231 112
231 112
231 112
231 112
231 112
231 112
231 112
231 112
231 112
231 112
231 112
231 112
231 112
231 112
231 112
231 112
231 112
231 112
231 112
231 112
231 112
231 112
231 112
231 112
231 112
231 112
231 112
231 112
231 112
231 112
231 112
231 112
231 112
231 112
231 112
231 112
231 112
231 112
231 112
231 112
231 112
231 112
231 112
231 112
231 112
231 112
231 112
231 112
231 112
231 112
231 112
231 112
231 112
231 112
231 112
231 112
231 112
231 112
231 112
231 112
231 112
231 112
231 112
231 112
231 112
231 112
231 112
231 112
231 112
231 112
231 112
231 112
231 112
231 112
231 112
231 112
231 112
231 112
231 112
231 112
231 112
231 112
231 112
231 112
231 112
231 112
231 112
231 112
231 112
231 112
231 112
231 112
231 112
231 112
231 112
231 112
231 112
231 112
231 112
231 112
231 112
231 112
231 112
231 112
231 112
231 112
231 112
231 112
231 112
231 112
231 112
231 112
231 112
231 112
231 112
231 112
231 112
231 112
231 112
231 112
231 112
231 112
231 112
231 112
231 112
231 112
231 112
231 112
231 112
231 112
231 112
231 112
231 112
231 112
231 112
231 112
231 112
231 112
231 112
231 112
231 112
231 112
231 112
231 112
231 112
231 112
231 112
231 112
231 112
231 112
231 112
231 112
231 112
231 112
231 112
231 112
231 112
231 112
231 112
231 112
231 112
231 112
231 112
231 112
231 112
231 112
231 112
231 112
231 112
231 112
231 112
231 112
231 112
231 112
231 112
231 112
231 112
231 112
231 112
231 112
231 112
231 112
231 112
231 112
231 112
231 112
231 112
231 112
231 112
231 112
231 112
231 112
231 112
231 112
231 112
231 112
231 112
231 112
231 112
231 112
231 112
231 112
231 112
231 112
231 112
231 112
231 112
231 112
231 112
231 112
231 112
231 112
231 112
231 112
231 112
231 112
231 112
231 112
231 112
231 112
231 112
231 112
231 112
231 112
231 112
231 112
231 112
231 112
231 112
231 112
231 112
231 112
231 112
231 112
231 112
231 112
231 112
231 112
231 112
231 112
231 112
231 112
231 112
231 112
231 112
231 112
231 112
231 112
231 112
231 112
231 112
231 112
231 112
231 112
231 112
231 112
231 112
231 112
231 112
231 112
231 112
231 112
231 112
231 112
231 112
231 112
231 112
231 112
231 112
231 112
231 112
231 112
231 112
231 112
231 112
231 112
231 112
231 112
231 112
231 112
231 112
231 112
231 112
231 112
231 112
231 112
231 112
231 112
231 112
231 112
231 112
231 112
231 112
231 112
231 112
231 112
231 112
231 112
231 112
231 112
231 112
231 112
231 112
231 112
231 112
231 112
231 112
231 112
231 112
231 112
231 112
231 112
231 112
231 112
231 112
231 112
231 112
231 112
231 112
231 112
231 112
231 112
231 112
231 112
231 112
231 112
231 112
231 112
231 112
231 112
231 112
231 112
231 112
231 112
231 112
231 112
231 112
231 112
231 112
231 112
231 112
231 112
231 112
231 112
231 112
231 112
231 112
231 112
231 112
231 112
231 112
231 112
231 112
231 112
231 112
231 112
231 112
231 112
231 112
231 112
231 112
231 112
231 112
231 112
231 112
231 112
231 112
231 112
231 112
231 112
231 112
231 112
231 112
231 112
231 112
231 112
231 112
231 112
231 112
231 112
231 112
231 112
231 112
231 112
231 112
231 112
231 112
231 112
231 112
231 112
231 112
231 112
231 112
231 112
231 112
231 112
231 112
231 112
231 112
231 112
231 112
231 112
231 112
231 112
231 112
231 112
231 112
231 112
231 112
231 112
231 112
231 112
231 112
231 112
231 112
231 112
231 112
231 112
231 112
231 112
231 112
231 112
231 112
231 112
231 112
231 112
231 112
231 112
231 112
231 112
231 112
231 112
231 112
231 112
231 112
231 112
231 112
231 112
231 112
231 112
231 112
231 112
231 112
231 112
231 112
231 112
231 112
231 112
231 112
231 112
231 112
231 112
231 112
231 112
231 112
231 112
231 112
231 112
231 112
231 112
231 112
231 112
231 112
231 112
231 112
231 112
231 112
231 112
231 112
231 112
231 112
231 112
231 112
231 112
231 112
231 112
231 112
231 112
231 112
231 112
231 112
231 112
231 112
231 112
231 112
231 112
231 112
231 112
231 112
231 112
231 112
231 112
231 112
231 112
231 112
231 112
231 112
231 112
232 112
232 112
232 112
232 112
232 112
232 112
233 112
233 112
233 112
233 112
233 112
233 112
234 112
234 112
234 112
234 112
234 112
234 112
235 112
235 112
235 112
235 112
235 112
235 112
236 112
236 112
236 112
236 112
236 112
236 112
237 112
237 112
237 112
237 112
237 112
237 112
238 112
238 112
238 112
238 112
238 112
238 112
239 112
239 112
239 112
239 112
239 112
239 112
240 112
240 112
240 112
240 112
240 112
240 112
241 112
241 112
241 112
241 112
241 112
241 112
242 112
242 112
242 112
242 112
242 112
242 112
243 112
243 112
243 112
243 112
243 112
243 112
244 112
244 112
244 112
244 112
244 112
244 112
245 112
245 112
245 112
245 112
245 112
245 112
246 112
246 112
246 112
246 112
246 112
246 112
247 112
247 112
247 112
247 112
247 112
247 112
248 112
248 112
248 112
248 112
248 112
248 112
249 112
249 112
249 112
249 112
249 112
249 112
250 112
250 112
250 112
250 112
250 112
250 112
251 112
251 112
251 112
251 112
251 112
251 112
252 112
252 112
252 112
252 112
252 112
252 112
253 112
253 112
253 112
253 112
253 112
253 112
254 112
254 112
254 112
254 112
254 112
254 112
255 112
255 112
255 112
255 112
255 112
255 112
256 112
256 112
256 112
256 112
256 112
256 112
257 112
257 112
257 112
257 112
257 112
257 112
258 112
258 112
258 112
258 112
258 112
258 112
259 112
259 112
259 112
259 112
259 112
259 112
260 112
260 112
260 112
260 112
260 112
260 112
261 112
261 112
261 112
261 112
261 112
261 112
262 112
262 112
262 112
262 112
262 112
262 112
263 112
263 112
263 112
263 112
263 112
263 112
264 112
264 112
264 112
264 112
264 112
264 112
265 112
265 112
265 112
265 112
265 112
265 112
266 112
266 112
266 112
266 112
266 112
266 112
267 112
267 112
267 112
267 112
267 112
267 112
268 112
268 112
268 112
268 112
268 112
268 112
269 112
269 112
269 112
269 112
269 112
269 112
270 112
270 112
270 112
270 112
270 112
270 112
271 112
271 112
271 112
271 112
271 112
271 112
272 112
272 112
272 112
272 112
272 112
272 112
273 112
273 112
273 112
273 112
273 112
273 112
274 112
274 112
274 112
274 112
274 112
274 112
275 112
275 112
275 112
275 112
275 112
275 112
276 112
276 112
276 112
276 112
276 112
276 112
277 112
277 112
277 112
277 112
277 112
277 112
278 112
278 112
278 112
278 112
278 112
278 112
279 112
279 112
279 112
279 112
279 112
279 112
280 112
280 112
280 112
280 112
280 112
280 112
281 112
281 112
281 112
281 112
281 112
281 112
282 112
282 112
282 112
282 112
282 112
282 112
283 112
283 112
283 112
283 112
283 112
283 112
284 112
284 112
284 112
284 112
284 112
284 112
285 112
285 112
285 112
285 112
285 112
285 112
286 112
286 112
286 112
286 112
286 112
286 112
287 112
287 112
287 112
287 112
287 112
287 112
288 112
288 112
288 112
288 112
288 112
288 112
289 112
289 112
289 112
289 112
289 112
289 112
290 112
290 112
290 112
290 112
290 112
290 112
291 112
291 112
291 112
291 112
291 112
291 112
292 112
292 112
292 112
292 112
292 112
292 112
293 112
293 112
293 112
293 112
293 112
293 112
294 112
294 112
294 112
294 112
294 112
294 112
295 112
295 112
295 112
295 112
295 112
295 112
296 112
296 112
296 112
296 112
296 112
296 112
297 112
297 112
297 112
297 112
297 112
298 112
298 112
298 112
298 112
298 112
299 112
299 112
299 112
299 112
299 112
300 112
300 112
300 112
300 112
300 112
301 112
301 112
301 112
301 112
301 112
302 112
302 112
302 112
302 112
302 112
302 112
303 112
303 112
303 112
303 112
303 112
303 112
304 112
304 112
304 112
304 112
304 112
304 112
305 112
305 112
305 112
305 112
305 112
305 112
306 112
306 112
306 112
306 112
306 112
306 112
307 112
307 112
307 112
307 112
307 112
307 112
308 112
308 112
308 112
308 112
308 112
308 112
309 112
309 112
309 112
309 112
309 112
310 112
310 112
310 112
310 112
310 112
310 112
311 112
311 112
311 112
311 112
311 112
311 112
312 112
312 112
312 112
312 112
312 112
312 112
313 112
313 112
313 112
313 112
313 112
313 112
314 112
314 112
314 112
314 112
314 112
314 112
315 112
315 112
315 112
315 112
315 112
315 112
316 112
316 112
316 112
316 112
316 112
316 112
317 112
317 112
317 112
317 112
317 112
317 112
318 112
318 112
318 112
318 112
318 112
318 112
319 112
319 112
319 112
319 112
319 112
319 112
320 112
320 112
320 112
320 112
320 112
320 112
321 112
321 112
321 112
321 112
321 112
321 112
322 112
322 112
322 112
322 112
322 112
322 112
323 112
323 112
323 112
323 112
323 112
323 112
324 112
324 112
324 112
324 112
324 112
324 112
325 112
325 112
325 112
325 112
325 112
325 112
326 112
326 112
326 112
326 112
326 112
326 112
327 112
327 112
327 112
327 112
327 112
327 112
328 112
328 112
328 112
328 112
328 112
328 112
329 112
329 112
329 112
329 112
329 112
329 112
330 112
330 112
330 112
330 112
330 112
330 112
331 112
331 112
331 112
331 112
331 112
331 112
332 112
332 112
332 112
332 112
332 112
332 112
333 112
333 112
333 112
333 112
333 112
333 112
334 112
334 112
334 112
334 112
334 112
334 112
335 112
335 112
335 112
335 112
335 112
335 112
336 112
336 112
336 112
336 112
336 112
336 112
337 112
337 112
337 112
337 112
337 112
337 112
338 112
338 112
338 112
338 112
338 112
338 112
339 112
339 112
339 112
339 112
339 112
339 112
340 112
340 112
340 112
340 112
340 112
340 112
341 112
341 112
341 112
341 112
341 112
341 112
342 112
342 112
342 112
342 112
342 112
342 112
343 112
343 112
343 112
343 112
343 112
343 112
344 112
344 112
344 112
344 112
344 112
344 112
345 112
345 112
345 112
345 112
345 112
345 112
346 112
346 112
346 112
346 112
346 112
346 112
347 112
347 112
347 112
347 112
347 112
347 112
348 112
348 112
348 112
348 112
348 112
348 112
349 112
349 112
349 112
349 112
349 112
349 112
350 112
350 112
350 112
350 112
350 112
350 112
351 112
351 112
351 112
351 112
351 112
351 112
352 112
352 112
352 112
352 112
352 112
352 112
353 112
353 112
353 112
353 112
353 112
353 112
354 112
354 112
354 112
354 112
354 112
354 112
355 112
355 112
355 112
355 112
355 112
355 112
356 112
356 112
356 112
356 112
356 112
356 112
357 112
357 112
357 112
357 112
357 112
357 112
358 112
358 112
358 112
358 112
358 112
358 112
359 112
359 112
359 112
359 112
359 112
359 112
360 112
360 112
360 112
360 112
360 112
360 112
361 112
361 112
361 112
361 112
361 112
361 112
362 112
362 112
362 112
362 112
362 112
362 112
363 112
363 112
363 112
363 112
363 112
363 112
364 112
364 112
364 112
364 112
364 112
364 112
365 112
365 112
365 112
365 112
365 112
365 112
366 112
366 112
366 112
366 112
366 112
367 112
367 112
367 112
367 112
367 112
368 112
368 112
368 112
368 112
368 112
369 112
369 112
369 112
369 112
369 112
370 112
370 112
370 112
370 112
370 112
370 112
371 112
371 112
371 112
371 112
371 112
371 112
372 112
372 112
372 112
372 112
372 112
372 112
373 112
373 112
373 112
373 112
373 112
373 112
374 112
374 112
374 112
374 112
374 112
374 112
375 112
375 112
375 112
375 112
375 112
375 112
376 112
376 112
376 112
376 112
376 112
376 112
377 112
377 112
377 112
377 112
377 112
377 112
378 112
378 112
378 112
378 112
378 112
378 112
379 112
379 112
379 112
379 112
379 112
379 112
380 112
380 112
380 112
380 112
380 112
380 112
381 112
381 112
381 112
381 112
381 112
381 112
382 112
382 112
382 112
382 112
382 112
382 112
383 112
383 112
383 112
383 112
383 112
383 112
384 112
384 112
384 112
384 112
384 112
384 112
385 112
385 112
385 112
385 112
385 112
385 112
386 112
386 112
386 112
386 112
386 112
386 112
387 112
387 112
387 112
387 112
387 112
387 112
388 112
388 112
388 112
388 112
388 112
388 112
389 112
389 112
389 112
389 112
389 112
389 112
390 112
390 112
390 112
390 112
390 112
390 112
391 112
391 112
391 112
391 112
391 112
391 112
392 112
392 112
392 112
392 112
392 112
392 112
393 112
393 112
393 112
393 112
393 112
393 112
394 112
394 112
394 112
394 112
394 112
395 112
395 112
395 112
395 112
395 112
396 112
396 112
396 112
396 112
396 112
397 112
397 112
397 112
397 112
397 112
398 112
398 112
398 112
398 112
398 112
399 112
399 112
399 112
399 112
399 112
400 112
400 112
400 112
400 112
400 112
401 112
401 112
401 112
401 112
401 112
402 112
402 112
402 112
402 112
402 112
403 112
403 112
403 112
403 112
403 112
404 112
404 112
404 112
404 112
404 112
405 112
405 112
405 112
405 112
405 112
406 112
406 112
406 112
406 112
406 112
407 112
407 112
407 112
407 112
407 112
408 112
408 112
408 112
408 112
408 112
409 112
409 112
409 112
409 112
409 112
410 112
410 112
410 112
410 112
410 112
411 112
411 112
411 112
411 112
411 112
412 112
412 112
412 112
412 112
412 112
413 112
413 112
413 112
413 112
413 112
414 112
414 112
414 112
414 112
414 112
415 112
415 112
415 112
415 112
415 112
416 112
416 112
416 112
416 112
416 112
417 112
417 112
417 112
417 112
417 112
418 112
418 112
418 112
418 112
418 112
419 112
419 112
419 112
419 112
419 112
420 112
420 112
420 112
420 112
420 112
421 112
421 112
421 112
421 112
421 112
422 112
422 112
422 112
422 112
422 112
423 112
423 112
423 112
423 112
423 112
424 112
424 112
424 112
424 112
424 112
425 112
425 112
425 112
425 112
425 112
426 112
426 112
426 112
426 112
426 112
427 112
427 112
427 112
427 112
427 112
428 112
428 112
428 112
428 112
428 112
429 112
429 112
429 112
429 112
429 112
430 112
430 112
430 112
430 112
430 112
431 112
431 112
431 112
431 112
431 112
432 112
432 112
432 112
432 112
432 112
433 112
433 112
433 112
433 112
433 112
434 112
434 112
434 112
434 112
434 112
434 112
435 112
435 112
435 112
435 112
435 112
435 112
436 112
436 112
436 112
436 112
436 112
436 112
437 112
437 112
437 112
437 112
437 112
437 112
438 112
438 112
438 112
438 112
438 112
438 112
439 112
439 112
439 112
439 112
439 112
439 112
440 112
440 112
440 112
440 112
440 112
440 112
441 112
441 112
441 112
441 112
441 112
441 112
442 112
442 112
442 112
442 112
442 112
442 112
443 112
443 112
443 112
443 112
443 112
443 112
444 112
444 112
444 112
444 112
444 112
444 112
445 112
445 112
445 112
445 112
445 112
445 112
446 112
446 112
446 112
446 112
446 112
446 112
447 112
447 112
447 112
447 112
447 112
447 112
448 112
448 112
448 112
448 112
448 112
448 112
449 112
449 112
449 112
449 112
449 112
449 112
450 112
450 112
450 112
450 112
450 112
450 112
451 112
451 112
451 112
451 112
451 112
451 112
452 112
452 112
452 112
452 112
452 112
452 112
453 112
453 112
453 112
453 112
453 112
453 112
454 112
454 112
454 112
454 112
454 112
454 112
455 112
455 112
455 112
455 112
455 112
455 112
456 112
456 112
456 112
456 112
456 112
456 112
457 112
457 112
457 112
457 112
457 112
457 112
458 112
458 112
458 112
458 112
458 112
459 112
459 112
459 112
459 112
459 112
459 112
460 112
460 112
460 112
460 112
460 112
460 112
461 112
461 112
461 112
461 112
461 112
461 112
462 112
462 112
462 112
462 112
462 112
462 112
463 112
463 112
463 112
463 112
463 112
463 112
464 112
464 112
464 112
464 112
464 112
464 112
465 112
465 112
465 112
465 112
465 112
465 112
466 112
466 112
466 112
466 112
466 112
466 112
467 112
467 112
467 112
467 112
467 112
467 112
468 112
468 112
468 112
468 112
468 112
468 112
469 112
469 112
469 112
469 112
469 112
469 112
470 112
470 112
470 112
470 112
470 112
470 112
471 112
471 112
471 112
471 112
471 112
471 112
472 112
472 112
472 112
472 112
472 112
472 112
473 112
473 112
473 112
473 112
473 112
473 112
474 112
474 112
474 112
474 112
474 112
474 112
475 112
475 112
475 112
475 112
475 112
475 112
476 112
476 112
476 112
476 112
476 112
476 112
477 112
477 112
477 112
477 112
477 112
477 112
478 112
478 112
478 112
478 112
478 112
478 112
479 112
479 112
479 112
479 112
479 112
479 112
480 112
480 112
480 112
480 112
480 112
480 112
481 112
481 112
481 112
481 112
481 112
481 112
482 112
482 112
482 113
482 113
483 113
483 113
483 113
483 113
483 113
483 113
484 113
484 113
484 113
484 113
484 113
484 113
485 113
485 113
485 113
485 113
485 113
485 113
486 113
486 113
486 113
486 113
486 113
486 113
487 113
487 113
487 113
487 113
487 113
487 113
488 113
488 113
488 113
488 113
488 113
488 113
489 113
489 113
489 113
489 113
489 113
489 113
490 113
490 113
490 113
490 113
490 113
490 113
491 113
491 113
491 113
491 113
491 113
491 113
492 113
492 113
492 113
492 113
492 113
492 113
493 113
493 113
493 113
493 113
493 113
493 113
494 113
494 113
494 113
494 113
494 113
494 113
495 113
495 113
495 113
495 113
495 113
495 113
496 113
496 113
496 113
496 113
496 113
496 113
497 113
497 113
497 113
497 113
497 113
497 113
498 113
498 113
498 113
498 113
498 113
498 113
499 113
499 113
499 113
499 113
499 113
499 113
500 113
500 113
500 113
500 113
500 113
500 113
501 113
501 113
501 113
501 113
501 113
501 113
502 113
502 113
502 113
502 113
502 113
502 113
503 113
503 113
503 113
503 113
503 113
503 113
504 113
504 113
504 113
504 113
504 113
504 113
505 113
505 113
505 113
505 113
505 113
505 113
506 113
506 113
506 113
506 113
506 113
506 113
507 113
507 113
507 113
507 113
507 113
507 113
508 113
508 113
508 113
508 113
508 113
508 113
509 113
509 113
509 113
509 113
509 113
509 113
510 113
510 113
510 113
510 113
510 113
510 113
511 113
511 113
511 113
511 113
511 113
511 113
512 113
512 113
512 113
512 113
512 113
512 113
513 113
513 113
513 113
513 113
513 113
513 113
514 113
514 113
514 113
514 113
514 113
514 113
515 113
515 113
515 113
515 113
515 113
515 113
516 113
516 113
516 113
516 113
516 113
516 113
517 113
517 113
517 113
517 113
517 113
518 113
518 113
518 113
518 113
518 113
518 113
519 113
519 113
519 113
519 113
519 113
519 113
520 113
520 113
520 113
520 113
520 113
520 113
521 113
521 113
521 113
521 113
521 113
521 113
522 113
522 113
522 113
522 113
522 113
522 113
523 113
523 113
523 113
523 113
523 113
523 113
524 113
524 113
524 113
524 113
524 113
524 113
525 113
525 113
525 113
525 113
525 113
525 113
526 113
526 113
526 113
526 113
526 113
526 113
527 113
527 113
527 113
527 113
527 113
527 113
528 113
528 113
528 113
528 113
528 113
528 113
529 113
529 113
529 113
529 113
529 113
529 113
530 113
530 113
530 113
530 113
530 113
530 113
531 113
531 113
531 113
531 113
531 113
531 113
532 113
532 113
532 113
532 113
532 113
532 113
533 113
533 113
533 113
533 113
533 113
533 113
534 113
534 113
534 113
534 113
534 113
534 113
535 113
535 113
535 113
535 113
535 113
535 113
536 113
536 113
536 113
536 113
536 113
536 113
537 113
537 113
537 113
537 113
537 113
537 113
538 113
538 113
538 113
538 113
538 113
538 113
539 113
539 113
539 113
539 113
539 113
539 113
540 113
540 113
540 113
540 113
540 113
540 113
541 113
541 113
541 113
541 113
541 113
541 113
542 113
542 113
542 113
542 113
542 113
542 113
543 113
543 113
543 113
543 113
543 113
543 113
544 113
544 113
544 113
544 113
544 113
544 113
545 113
545 113
545 113
545 113
545 113
545 113
546 113
546 113
546 113
546 113
546 113
546 113
547 113
547 113
547 113
547 113
547 113
547 113
548 113
548 113
548 113
548 113
548 113
548 113
549 113
549 113
549 113
549 113
549 113
549 113
550 113
550 113
550 113
550 113
550 113
550 113
551 113
551 113
551 113
551 113
551 113
551 113
552 113
552 113
552 113
552 113
552 113
552 113
553 113
553 113
553 113
553 113
553 113
553 113
554 113
554 113
554 113
554 113
554 113
554 113
555 113
555 113
555 113
555 113
555 113
555 113
556 113
556 113
556 113
556 113
556 113
556 113
557 113
557 113
557 113
557 113
557 113
557 113
558 113
558 113
558 113
558 113
558 113
558 113
559 113
559 113
559 113
559 113
559 113
559 113
560 113
560 113
560 113
560 113
560 113
560 113
561 113
561 113
561 113
561 113
561 113
561 113
562 113
562 113
562 113
562 113
562 113
562 113
563 113
563 113
563 113
563 113
563 113
563 113
564 113
564 113
564 113
564 113
564 113
564 113
565 113
565 113
565 113
565 113
565 113
566 113
566 113
566 113
566 113
566 113
566 113
567 113
567 113
567 113
567 113
567 113
567 113
568 113
568 113
568 113
568 113
568 113
568 113
569 113
569 113
569 113
569 113
569 113
569 113
570 113
570 113
570 113
570 113
570 113
570 113
571 113
571 113
571 113
571 113
571 113
571 113
572 113
572 113
572 113
572 113
572 113
572 113
573 113
573 113
573 113
573 113
573 113
573 113
574 113
574 113
574 113
574 113
574 113
574 113
575 113
575 113
575 113
575 113
575 113
575 113
576 113
576 113
576 113
576 113
576 113
576 113
577 113
577 113
577 113
577 113
577 113
577 113
578 113
578 113
578 113
578 113
578 113
578 113
579 113
579 113
579 113
579 113
579 113
579 113
580 113
580 113
580 113
580 113
580 113
580 113
581 113
581 113
581 113
581 113
581 113
581 113
582 113
582 113
582 113
582 113
582 113
582 113
583 113
583 113
583 113
583 113
583 113
583 113
584 113
584 113
584 113
584 113
584 113
584 113
585 113
585 113
585 113
585 113
585 113
585 113
586 113
586 113
586 113
586 113
586 113
586 113
587 113
587 113
587 113
587 113
587 113
588 113
588 113
588 113
588 113
588 113
588 113
589 113
589 113
589 113
589 113
589 113
589 113
590 113
590 113
590 113
590 113
590 113
590 113
591 113
591 113
591 113
591 113
591 113
591 113
592 113
592 113
592 113
592 113
592 113
592 113
593 113
593 113
593 113
593 113
593 113
593 113
594 113
594 113
594 113
594 113
594 113
594 113
595 113
595 113
595 113
595 113
595 113
595 113
596 113
596 113
596 113
596 113
596 113
596 113
597 113
597 113
597 113
597 113
597 113
597 113
598 113
598 113
598 113
598 113
598 113
598 113
599 113
599 113
599 113
599 113
599 113
599 113
600 113
600 113
600 113
600 113
600 113
600 113
601 113
601 113
601 113
601 113
601 113
601 113
602 113
602 113
602 113
602 113
602 113
602 113
603 113
603 113
603 113
603 113
603 113
603 113
604 113
604 113
604 113
604 113
604 113
604 113
605 113
605 113
605 113
605 113
605 113
605 113
606 113
606 113
606 113
606 113
606 113
606 113
607 113
607 113
607 113
607 113
607 113
607 113
608 113
608 113
608 113
608 113
608 113
608 113
609 113
609 113
609 113
609 113
609 113
610 113
610 113
610 113
610 113
610 113
610 113
611 113
611 113
611 113
611 113
611 113
611 113
612 113
612 113
612 113
612 113
612 113
612 113
613 113
613 113
613 113
613 113
613 113
613 113
614 113
614 113
614 113
614 113
614 113
614 113
615 113
615 113
615 113
615 113
615 113
615 113
616 113
616 113
616 113
616 113
616 113
616 113
617 113
617 113
617 113
617 113
617 113
617 113
618 113
618 113
618 113
618 113
618 113
618 113
619 113
619 113
619 113
619 113
619 113
619 113
620 113
620 113
620 113
620 113
620 113
620 113
621 113
621 113
621 113
621 113
621 113
621 113
622 113
622 113
622 113
622 113
622 113
622 113
623 113
623 113
623 113
623 113
623 113
623 113
624 113
624 113
624 113
624 113
624 113
624 113
625 113
625 113
625 113
625 113
625 113
625 113
626 113
626 113
626 113
626 113
626 113
627 113
627 113
627 113
627 113
627 113
627 113
628 113
628 113
628 113
628 113
628 113
628 113
629 113
629 113
629 113
629 113
629 113
629 113
630 113
630 113
630 113
630 113
630 113
630 113
631 113
631 113
631 113
631 113
631 113
632 113
632 113
632 113
632 113
632 113
632 113
633 113
633 113
633 113
633 113
633 113
633 113
634 113
634 113
634 113
634 113
634 113
634 113
635 113
635 113
635 113
635 113
635 113
635 113
636 113
636 113
636 113
636 113
636 113
636 113
637 113
637 113
637 113
637 113
637 113
637 113
638 113
638 113
638 113
638 113
638 113
638 113
639 113
639 113
639 113
639 113
639 113
639 113
640 113
640 113
640 113
640 113
640 113
640 113
641 113
641 113
641 113
641 113
641 113
641 113
642 113
642 113
642 113
642 113
642 113
642 113
643 113
643 113
643 113
643 113
643 113
643 113
644 113
644 113
644 113
644 113
644 113
644 113
645 113
645 113
645 113
645 113
645 113
645 113
646 113
646 113
646 113
646 113
646 113
646 113
647 113
647 113
647 113
647 113
647 113
647 113
648 113
648 113
648 113
648 113
648 113
648 113
649 113
649 113
649 113
649 113
649 113
649 113
650 113
650 113
650 113
650 113
650 113
650 113
651 113
651 113
651 113
651 113
651 113
651 113
652 113
652 113
652 113
652 113
652 113
652 113
653 113
653 113
653 113
653 113
653 113
654 113
654 113
654 113
654 113
654 113
654 113
655 113
655 113
655 113
655 113
655 113
655 113
656 113
656 113
656 113
656 113
656 113
656 113
657 113
657 113
657 113
657 113
657 113
657 113
658 113
658 113
658 113
658 113
658 113
658 113
659 113
659 113
659 113
659 113
659 113
659 113
660 113
660 113
660 113
660 113
660 113
660 113
661 113
661 113
661 113
661 113
661 113
661 113
662 113
662 113
662 113
662 113
662 113
662 113
663 113
663 113
663 113
663 113
663 113
663 113
664 113
664 113
664 113
664 113
664 113
664 113
665 113
665 113
665 113
665 113
665 113
665 113
666 113
666 113
666 113
666 113
666 113
666 113
667 113
667 113
667 113
667 113
667 113
667 113
668 113
668 113
668 113
668 113
668 113
668 113
669 113
669 113
669 113
669 113
669 113
669 113
670 113
670 113
670 113
670 113
670 113
670 113
671 113
671 113
671 113
671 113
672 113
672 113
672 113
672 113
672 113
672 113
673 113
673 113
673 113
673 113
673 113
673 113
674 113
674 113
674 113
674 113
674 113
674 113
675 113
675 113
675 113
675 113
675 113
676 113
676 113
676 113
676 113
676 113
676 113
677 113
677 113
677 113
677 113
677 113
677 113
678 113
678 113
678 113
678 113
678 113
678 113
679 113
679 113
679 113
679 113
679 113
679 113
680 113
680 113
680 113
680 113
680 113
680 113
681 113
681 113
681 113
681 113
681 113
681 113
682 113
682 113
682 113
682 113
682 113
682 113
683 113
683 113
683 113
683 113
683 113
683 113
684 113
684 113
684 113
684 113
684 113
684 113
685 113
685 113
685 113
685 113
685 113
685 113
686 113
686 113
686 113
686 113
686 113
686 113
687 113
687 113
687 113
687 113
687 113
687 113
688 113
688 113
688 113
688 113
688 113
688 113
689 113
689 113
689 113
689 113
689 113
689 113
690 113
690 113
690 113
690 113
690 113
690 113
691 113
691 113
691 113
691 113
691 113
691 113
692 113
692 113
692 113
692 113
692 113
692 113
693 113
693 113
693 113
693 113
693 113
694 113
694 113
694 113
694 113
694 113
694 113
695 113
695 113
695 113
695 113
695 113
695 113
696 113
696 113
696 113
696 113
696 113
697 113
697 113
697 113
697 113
697 113
697 113
698 113
698 113
698 113
698 113
698 113
698 113
699 113
699 113
699 113
699 113
699 113
699 113
700 113
700 113
700 113
700 113
700 113
700 113
701 113
701 113
701 113
701 113
701 113
701 113
702 113
702 113
702 113
702 113
702 113
702 113
703 113
703 113
703 113
703 113
703 113
703 113
704 113
704 113
704 113
704 113
704 113
704 113
705 113
705 113
705 113
705 113
705 113
705 113
706 113
706 113
706 113
706 113
706 113
706 113
707 113
707 113
707 113
707 113
707 113
707 113
708 113
708 113
708 113
708 113
708 113
708 113
709 113
709 113
709 113
709 113
709 113
709 113
710 113
710 113
710 113
710 113
710 113
710 113
711 113
711 113
711 113
711 113
711 113
711 113
711 113
711 113
711 113
711 113
711 113
712 113
712 113
712 113
712 113
712 113
712 113
713 113
713 113
713 113
713 113
713 113
713 113
714 113
714 113
714 113
714 113
714 113
714 113
715 113
715 113
715 113
715 113
715 113
715 113
716 113
716 113
716 113
716 113
716 113
717 113
717 113
717 113
717 113
717 113
717 113
718 113
718 113
718 113
718 113
718 113
719 113
719 113
719 113
719 113
719 113
719 113
720 113
720 113
720 113
720 113
720 113
720 113
721 113
721 113
721 113
721 113
721 113
722 113
722 113
722 113
722 113
722 113
722 113
723 113
723 113
723 113
723 113
723 113
723 113
724 113
724 113
724 113
724 113
724 113
724 113
725 113
725 113
725 113
725 113
725 113
725 113
726 113
726 113
726 113
726 113
726 113
727 113
727 113
727 113
727 113
727 113
727 113
728 113
728 113
728 113
728 113
728 113
728 113
729 113
729 113
729 113
729 113
729 113
729 113
730 113
730 113
730 113
730 113
730 113
730 113
731 113
731 113
731 113
731 113
731 113
731 113
732 113
732 113
732 113
732 113
732 113
732 113
733 113
733 113
733 113
733 113
733 113
733 113
734 113
734 113
734 113
734 113
734 113
734 113
735 113
735 113
735 113
735 113
735 113
735 113
736 113
736 113
736 113
736 113
736 113
736 113
737 113
737 113
737 113
737 113
737 113
738 113
738 113
738 113
738 113
738 113
738 113
739 113
739 113
739 113
739 113
739 113
739 113
740 113
740 113
740 113
740 113
740 113
740 113
741 113
741 113
741 113
741 113
741 113
742 113
742 113
742 113
742 113
742 113
742 113
743 113
743 113
743 113
743 113
743 113
744 113
744 113
744 113
744 113
744 113
744 113
745 113
745 113
745 113
745 113
745 113
745 113
746 113
746 113
746 113
746 113
746 113
746 113
747 113
747 113
747 113
747 113
747 113
747 113
748 113
748 113
748 113
748 113
748 113
748 113
749 113
749 113
749 113
749 113
749 113
749 113
750 113
750 113
750 113
750 113
750 113
750 113
751 113
751 113
751 113
751 113
751 113
751 113
752 113
752 113
752 113
752 113
752 113
752 113
753 113
753 113
753 113
753 113
753 113
753 113
754 113
754 113
754 113
754 113
754 113
755 113
755 113
755 113
755 113
755 113
755 113
756 113
756 113
756 113
756 113
756 113
756 113
757 113
757 113
757 113
757 113
757 113
757 113
758 113
758 113
758 113
758 113
758 113
758 113
759 113
759 113
759 113
759 113
759 113
759 113
760 113
760 113
760 113
760 113
760 113
760 113
761 113
761 113
761 113
761 113
761 113
761 113
762 113
762 113
762 113
762 113
762 113
762 113
763 113
763 113
763 113
763 113
763 113
763 113
764 113
764 113
764 113
764 113
764 113
764 113
765 113
765 113
765 113
765 113
765 113
765 113
766 113
766 113
766 113
766 113
766 113
766 113
767 113
767 113
767 113
767 113
767 113
767 113
768 113
768 113
768 113
768 113
768 113
768 113
769 113
769 113
769 113
769 113
769 113
769 113
770 113
770 113
770 113
770 113
770 113
770 113
771 113
771 113
771 113
771 113
771 113
771 113
772 113
772 113
772 113
772 113
772 113
772 113
773 113
773 113
773 113
773 113
773 113
773 113
774 113
774 113
774 113
774 113
774 113
774 113
775 113
775 113
775 113
775 113
775 113
775 113
776 113
776 113
776 113
776 113
776 113
776 113
777 113
777 113
777 113
777 113
777 113
777 113
778 113
778 113
778 113
778 113
778 113
778 113
779 113
779 113
779 113
779 113
779 113
779 113
780 113
780 113
780 113
780 113
780 113
780 113
781 113
781 113
781 113
781 113
781 113
781 113
782 113
782 113
782 113
782 113
782 113
782 113
783 113
783 113
783 113
783 113
783 113
783 113
784 113
784 113
784 113
784 113
784 113
784 113
785 113
785 113
785 113
785 113
785 113
786 113
786 113
786 113
786 113
786 113
786 113
787 113
787 113
787 113
787 113
787 113
787 113
788 113
788 113
788 113
788 113
788 113
788 113
789 113
789 113
789 113
789 113
789 113
789 113
790 113
790 113
790 113
790 113
790 113
790 113
791 113
791 113
791 113
791 113
791 113
792 113
792 113
792 113
792 113
792 113
792 113
793 113
793 113
793 113
793 113
793 113
793 113
794 113
794 113
794 113
794 113
794 113
794 113
795 113
795 113
795 113
795 113
795 113
795 113
796 113
796 113
796 113
796 113
796 113
796 113
796 113
796 113
796 113
796 113
796 113
797 113
797 113
797 113
797 113
797 113
797 113
798 113
798 113
798 113
798 113
798 113
798 113
799 113
799 113
799 113
799 113
799 113
799 113
800 113
800 113
800 113
800 113
800 113
800 113
801 113
801 113
801 113
801 113
801 113
801 113
802 113
802 113
802 113
802 113
802 113
802 113
803 113
803 113
803 113
803 113
803 113
803 113
804 113
804 113
804 113
804 113
804 113
804 113
805 113
805 113
805 113
805 113
805 113
806 113
806 113
806 113
806 113
806 113
806 113
807 113
807 113
807 113
807 113
807 113
807 113
808 113
808 113
808 113
808 113
808 113
808 113
809 113
809 113
809 113
809 113
809 113
810 113
810 113
810 113
810 113
810 113
810 113
811 113
811 113
811 113
811 113
811 113
811 113
812 113
812 113
812 113
812 113
812 113
812 113
813 113
813 113
813 113
813 113
813 113
814 113
814 113
814 113
814 113
814 113
814 113
815 113
815 113
815 113
815 113
815 113
815 113
816 113
816 113
816 113
816 113
816 113
816 113
817 113
817 113
817 113
817 113
817 113
817 113
817 113
817 113
817 113
817 113
817 113
818 113
818 113
818 113
818 113
818 113
818 113
819 113
819 113
819 113
819 113
819 113
819 113
820 113
820 113
820 113
820 113
820 113
820 113
821 113
821 113
821 113
821 113
821 113
821 113
822 113
822 113
822 113
822 113
822 113
822 113
823 113
823 113
823 113
823 113
823 113
823 113
824 113
824 113
824 113
824 113
824 113
824 113
825 113
825 113
825 113
825 113
825 113
825 113
826 113
826 113
826 113
826 113
826 113
826 113
827 113
827 113
827 113
827 113
828 113
828 113
828 113
828 113
828 113
828 113
829 113
829 113
829 113
829 113
829 113
829 113
830 113
830 113
830 113
830 113
830 113
831 113
831 113
831 113
831 113
831 113
831 113
832 113
832 113
832 113
832 113
832 113
832 113
833 113
833 113
833 113
833 113
833 113
834 113
834 113
834 113
834 113
834 113
834 113
835 113
835 113
835 113
835 113
835 113
835 113
836 113
836 113
836 113
836 113
836 113
836 113
837 113
837 113
837 113
837 113
837 113
837 113
838 113
838 113
838 113
838 113
838 113
838 113
839 113
839 113
839 113
839 113
839 113
839 113
840 113
840 113
840 113
840 113
840 113
840 113
841 113
841 113
841 113
841 113
841 113
841 113
841 113
841 113
841 113
841 113
841 113
842 113
842 113
842 113
842 113
842 113
842 113
843 113
843 113
843 113
843 113
843 113
843 113
844 113
844 113
844 113
844 113
844 113
844 113
845 113
845 113
845 113
845 113
845 113
845 113
846 113
846 113
846 113
846 113
846 113
846 113
847 113
847 113
847 113
847 113
847 113
847 113
848 113
848 113
848 113
848 113
848 113
848 113
849 113
849 113
849 113
849 113
849 113
849 113
850 113
850 113
850 113
850 113
850 113
850 113
851 113
851 113
851 113
851 113
851 113
852 113
852 113
852 113
852 113
852 113
853 113
853 113
853 113
853 113
853 113
853 113
854 113
854 113
854 113
854 113
854 113
855 113
855 113
855 113
855 113
855 113
855 113
856 113
856 113
856 113
856 113
856 113
856 113
857 113
857 113
857 113
857 113
857 113
857 113
858 113
858 113
858 113
858 113
858 113
858 113
859 113
859 113
859 113
859 113
859 113
859 113
860 113
860 113
860 113
860 113
860 113
860 113
861 113
861 113
861 113
861 113
861 113
861 113
862 113
862 113
862 113
862 113
862 113
862 113
863 113
863 113
863 113
863 113
863 113
863 113
864 113
864 113
864 113
864 113
864 113
864 113
865 113
865 113
865 113
865 113
865 113
866 113
866 113
866 113
866 113
866 113
866 113
867 113
867 113
867 113
867 113
867 113
867 113
868 113
868 113
868 113
868 113
868 113
868 113
869 113
869 113
869 113
869 113
869 113
869 113
870 113
870 113
870 113
870 113
870 113
870 113
871 113
871 113
871 113
871 113
871 113
871 113
872 113
872 113
872 113
872 113
872 113
873 113
873 113
873 113
873 113
873 113
873 113
874 113
874 113
874 113
874 113
874 113
874 113
875 113
875 113
875 113
875 113
875 113
875 113
876 113
876 113
876 113
876 113
876 113
877 113
877 113
877 113
877 113
877 113
878 113
878 113
878 113
878 113
878 113
878 113
879 113
879 113
879 113
879 113
879 113
879 113
880 113
880 113
880 113
880 113
880 113
880 113
881 113
881 113
881 113
881 113
881 113
881 113
882 113
882 113
882 113
882 113
882 113
882 113
883 113
883 113
883 113
883 113
883 113
883 113
884 113
884 113
884 113
884 113
884 113
884 113
885 113
885 113
885 113
885 113
885 113
885 113
886 113
886 113
886 113
886 113
886 113
886 113
887 113
887 113
887 113
887 113
887 113
887 113
887 113
887 113
887 113
887 113
887 113
888 113
888 113
888 113
888 113
888 113
888 113
889 113
889 113
889 113
889 113
889 113
889 113
890 113
890 113
890 113
890 113
890 113
890 113
891 113
891 113
891 113
891 113
892 113
892 113
892 113
892 113
892 113
893 113
893 113
893 113
893 113
893 113
893 113
894 113
894 113
894 113
894 113
894 113
894 113
895 113
895 113
895 113
895 113
895 113
895 113
896 113
896 113
896 113
896 113
896 113
897 113
897 113
897 113
897 113
897 113
897 113
898 113
898 113
898 113
898 113
898 113
899 113
899 113
899 113
899 113
899 113
899 113
900 113
900 113
900 113
900 113
900 113
900 113
901 113
901 113
901 113
901 113
901 113
901 113
902 113
902 113
902 113
902 113
902 113
902 113
903 113
903 113
903 113
903 113
903 113
903 113
904 113
904 113
904 113
904 113
904 113
904 113
905 113
905 113
905 113
905 113
905 113
905 113
906 113
906 113
906 113
906 113
906 113
906 113
907 113
907 113
907 113
907 113
907 113
907 113
907 113
907 113
907 113
907 113
907 113
908 113
908 113
908 113
908 113
908 113
908 113
909 113
909 113
909 113
909 113
909 113
909 113
910 113
910 113
910 113
910 113
910 113
911 113
911 113
911 113
911 113
911 113
911 113
912 113
912 113
912 113
912 113
912 113
913 113
913 113
913 113
913 113
913 113
913 113
914 113
914 113
914 113
914 113
914 113
914 113
915 113
915 113
915 113
915 113
915 113
915 113
916 113
916 113
916 113
916 113
916 113
916 113
917 113
917 113
917 113
917 113
917 113
918 113
918 113
918 113
918 113
918 113
919 115
919 115
919 115
919 115
919 115
919 115
920 115
920 115
920 115
920 115
920 115
920 115
921 115
921 115
921 115
921 115
921 115
921 115
922 115
922 115
922 115
922 115
922 115
922 115
923 115
923 115
923 115
923 115
923 115
923 115
924 115
924 115
924 115
924 115
924 115
924 115
925 115
925 115
925 115
925 115
925 115
926 115
926 115
926 115
926 115
926 115
926 115
927 115
927 115
927 115
927 115
927 115
927 115
927 115
927 115
927 115
927 115
927 115
928 115
928 115
928 115
928 115
928 115
928 115
929 115
929 115
929 115
929 115
929 115
929 115
930 115
930 115
930 115
930 115
930 115
930 115
931 115
931 115
931 115
931 115
931 115
931 115
932 115
932 115
932 115
932 115
932 115
932 115
933 115
933 115
933 115
933 115
933 115
933 115
934 115
934 115
934 115
934 115
934 115
934 115
935 115
935 115
935 115
935 115
935 115
935 115
936 115
936 115
936 115
936 115
936 115
936 115
937 115
937 115
937 115
937 115
937 115
937 115
938 115
938 115
938 115
938 115
938 115
939 115
939 115
939 115
939 115
939 115
939 115
940 115
940 115
940 115
940 115
940 115
940 115
941 115
941 115
941 115
941 115
941 115
941 115
942 115
942 115
942 115
942 115
942 115
942 115
943 115
943 115
943 115
943 115
943 115
943 115
944 115
944 115
944 115
944 115
944 115
944 115
945 115
945 115
945 115
945 115
945 115
946 115
946 115
946 115
946 115
946 115
946 115
947 115
947 115
947 115
947 115
947 115
947 115
948 115
948 115
948 115
948 115
948 115
948 115
949 115
949 115
949 115
949 115
949 115
949 115
949 115
949 115
949 115
949 115
949 115
950 115
950 115
950 115
950 115
950 115
950 115
951 115
951 115
951 115
951 115
951 115
951 115
952 115
952 115
952 115
952 115
952 115
952 115
953 115
953 115
953 115
953 115
953 115
953 115
954 115
954 115
954 115
954 115
954 115
954 115
955 115
955 115
955 115
955 115
955 115
955 115
956 115
956 115
956 115
956 115
956 115
956 115
957 115
957 115
957 115
957 115
957 115
957 115
958 115
958 115
958 115
958 115
958 115
958 115
959 115
959 115
959 115
959 115
959 115
959 115
960 115
960 115
960 115
960 115
960 115
960 115
961 115
961 115
961 115
961 115
961 115
961 115
962 115
962 115
962 115
962 115
962 115
963 115
963 115
963 115
963 115
963 115
963 115
964 115
964 115
964 115
964 115
964 115
964 115
965 115
965 115
965 115
965 115
965 115
965 115
966 115
966 115
966 115
966 115
966 115
967 115
967 115
967 115
967 115
967 115
967 115
968 115
968 115
968 115
968 115
968 115
968 115
969 115
969 115
969 115
969 115
969 115
969 115
969 115
969 115
969 115
969 115
969 115
970 115
970 115
970 115
970 115
970 115
970 115
971 115
971 115
971 115
971 115
971 115
971 115
972 115
972 115
972 115
972 115
972 115
973 115
973 115
973 115
973 115
973 115
973 115
974 115
974 115
974 115
974 115
974 115
974 115
975 115
975 115
975 115
975 115
975 115
975 115
976 115
976 115
976 115
976 115
976 115
976 115
977 115
977 115
977 115
977 115
977 115
977 115
978 115
978 115
978 115
978 115
978 115
979 126
979 126
979 126
979 126
979 126
979 126
980 126
980 126
980 126
980 126
980 126
980 126
981 126
981 126
981 126
981 126
981 126
981 126
982 126
982 126
982 126
982 126
982 126
982 126
983 126
983 126
983 126
983 126
983 126
983 126
984 126
984 126
984 126
984 126
984 126
984 126
985 126
985 126
985 126
985 126
985 126
985 126
986 126
986 126
986 126
986 126
986 130
987 130
987 130
987 130
987 130
987 130
987 130
988 130
988 130
988 130
988 130
988 130
988 130
988 130
988 130
988 130
988 130
988 130
989 130
989 130
989 130
989 130
989 130
990 130
990 130
990 130
990 130
990 130
990 130
991 130
991 130
991 130
991 130
991 130
992 130
992 130
992 130
992 130
992 130
992 130
993 130
993 130
993 130
993 130
993 130
993 130
994 130
994 130
994 130
994 130
994 130
995 130
995 130
995 130
995 130
995 130
995 130
996 130
996 130
996 130
996 130
996 130
996 130
997 130
997 130
997 130
997 130
997 130
997 130
998 130
998 130
998 130
998 130
998 130
998 130
999 130
999 130
999 130
999 130
999 130
999 130
1000 130
1000 130
1000 130
1000 130
1000 130
1000 130
1001 130
1001 130
1001 130
1001 130
1001 130
1001 130
1002 130
1002 130
1002 130
1002 130
1002 130
1002 130
1003 130
1003 130
1003 130
1003 130
1003 130
1003 130
1004 130
1004 130
1004 130
1004 130
1004 130
1004 130
1005 130
1005 130
1005 130
1005 130
1005 130
1005 130
1006 130
1006 130
1006 130
1006 130
1006 130
1006 130
1007 130
1007 130
1007 130
1007 130
1007 130
1007 130
1007 130
1007 130
1007 130
1007 130
1007 130
1008 130
1008 130
1008 130
1008 130
1008 130
1008 130
1009 130
1009 130
1009 130
1009 130
1009 130
1009 130
1010 130
1010 130
1010 130
1010 130
1010 130
1010 130
1011 130
1011 130
1011 130
1011 130
1011 130
1012 130
1012 130
1012 130
1012 130
1012 130
1012 130
1013 130
1013 130
1013 130
1013 130
1013 130
1014 130
1014 130
1014 130
1014 130
1014 130
1014 130
1015 130
1015 130
1015 130
1015 130
1015 130
1015 130
1016 130
1016 130
1016 130
1016 130
1016 130
1016 130
1017 130
1017 130
1017 130
1017 130
1017 130
1017 130
1018 130
1018 130
1018 130
1018 130
1018 130
1018 130
1019 130
1019 130
1019 130
1019 130
1019 130
1019 130
1020 130
1020 130
1020 130
1020 130
1020 130
1020 130
1021 130
1021 130
1021 130
1021 130
1021 130
1021 130
1022 130
1022 130
1022 130
1022 130
1022 130
1022 130
1023 130
1023 130
1023 130
1023 130
1023 130
1023 130
1024 130
1024 130
1024 130
1024 130
1024 130
1024 130
1025 130
1025 130
1025 130
1025 130
1025 130
1025 130
1026 130
1026 130
1026 130
1026 130
1026 130
1026 130
1026 130
1026 130
1026 130
1026 130
1026 130
1027 130
1027 130
1027 130
1027 130
1027 130
1028 130
1028 130
1028 130
1028 130
1028 130
1028 130
1029 130
1029 130
1029 130
1029 130
1029 130
1029 130
1030 130
1030 130
1030 130
1030 130
1030 130
1030 130
1031 130
1031 130
1031 130
1031 130
1031 130
1031 130
1032 130
1032 130
1032 130
1032 130
1032 130
1033 130
1033 130
1033 130
1033 130
1033 130
1034 130
1034 130
1034 130
1034 130
1034 130
1034 130
1035 130
1035 130
1035 130
1035 130
1035 130
1035 130
1036 130
1036 130
1036 130
1036 130
1036 130
1036 130
1037 130
1037 130
1037 130
1037 130
1037 130
1037 130
1038 130
1038 130
1038 130
1038 130
1038 130
1038 130
1039 130
1039 130
1039 130
1039 130
1039 130
1039 130
1040 130
1040 130
1040 130
1040 130
1040 130
1040 130
1041 130
1041 130
1041 130
1041 130
1041 130
1041 130
1042 130
1042 130
1042 130
1042 130
1042 130
1042 130
1043 130
1043 130
1043 130
1043 130
1043 130
1043 130
1044 130
1044 130
1044 130
1044 130
1044 130
1044 130
1045 130
1045 130
1045 130
1045 130
1045 130
1045 130
1045 130
1045 130
1045 130
1045 130
1045 130
1046 130
1046 130
1046 130
1046 130
1046 130
1046 130
1047 130
1047 130
1047 130
1047 130
1047 130
1048 130
1048 130
1048 130
1048 130
1048 130
1048 130
1049 130
1049 130
1049 130
1049 130
1049 130
1049 130
1050 130
1050 130
1050 130
1050 130
1050 130
1050 130
1051 130
1051 130
1051 130
1051 130
1051 130
1051 130
1052 140
1052 140
1052 140
1052 140
1053 140
1053 140
1053 140
1053 140
1053 140
1054 140
1054 140
1054 140
1054 140
1054 140
1054 140
1055 140
1055 140
1055 140
1055 140
1055 140
1055 140
1056 140
1056 140
1056 140
1056 140
1056 140
1056 140
1057 140
1057 140
1057 140
1057 140
1057 140
1057 140
1058 140
1058 140
1058 140
1058 140
1058 140
1058 140
1059 140
1059 140
1059 140
1059 140
1059 140
1059 140
1060 140
1060 140
1060 140
1060 140
1060 140
1060 140
1061 140
1061 140
1061 140
1061 140
1061 140
1061 140
1062 140
1062 140
1062 140
1062 140
1062 140
1062 140
1063 140
1063 140
1063 140
1063 140
1063 140
1063 140
1064 140
1064 140
1064 140
1064 140
1064 140
1064 140
1064 140
1064 140
1064 140
1064 140
1064 140
1065 140
1065 140
1065 140
1065 140
1065 140
1065 140
1066 140
1066 140
1066 140
1066 140
1066 140
1066 140
1067 140
1067 140
1067 140
1067 140
1067 140
1067 140
1068 140
1068 140
1068 140
1068 140
1068 140
1069 140
1069 140
1069 140
1069 140
1069 140
1069 140
1070 140
1070 140
1070 140
1070 140
1070 140
1070 140
1071 140
1071 140
1071 140
1071 140
1071 140
1072 140
1072 140
1072 140
1072 140
1072 140
1073 140
1073 140
1073 140
1073 140
1073 140
1073 140
1074 140
1074 140
1074 140
1074 140
1074 140
1074 140
1075 140
1075 140
1075 140
1075 140
1075 140
1075 140
1076 140
1076 140
1076 140
1076 140
1076 140
1076 140
1077 140
1077 140
1077 140
1077 140
1077 140
1077 140
1078 140
1078 140
1078 140
1078 140
1078 140
1078 140
1079 140
1079 140
1079 140
1079 140
1079 140
1079 140
1080 140
1080 140
1080 140
1080 140
1080 140
1080 140
1081 140
1081 140
1081 140
1081 140
1081 140
1081 140
1082 140
1082 140
1082 140
1082 140
1082 140
1082 140
1083 140
1083 140
1083 140
1083 140
1083 140
1083 140
1084 140
1084 140
1084 140
1084 140
1084 140
1084 140
1084 140
1084 140
1084 140
1084 140
1085 140
1085 140
1085 140
1085 140
1085 140
1085 140
1086 140
1086 140
1086 140
1086 140
1086 140
1086 140
1087 140
1087 140
1087 140
1087 140
1087 140
1087 140
1088 140
1088 140
1088 140
1088 140
1088 140
1088 140
1089 140
1089 140
1089 140
1089 140
1089 140
1089 140
1090 140
1090 140
1090 140
1090 140
1090 140
1090 140
1091 140
1091 140
1091 140
1091 140
1091 140
1091 140
1092 140
1092 140
1092 140
1092 140
1092 140
1092 140
1093 140
1093 140
1093 140
1093 140
1093 140
1093 140
1094 140
1094 140
1094 140
1094 140
1094 140
1094 140
1095 140
1095 140
1095 140
1095 140
1095 140
1095 140
1096 140
1096 140
1096 140
1096 140
1096 140
1096 140
1097 140
1097 140
1097 140
1097 140
1097 140
1097 140
1098 140
1098 140
1098 140
1098 140
1098 140
1098 140
1099 140
1099 140
1099 140
1099 140
1099 140
1099 140
1100 140
1100 140
1100 140
1100 140
1100 140
1100 140
1101 140
1101 140
1101 140
1101 140
1101 140
1101 140
1102 140
1102 140
1102 140
1102 140
1102 140
1102 140
1103 140
1103 140
1103 140
1103 140
1103 140
1103 140
1104 140
1104 140
1104 140
1104 140
1104 140
1104 140
1105 140
1105 140
1105 140
1105 140
1105 140
1106 140
1106 140
1106 140
1106 140
1106 140
1106 140
1106 140
1106 140
1106 140
1106 140
1106 140
1107 140
1107 140
1107 140
1107 140
1107 140
1107 140
1108 140
1108 140
1108 140
1108 140
1108 140
1108 140
1109 140
1109 140
1109 140
1109 140
1109 140
1109 140
1110 140
1110 140
1110 140
1110 140
1110 140
1111 140
1111 140
1111 140
1111 140
1111 140
1111 140
1112 140
1112 140
1112 140
1112 140
1112 140
1112 140
1113 140
1113 140
1113 140
1113 140
1113 140
1113 140
1114 140
1114 140
1114 140
1114 140
1114 140
1114 140
1115 140
1115 140
1115 140
1115 140
1115 140
1115 140
1116 140
1116 140
1116 140
1116 140
1116 140
1117 140
1117 140
1117 140
1117 140
1117 140
1117 140
1118 140
1118 140
1118 140
1118 140
1118 140
1118 140
1119 140
1119 140
1119 140
1119 140
1119 140
1119 140
1120 140
1120 140
1120 140
1120 140
1120 140
1120 140
1121 140
1121 140
1121 140
1121 140
1121 140
1121 140
1122 140
1122 140
1122 140
1122 140
1122 140
1122 140
1123 140
1123 140
1123 140
1123 140
1123 140
1123 140
1124 140
1124 140
1124 140
1124 140
1124 140
1124 140
1125 140
1125 140
1125 140
1125 140
1125 140
1125 140
1126 140
1126 140
1126 140
1126 140
1126 140
1127 140
1127 140
1127 140
1127 140
1127 140
1127 140
1128 140
1128 140
1128 140
1128 140
1128 140
1128 140
1129 140
1129 140
1129 140
1129 140
1129 140
1129 140
1130 140
1130 140
1130 140
1130 140
1130 140
1130 140