
0 0
0 0
1 0
1 0
1 0
1 0
1 0
1 0
2 0
2 0
2 0
2 0
2 0
2 0
3 0
3 0
3 0
3 0
3 0
3 0
4 0
4 0
4 0
4 0
4 0
4 0
5 0
5 0
5 0
5 0
5 0
5 0
6 0
6 0
6 0
6 0
6 0
6 0
7 0
7 0
7 0
7 0
7 0
7 0
8 0
8 0
8 0
8 0
8 0
8 0
9 0
9 0
9 0
9 0
9 0
9 0
10 0
10 0
10 0
10 0
10 0
10 0
11 0
11 0
11 0
11 0
11 0
11 0
12 0
12 0
12 0
12 0
12 0
12 0
13 0
13 0
13 0
13 0
13 0
13 0
14 0
14 0
14 0
14 0
14 0
14 0
15 0
15 0
15 0
15 0
15 0
15 0
16 0
16 0
16 0
16 0
16 0
16 0
17 0
17 0
17 0
17 0
17 0
17 0
18 0
18 0
18 0
18 0
18 0
18 0
19 0
19 0
19 0
19 0
19 0
19 0
20 0
20 0
20 0
20 0
20 0
20 0
21 0
21 0
21 0
21 0
21 0
21 0
22 0
22 0
22 0
22 0
22 0
22 0
23 0
23 0
23 0
23 0
23 0
23 0
24 0
24 0
24 0
24 0
24 0
24 0
25 0
25 0
25 0
25 0
25 0
25 0
26 0
26 0
26 0
26 0
26 0
26 0
27 0
27 0
27 0
27 0
27 0
27 0
28 0
28 0
28 0
28 0
28 0
28 0
29 0
29 0
29 0
29 0
29 0
29 0
30 0
30 0
30 0
30 0
30 0
30 0
31 0
31 0
31 0
31 0
31 0
31 0
32 0
32 0
32 0
32 0
32 0
32 0
33 0
33 0
33 0
33 0
33 0
33 0
34 0
34 0
34 0
34 0
34 0
34 0
35 0
35 0
35 0
35 0
35 0
35 0
36 1
36 1
36 1
36 1
36 1
36 1
37 1
37 1
37 1
37 1
37 1
37 1
38 1
38 1
38 1
38 1
38 1
38 1
39 1
39 1
39 1
39 1
39 1
39 1
40 1
40 1
40 1
40 1
40 1
40 1
41 1
41 1
41 1
41 1
41 1
41 1
42 1
42 1
42 1
42 1
42 1
42 1
43 1
43 1
43 1
43 1
43 1
43 1
44 1
44 1
44 1
44 1
44 1
44 1
45 1
45 1
45 1
45 1
45 1
45 1
46 1
46 1
46 1
46 1
46 1
46 1
47 1
47 1
47 1
47 1
47 1
47 1
48 1
48 1
48 1
48 1
48 1
48 1
49 1
49 1
49 1
49 1
49 1
49 1
50 1
50 1
50 1
50 1
50 1
50 1
51 1
51 1
51 1
51 1
51 1
51 1
52 1
52 1
52 1
52 1
52 1
52 1
53 1
53 1
53 1
53 1
53 1
53 1
54 1
54 1
54 1
54 1
54 1
54 1
55 1
55 1
55 1
55 1
55 1
55 1
56 1
56 1
56 1
56 1
56 1
56 1
57 1
57 11
57 11
57 11
57 11
57 11
58 11
58 11
58 11
58 11
58 11
58 11
59 11
59 11
59 11
59 11
59 11
59 11
60 11
60 11
60 11
60 11
60 11
60 11
61 11
61 11
61 11
61 11
61 11
61 11
62 11
62 11
62 11
62 11
62 11
62 11
63 11
63 11
63 11
63 11
63 11
63 11
64 11
64 11
64 11
64 11
64 11
64 11
65 11
65 11
65 11
65 11
65 11
65 11
66 11
66 11
66 11
66 11
66 11
66 11
67 11
67 11
67 11
67 11
67 11
67 11
68 11
68 11
68 11
68 11
68 11
68 31
69 31
69 31
69 31
69 31
69 31
69 31
70 31
70 31
70 31
70 31
70 31
70 31
71 31
71 31
71 31
71 31
71 31
71 31
72 31
72 31
72 31
72 31
72 33
72 33
73 33
73 33
73 33
73 33
73 33
73 33
74 33
74 33
74 33
74 33
74 33
74 33
75 33
75 33
75 33
75 33
75 33
75 33
76 33
76 33
76 33
76 33
76 33
76 33
77 33
77 33
77 33
77 33
77 33
77 33
78 33
78 33
78 33
78 33
78 33
78 33
79 33
79 33
79 33
79 33
79 33
79 33
80 33
80 33
80 33
80 33
80 33
80 33
81 33
81 33
81 33
81 33
81 33
81 33
82 33
82 33
82 33
82 33
82 33
82 33
83 33
83 33
83 33
83 33
83 33
83 33
84 33
84 33
84 33
84 33
84 33
84 33
85 33
85 33
85 33
85 33
85 33
85 33
86 33
86 33
86 33
86 33
86 33
86 33
87 33
87 33
87 33
87 33
87 33
87 33
88 33
88 33
88 33
88 33
88 33
88 33
89 33
89 33
89 33
89 33
89 33
89 33
90 33
90 33
90 33
90 33
90 33
90 33
91 33
91 33
91 33
91 33
91 33
91 33
92 33
92 33
92 33
92 33
92 33
92 33
93 33
93 33
93 33
93 33
93 33
93 33
94 33
94 33
94 33
94 33
94 33
94 33
95 33
95 33
95 33
95 33
95 33
95 33
96 33
96 33
96 33
96 33
96 33
96 33
97 33
97 33
97 33
97 33
97 33
97 33
98 33
98 33
98 33
98 33
98 33
98 33
99 33
99 33
99 33
99 33
99 33
99 33
100 33
100 33
100 33
100 33
100 33
100 33
101 33
101 33
101 33
101 33
101 33
101 33
102 33
102 33
102 33
102 33
102 33
102 33
103 33
103 33
103 33
103 33
103 33
103 33
104 33
104 33
104 33
104 33
104 33
104 33
105 33
105 33
105 33
105 33
105 33
105 33
106 33
106 33
106 33
106 33
106 33
106 33
107 33
107 33
107 33
107 33
107 33
107 33
108 51
108 51
108 51
108 51
108 51
108 51
109 51
109 51
109 51
109 51
109 51
109 51
110 51
110 51
110 51
110 51
110 51
110 51
111 51
111 51
111 53
111 53
111 53
111 53
112 53
112 53
112 53
112 53
112 53
112 53
113 53
113 53
113 53
113 53
113 53
113 53
114 53
114 53
114 53
114 53
114 53
114 53
115 53
115 53
115 53
115 53
115 53
115 53
116 53
116 53
116 53
116 53
116 53
116 53
117 53
117 53
117 53
117 53
117 53
117 53
118 53
118 53
118 53
118 53
118 53
118 53
119 53
119 53
119 53
119 53
119 53
119 53
120 53
120 53
120 53
120 53
120 53
120 53
121 53
121 53
121 53
121 53
121 53
121 53
122 53
122 53
122 53
122 53
122 53
122 53
123 53
123 53
123 53
123 53
123 53
123 53
124 53
124 53
124 53
124 53
124 53
124 53
125 53
125 53
125 53
125 53
125 53
125 53
126 53
126 53
126 53
126 53
126 53
126 53
127 53
127 53
127 53
127 53
127 53
127 53
128 53
128 53
128 53
128 53
128 53
128 53
129 53
129 53
129 53
129 53
129 53
129 53
130 53
130 53
130 53
130 53
130 53
130 53
131 53
131 53
131 53
131 53
131 53
131 53
132 53
132 53
132 53
132 53
132 53
132 53
133 53
133 53
133 53
133 53
133 53
133 53
134 53
134 53
134 53
134 53
134 53
134 53
135 53
135 53
135 53
135 53
135 53
135 53
136 53
136 53
136 53
136 53
136 53
136 53
137 53
137 53
137 53
137 53
137 65
137 65
138 65
138 65
138 65
138 65
138 65
138 65
139 65
139 65
139 65
139 65
139 65
139 65
140 65
140 65
140 65
140 65
140 65
140 65
141 65
141 65
141 65
141 65
141 65
141 65
142 65
142 65
142 65
142 65
142 65
142 65
143 65
143 65
143 65
143 65
143 65
143 65
144 65
144 65
144 65
144 65
144 65
144 65
145 65
145 65
145 65
145 65
145 65
145 65
146 65
146 65
146 65
146 65
146 65
146 65
147 65
147 65
147 65
147 65
147 65
147 65
148 65
148 65
148 65
148 65
148 65
148 65
149 65
149 65
149 65
149 65
149 65
149 65
150 65
150 65
150 65
150 65
150 65
150 65
151 65
151 65
151 65
151 65
151 65
151 65
152 65
152 65
152 65
152 65
152 65
152 65
153 65
153 65
153 65
153 65
153 65
153 65
154 65
154 65
154 65
154 65
154 65
154 65
155 65
155 65
155 65
155 65
155 65
155 65
156 65
156 65
156 65
156 65
156 65
156 65
157 65
157 65
157 65
157 65
157 65
157 65
158 65
158 65
158 65
158 65
158 65
158 65
159 65
159 65
159 65
159 65
159 65
159 65
160 65
160 65
160 65
160 65
160 65
160 65
161 65
161 65
161 65
161 65
161 65
161 65
162 65
162 65
162 65
162 65
162 65
162 65
163 65
163 65
163 65
163 65
163 65
163 65
164 65
164 65
164 65
164 65
164 65
164 65
165 65
165 65
165 65
165 65
165 65
165 65
166 65
166 65
166 65
166 65
166 65
166 65
167 65
167 65
167 65
167 65
167 65
167 65
168 65
168 65
168 65
168 65
168 65
168 65
169 65
169 65
169 65
169 65
169 65
169 65
170 65
170 65
170 65
170 65
170 65
170 65
171 65
171 65
171 65
171 65
171 65
171 65
172 65
172 65
172 65
172 65
172 65
172 65
173 65
173 65
173 65
173 65
173 65
173 65
174 65
174 65
174 65
174 65
174 65
174 65
175 65
175 65
175 65
175 65
175 65
175 65
176 65
176 65
176 65
176 65
176 65
176 65
177 65
177 65
177 65
177 65
177 65
177 65
178 81
178 81
178 81
178 81
178 81
178 81
179 81
179 81
179 81
179 81
179 81
179 81
180 81
180 81
180 81
180 81
180 81
180 81
181 81
181 81
181 81
181 81
181 81
181 81
182 81
182 81
182 81
182 81
182 81
182 81
183 81
183 81
183 81
183 81
183 81
183 81
184 81
184 81
184 81
184 81
184 81
184 81
185 81
185 81
185 81
185 81
185 81
185 81
186 81
186 81
186 81
186 81
186 81
186 81
187 81
187 81
187 81
187 81
187 81
187 81
188 81
188 81
188 81
188 81
188 81
188 81
189 81
189 81
189 81
189 81
189 81
189 81
190 81
190 81
190 81
190 81
190 81
190 81
191 81
191 81
191 81
191 81
191 81
191 81
192 81
192 81
192 81
192 81
192 81
192 81
193 81
193 81
193 81
193 81
193 81
193 81
194 81
194 81
194 81
194 81
194 81
194 81
195 81
195 81
195 81
195 81
195 81
195 81
196 81
196 81
196 81
196 81
196 81
196 81
197 81
197 81
197 81
197 81
197 81
197 81
198 81
198 101
198 101
198 101
198 101
198 101
199 101
199 101
199 101
199 101
199 101
199 101
200 101
200 101
200 101
200 101
200 101
200 101
201 101
201 101
201 101
201 101
201 101
201 101
202 101
202 101
202 101
202 101
202 101
202 101
203 101
203 101
203 101
203 101
203 101
203 101
204 101
204 101
204 101
204 101
204 101
204 101
205 101
205 101
205 101
205 101
205 101
205 101
206 101
206 101
206 101
206 101
206 101
206 101
207 101
207 101
207 101
207 101
207 101
207 101
208 101
208 101
208 101
208 101
208 101
208 101
209 101
209 101
209 101
209 101
209 101
209 101
210 101
210 101
210 101
210 101
210 101
210 101
211 101
211 101
211 101
211 101
211 101
211 101
212 101
212 101
212 101
212 101
212 101
212 101
213 101
213 101
213 101
213 101
213 101
213 101
214 101
214 101
214 101
214 101
214 101
214 101
215 101
215 101
215 101
215 101
215 101
215 114
216 114
216 114
216 114
216 114
216 114
216 114
217 114
217 114
217 114
217 114
217 114
217 114
218 114
218 114
218 114
218 114
218 114
218 114
219 114
219 114
219 114
219 114
219 114
219 114
220 114
220 114
220 114
220 114
220 114
220 114
221 114
221 114
221 114
221 114
221 114
221 114
222 114
222 114
222 114
222 114
222 114
222 114
223 114
223 114
223 114
223 114
223 114
223 114
224 114
224 114
224 114
224 114
224 114
224 114
225 114
225 114
225 114
225 114
225 114
225 114
226 114
226 114
226 114
226 114
226 114
226 114
227 114
227 114
227 114
227 114
227 114
227 114
228 114
228 114
228 114
228 114
228 114
228 114
229 114
229 114
229 114
229 114
229 114
229 114
230 114
230 114
230 114
230 114
230 114
230 114
231 114
231 114
231 114
231 114
231 114
231 114
232 114
232 114
232 114
232 114
232 114
232 114
233 114
233 114
233 114
233 114
233 114
233 114
234 114
234 114
234 114
234 114
234 114
234 114
235 114
235 114
235 114
235 114
235 114
235 114
236 114
236 114
236 114
236 114
236 114
236 114
237 114
237 114
237 114
237 114
237 114
237 114
238 114
238 114
238 114
238 114
238 114
238 114
239 114
239 114
239 114
239 114
239 114
240 114
240 114
240 114
240 114
241 114
241 114
241 114
241 114
242 114
242 114
242 114
242 114
243 114
243 114
243 114
243 114
244 114
244 114
244 114
244 114
245 114
245 114
245 114
245 114
246 114
246 114
246 114
246 114
247 114
247 114
247 114
247 114
248 114
248 114
248 114
248 114
249 114
249 114
249 114
249 114
250 114
250 114
250 114
250 114
250 114
251 114
251 114
251 114
251 114
251 114
252 114
252 114
252 114
252 114
252 114
253 114
253 114
253 114
253 114
253 114
254 114
254 114
254 114
254 114
254 114
255 114
255 114
255 114
255 114
255 114
255 114
256 114
256 114
256 114
256 114
256 114
256 114
257 114
257 114
257 114
257 114
257 114
257 114
258 114
258 114
258 114
258 115
258 115
258 115
259 115
259 115
259 115
259 115
259 115
259 115
260 115
260 115
260 115
260 115
260 115
260 115
261 115
261 115
261 115
261 115
261 115
261 115
262 115
262 115
262 115
262 115
262 115
262 115
263 115
263 115
263 115
263 115
263 115
263 116
264 116
264 116
264 116
264 116
264 116
264 116
265 116
265 116
265 116
265 116
265 116
265 116
266 116
266 116
266 116
266 116
266 116
267 116
267 116
267 116
267 116
268 116
268 116
268 116
268 116
269 116
269 116
269 116
269 116
269 116
270 116
270 116
270 116
270 116
270 116
271 116
271 116
271 116
271 116
271 116
272 116
272 116
272 116
272 116
272 116
273 116
273 116
273 116
273 116
273 116
274 116
274 116
274 116
274 116
274 116
275 116
275 116
275 116
275 116
275 116
276 116
276 116
276 116
276 116
276 116
277 116
277 116
277 116
277 116
277 116
278 116
278 116
278 116
278 116
278 116
279 116
279 116
279 116
279 116
279 116
280 116
280 116
280 116
280 116
280 116
281 116
281 116
281 116
281 116
281 116
282 116
282 116
282 116
282 116
282 116
283 116
283 116
283 116
283 116
283 116
284 116
284 116
284 116
284 116
284 116
285 116
285 116
285 116
285 116
285 116
286 116
286 116
286 116
286 116
286 116
287 116
287 116
287 116
287 116
287 116
287 116
288 116
288 116
288 116
288 116
288 116
288 116
289 116
289 116
289 116
289 116
289 116
289 116
290 116
290 116
290 116
290 116
290 116
290 116
291 116
291 116
291 116
291 116
291 116
291 116
292 116
292 116
292 116
292 116
292 116
292 116
293 116
293 116
293 116
293 116
293 116
293 116
294 116
294 116
294 116
294 116
294 116
294 116
295 116
295 116
295 116
295 116
295 116
295 116
296 116
296 116
296 116
296 116
296 116
296 116
297 116
297 116
297 116
297 116
297 116
297 116
298 116
298 116
298 116
298 116
298 116
298 116
299 116
299 116
299 116
299 116
299 116
299 116
300 116
300 116
300 116
300 116
300 116
301 116
301 116
301 116
301 116
301 116
301 116
302 116
302 116
302 116
302 116
302 116
302 116
303 116
303 116
303 116
303 116
303 116
303 116
304 116
304 116
304 116
304 116
304 116
304 116
305 116
305 116
305 116
305 116
305 116
305 116
306 116
306 116
306 116
306 116
306 116
306 116
307 116
307 116
307 116
307 116
307 116
307 116
308 116
308 116
308 116
308 116
308 116
308 116
309 116
309 116
309 116
309 116
309 116
309 116
310 116
310 116
310 116
310 116
310 116
310 116
311 116
311 116
311 116
311 116
311 116
311 116
312 116
312 116
312 116
312 116
312 116
312 116
313 116
313 116
313 138
313 138
313 138
313 138
314 138
314 138
314 138
314 138
314 138
314 138
315 138
315 138
315 138
315 138
315 138
315 138
316 138
316 138
316 138
316 138
316 138
316 138
317 138
317 138
317 138
317 138
317 138
317 138
318 138
318 138
318 138
318 138
318 138
318 138
319 138
319 138
319 138
319 138
319 138
319 138
320 138
320 138
320 138
320 138
320 138
320 138
321 138
321 138
321 138
321 138
321 138
321 138
321 138
321 138
321 138
321 138
321 138
321 138
321 138
321 138
321 138
321 138
321 138
321 138
321 138
321 138
321 138
321 138
321 138
321 138
321 138
321 138
321 138
321 138
321 138
321 138
321 138
321 138
321 138
321 138
321 138
321 138
321 138
321 138
321 138
321 138
321 138
321 138
321 138
321 138
321 138
321 138
321 138
321 138
321 138
321 138
321 138
321 138
321 138
321 138
321 138
321 138
321 138
321 138
321 138
321 138
321 138
321 138
321 138
321 138
321 138
321 138
321 138
321 138
321 138
321 138
321 138
321 138
321 138
321 138
321 138
321 138
321 138
321 138
321 138
321 138
321 138
321 138
321 138
321 138
321 138
321 138
321 138
321 138
321 138
321 138
321 138
321 138
321 138
321 138
321 138
321 138
321 138
321 138
321 138
321 138
321 138
321 138
321 138
321 138
321 138
321 138
321 138
321 138
321 138
321 138
321 138
321 138
321 138
321 138
321 138
321 138
321 138
321 138
321 138
321 138
321 138
322 138
322 138
322 138
322 138
322 138
322 138
323 138
323 138
323 138
323 138
323 138
323 138
324 138
324 138
324 138
324 138
324 138
324 138
325 138
325 138
325 138
325 138
325 138
325 138
326 138
326 138
326 138
326 138
326 138
326 138
327 138
327 138
327 138
327 138
327 138
327 138
328 138
328 138
328 138
328 138
328 138
328 138
329 138
329 138
329 138
329 138
329 138
329 138
330 138
330 138
330 138
330 138
330 138
330 138
331 138
331 138
331 138
331 138
331 138
331 138
332 138
332 138
332 138
332 138
332 138
332 138
333 138
333 138
333 138
333 138
333 138
333 138
334 138
334 138
334 138
334 138
334 138
334 138
335 138
335 138
335 138
335 138
335 138
335 138
336 138
336 138
336 138
336 138
336 138
336 138
337 138
337 138
337 138
337 138
337 138
337 138
338 138
338 138
338 138
338 138
338 138
338 138
339 138
339 138
339 138
339 138
339 138
339 138
340 138
340 138
340 138
340 138
340 138
340 138
341 138
341 138
341 138
341 138
341 138
341 138
342 138
342 138
342 138
342 138
342 138
342 138
343 138
343 138
343 138
343 138
343 138
343 138
344 138
344 138
344 138
344 138
344 138
344 138
345 138
345 138
345 138
345 138
345 138
345 138
346 138
346 138
346 138
346 138
346 138
346 138
347 138
347 138
347 138
347 138
347 138
347 138
348 138
348 138
348 138
348 138
348 138
348 138
349 138
349 138
349 138
349 138
349 138
349 138
350 138
350 138
350 138
350 138
350 138
350 138
351 138
351 138
351 138
351 138
351 138
351 138
352 138
352 138
352 138
352 138
352 138
352 138
353 138
353 138
353 138
353 138
353 138
353 138
354 138
354 138
354 138
354 138
354 138
354 138
355 138
355 138
355 138
355 138
355 138
355 138
356 138
356 138
356 138
356 138
356 138
356 138
357 138
357 138
357 138
357 138
357 138
357 138
358 138
358 138
358 138
358 138
358 138
358 138
359 138
359 138
359 138
359 138
359 138
359 138
360 138
360 138
360 138
360 138
360 138
360 138
361 138
361 138
361 138
361 138
361 138
361 138
362 138
362 138
362 138
362 138
362 138
362 138
363 138
363 138
363 138
363 138
363 138
363 138
364 138
364 138
364 138
364 138
364 138
364 138
365 138
365 138
365 138
365 138
365 138
365 138
366 138
366 138
366 138
366 138
366 138
366 138
367 138
367 138
367 138
367 138
367 138
367 138
368 138
368 138
368 138
368 138
368 138
368 138
369 138
369 138
369 138
369 138
369 138
369 138
370 138
370 138
370 138
370 138
370 138
370 138
371 138
371 138
371 138
371 138
371 138
372 138
372 138
372 138
372 138
372 138
373 138
373 138
373 138
373 138
373 138
374 138
374 138
374 138
374 138
374 138
375 138
375 138
375 138
375 138
375 138
376 138
376 138
376 138
376 138
376 138
377 138
377 138
377 138
377 138
377 138
378 138
378 138
378 138
378 138
378 138
379 138
379 138
379 138
379 138
379 138
380 138
380 138
380 138
380 138
380 138
381 138
381 138
381 138
381 138
381 138
382 138
382 138
382 138
382 138
382 138
383 138
383 138
383 138
383 138
383 138
383 138
384 138
384 138
384 138
384 138
384 138
384 138
385 138
385 138
385 138
385 138
385 138
385 138
386 138
386 138
386 138
386 138
386 138
386 138
387 138
387 138
387 138
387 138
387 138
387 138
388 138
388 138
388 138
388 138
388 138
388 138
389 138
389 138
389 138
389 138
389 138
389 138
390 138
390 138
390 138
390 138
390 138
390 138
391 138
391 138
391 138
391 138
391 138
391 138
392 138
392 138
392 138
392 138
392 138
392 138
393 138
393 138
393 138
393 138
393 138
393 138
394 138
394 138
394 138
394 138
394 138
394 138
395 138
395 138
395 138
395 138
395 138
395 138
396 138
396 138
396 138
396 138
396 138
396 138
397 138
397 138
397 138
397 138
397 138
397 138
398 138
398 138
398 138
398 138
398 138
398 138
399 138
399 138
399 138
399 138
399 138
399 138
400 138
400 138
400 138
400 138
400 138
400 138
401 138
401 138
401 138
401 138
401 138
401 138
402 138
402 138
402 138
402 138
402 138
402 138
403 138
403 138
403 138
403 138
403 138
403 138
404 138
404 138
404 138
404 138
404 138
404 138
405 138
405 138
405 138
405 138
405 138
405 138
406 138
406 138
406 138
406 138
406 138
406 138
407 138
407 138
407 138
407 138
407 138
408 138
408 138
408 138
408 138
408 138
409 138
409 138
409 138
409 138
409 138
410 138
410 138
410 138
410 138
410 138
411 138
411 138
411 138
411 138
411 138
411 138
412 138
412 138
412 138
412 138
412 138
412 138
413 138
413 138
413 138
413 138
413 138
413 138
414 138
414 138
414 138
414 138
414 138
414 138
415 138
415 138
415 138
415 138
415 138
415 138
416 138
416 138
416 138
416 138
416 138
416 138
417 138
417 138
417 138
417 138
417 138
417 138
418 138
418 138
418 138
418 138
418 138
418 138
419 138
419 138
419 138
419 138
419 138
419 138
420 138
420 138
420 138
420 138
420 138
420 138
421 138
421 138
421 138
421 138
421 138
421 138
422 138
422 138
422 138
422 138
422 138
422 138
423 138
423 138
423 138
423 138
423 138
423 138
424 138
424 138
424 138
424 138
424 138
424 138
425 138
425 138
425 138
425 138
425 138
425 138
426 138
426 138
426 138
426 138
426 138
426 138
427 138
427 138
427 138
427 138
427 138
427 138
428 138
428 138
428 138
428 138
428 138
428 138
429 138
429 138
429 138
429 138
429 138
429 138
430 138
430 138
430 138
430 138
430 138
430 138
431 138
431 138
431 138
431 138
431 138
431 138
432 138
432 138
432 138
432 138
432 138
432 138
433 138
433 138
433 138
433 138
433 138
433 138
434 138
434 138
434 138
434 138
434 138
434 138
435 138
435 138
435 138
435 138
435 138
435 138
436 138
436 138
436 138
436 138
436 138
436 138
437 138
437 138
437 138
437 138
437 138
437 138
438 138
438 138
438 138
438 138
438 138
438 138
439 138
439 138
439 138
439 138
439 138
440 138
440 138
440 138
440 138
440 138
441 138
441 138
441 138
441 138
441 138
442 138
442 138
442 138
442 138
442 138
443 138
443 138
443 138
443 138
443 138
444 138
444 138
444 138
444 138
444 138
445 138
445 138
445 138
445 138
445 138
446 138
446 138
446 138
446 138
447 138
447 138
447 138
447 138
448 138
448 138
448 138
448 138
449 138
449 138
449 138
449 138
450 138
450 138
450 138
450 138
451 138
451 138
451 138
451 138
451 138
452 138
452 138
452 138
452 138
452 138
453 138
453 138
453 138
453 138
453 138
454 138
454 138
454 138
454 138
454 138
455 138
455 138
455 138
455 138
455 138
456 138
456 138
456 138
456 138
456 138
457 138
457 138
457 138
457 138
457 138
458 138
458 138
458 138
458 138
458 138
459 138
459 138
459 138
459 138
459 138
460 138
460 138
460 138
460 138
460 138
461 138
461 138
461 138
461 138
461 138
462 138
462 138
462 138
462 138
462 138
463 138
463 138
463 138
463 138
463 138
464 138
464 138
464 138
464 138
464 138
465 138
465 138
465 138
465 138
465 138
466 138
466 138
466 138
466 138
466 138
467 138
467 138
467 138
467 138
467 138
468 138
468 138
468 138
468 138
468 138
469 138
469 138
469 138
469 138
469 138
470 138
470 138
470 138
470 138
470 138
471 138
471 138
471 138
471 138
471 138
472 138
472 138
472 138
472 138
472 138
473 138
473 138
473 138
473 138
473 138
474 138
474 138
474 138
474 138
474 138
475 138
475 138
475 138
475 138
475 138
476 138
476 138
476 138
476 138
476 138
477 138
477 138
477 138
477 138
477 138
478 138
478 138
478 138
478 138
478 138
479 138
479 138
479 138
479 138
479 138
480 138
480 138
480 138
480 138
480 138
481 138
481 138
481 138
481 138
481 138
482 138
482 138
482 138
482 138
482 138
483 138
483 138
483 138
483 138
483 138
484 138
484 138
484 138
484 138
484 138
485 138
485 138
485 138
485 138
485 138
486 138
486 138
486 138
486 138
486 138
487 138
487 138
487 138
487 138
487 138
488 138
488 138
488 138
488 138
488 138
489 138
489 138
489 138
489 138
489 138
490 138
490 138
490 138
490 138
490 138
491 138
491 138
491 138
491 138
491 138
492 138
492 138
492 138
492 138
492 138
493 138
493 138
493 138
493 138
493 138
494 138
494 138
494 138
494 138
494 138
495 138
495 138
495 138
495 138
495 138
496 138
496 138
496 138
496 138
496 138
497 138
497 138
497 138
497 138
497 138
498 138
498 138
498 138
498 138
498 138
499 138
499 138
499 138
499 138
499 138
500 138
500 138
500 138
500 138
500 138
501 138
501 138
501 138
501 138
501 138
502 138
502 138
502 138
502 138
502 138
503 138
503 138
503 138
503 138
503 138
504 138
504 138
504 138
504 138
504 138
505 138
505 138
505 138
505 138
505 138
506 138
506 138
506 138
506 138
506 138
507 138
507 138
507 138
507 138
507 138
508 138
508 138
508 138
508 138
508 138
509 138
509 138
509 138
509 138
509 138
510 138
510 138
510 138
510 138
510 138
511 138
511 138
511 138
511 138
511 138
512 139
512 139
512 139
512 139
512 139
513 139
513 139
513 139
513 139
513 139
514 139
514 139
514 139
514 139
514 139
515 139
515 139
515 139
515 139
515 139
516 139
516 139
516 139
516 139
516 139
517 139
517 139
517 139
517 139
517 139
518 139
518 139
518 139
518 139
518 139
519 139
519 139
519 139
519 139
519 139
520 139
520 139
520 139
520 139
520 139
521 139
521 139
521 139
521 139
521 139
522 139
522 139
522 139
522 139
522 139
523 139
523 139
523 139
523 139
523 139
524 139
524 139
524 139
524 139
524 139
525 139
525 139
525 139
525 139
525 139
526 139
526 139
526 139
526 139
526 139
527 139
527 139
527 139
527 139
527 139
528 139
528 139
528 139
528 139
528 139
529 139
529 139
529 139
529 139
529 139
530 139
530 139
530 139
530 139
530 139
531 139
531 139
531 139
531 139
531 139
532 139
532 139
532 139
532 139
532 139
533 139
533 139
533 139
533 139
533 139
534 139
534 139
534 139
534 139
534 139
535 139
535 139
535 139
535 139
535 139
536 139
536 139
536 139
536 139
536 139
537 139
537 139
537 139
537 139
537 139
538 139
538 139
538 139
538 139
538 139
539 139
539 139
539 139
539 139
539 139
540 139
540 139
540 139
540 139
540 139
541 139
541 139
541 139
541 139
541 139
542 139
542 139
542 139
542 139
542 139
543 139
543 139
543 139
543 139
543 139
544 139
544 139
544 139
544 139
544 139
545 139
545 139
545 139
545 139
545 139
546 139
546 139
546 139
546 139
546 139
547 139
547 139
547 139
547 139
547 139
548 139
548 139
548 139
548 139
548 139
549 139
549 139
549 139
549 139
549 139
550 139
550 139
550 139
550 139
550 139
551 139
551 139
551 139
551 139
551 139
552 139
552 139
552 139
552 139
552 139
553 139
553 139
553 139
553 139
553 139
554 139
554 139
554 139
554 139
554 139
555 139
555 139
555 139
555 139
555 139
556 139
556 139
556 139
556 139
556 139
557 139
557 139
557 139
557 139
557 139
558 139
558 139
558 139
558 139
558 139
559 139
559 139
559 139
559 139
559 139
560 139
560 139
560 139
560 139
560 139
561 139
561 139
561 139
561 139
561 139
562 139
562 139
562 139
562 139
562 139
563 139
563 139
563 139
563 139
563 139
564 139
564 139
564 139
564 139
564 139
565 139
565 139
565 139
565 139
565 139
566 139
566 139
566 139
566 139
566 139
567 139
567 139
567 139
567 139
567 139
568 139
568 139
568 139
568 139
568 139
569 139
569 139
569 139
569 139
569 139
570 139
570 139
570 139
570 139
570 139
571 139
571 139
571 139
571 139
571 139
572 139
572 139
572 139
572 139
572 139
573 139
573 139
573 139
573 139
573 139
574 139
574 139
574 139
574 139
574 139
575 139
575 139
575 139
575 139
575 139
576 139
576 139
576 139
576 139
576 139
577 139
577 139
577 139
577 139
577 139
578 139
578 139
578 139
578 139
578 139
579 139
579 139
579 139
579 139
579 139
580 139
580 139
580 139
580 139
580 139
581 139
581 139
581 139
581 139
581 139
582 139
582 139
582 139
582 139
582 139
583 139
583 139
583 139
583 139
583 139
584 139
584 139
584 139
584 139
584 139
585 139
585 139
585 139
585 139
585 139
586 139
586 139
586 139
586 139
586 139
587 139
587 139
587 139
587 139
587 139
588 139
588 139
588 139
588 139
588 139
589 139
589 139
589 139
589 139
589 139
590 139
590 139
590 139
590 139
590 139
591 139
591 139
591 139
591 139
592 139
592 139
592 139
592 139
592 139
593 139
593 139
593 139
593 139
593 139
594 139
594 139
594 139
594 139
594 139
595 139
595 139
595 139
595 139
595 139
596 139
596 139
596 139
596 139
596 139
597 139
597 139
597 139
597 139
597 139
598 139
598 139
598 139
598 139
598 139
599 139
599 139
599 139
599 139
599 139
600 139
600 139
600 139
600 139
600 139
601 139
601 139
601 139
601 139
601 139
602 139
602 139
602 139
602 139
602 139
603 139
603 139
603 139
603 139
603 139
604 139
604 139
604 139
604 139
604 139
605 139
605 139
605 139
605 139
605 139
606 139
606 139
606 139
606 139
606 139
607 139
607 139
607 139
607 139
607 139
608 139
608 139
608 139
608 139
608 139
609 139
609 139
609 139
609 139
609 139
610 139
610 139
610 139
610 139
610 139
611 139
611 139
611 139
611 139
611 139
612 139
612 139
612 139
612 139
612 139
613 139
613 139
613 139
613 139
613 139
614 139
614 139
614 139
614 139
614 139
615 139
615 139
615 139
615 139
615 139
616 139
616 139
616 139
616 139
616 139
617 139
617 139
617 139
617 139
617 139
618 139
618 139
618 139
618 139
618 139
619 139
619 139
619 139
619 139
619 139
620 139
620 139
620 139
620 139
620 139
621 139
621 139
621 139
621 139
621 139
622 139
622 139
622 139
622 139
622 139
623 139
623 139
623 139
623 139
623 139
624 139
624 139
624 139
624 139
624 139
625 139
625 139
625 139
625 139
625 139
626 139
626 139
626 139
626 139
626 139
627 139
627 139
627 139
627 139
627 139
628 139
628 139
628 139
628 139
628 139
629 139
629 139
629 139
629 139
629 139
630 139
630 139
630 139
630 139
630 139
631 139
631 139
631 139
631 139
631 139
632 139
632 139
632 139
632 139
632 139
633 139
633 139
633 139
633 139
633 139
634 139
634 139
634 139
634 139
634 139
635 139
635 139
635 139
635 139
635 139
636 139
636 139
636 139
636 139
636 139
637 139
637 139
637 139
637 139
637 139
638 139
638 139
638 139
638 139
638 139
639 139
639 139
639 139
639 139
639 139
640 139
640 139
640 139
640 139
640 139
641 139
641 139
641 139
641 139
641 139
642 139
642 139
642 139
642 139
642 139
643 139
643 139
643 139
643 139
643 139
644 139
644 139
644 139
644 139
644 139
645 139
645 139
645 139
645 139
645 139
646 139
646 139
646 139
646 139
646 139
647 139
647 139
647 139
647 139
647 139
648 139
648 139
648 139
648 139
648 139
649 139
649 139
649 139
649 139
649 139
650 139
650 139
650 139
650 139
650 139
651 139
651 139
651 139
651 139
651 139
652 139
652 139
652 139
652 139
652 139
653 139
653 139
653 139
653 139
653 139
654 139
654 139
654 139
654 139
654 139
655 139
655 139
655 139
655 139
655 139
656 139
656 139
656 139
656 139
656 139
657 139
657 139
657 139
657 139
657 139
658 139
658 139
658 139
658 139
658 139
659 139
659 139
659 139
659 139
659 139
660 139
660 139
660 139
660 139
660 139
661 139
661 139
661 139
661 139
661 139
662 139
662 139
662 139
662 139
662 139
663 139
663 139
663 139
663 139
663 139
664 139
664 139
664 139
664 139
664 139
665 139
665 139
665 139
665 139
665 139
666 139
666 139
666 139
666 139
666 139
667 139
667 139
667 139
667 139
667 139
668 139
668 139
668 139
668 139
668 139
669 139
669 139
669 139
669 139
669 139
670 139
670 139
670 139
670 139
670 139
671 139
671 139
671 139
671 139
671 139
672 139
672 139
672 139
672 139
672 139
673 139
673 139
673 139
673 139
673 139
674 139
674 139
674 139
674 139
674 139
675 139
675 139
675 139
675 139
675 139
676 139
676 139
676 139
676 139
676 139
677 139
677 139
677 139
677 139
677 139
678 139
678 139
678 139
678 139
678 139
679 139
679 139
679 139
679 139
679 139
680 139
680 139
680 139
680 139
680 139
681 139
681 139
681 139
681 139
681 139
682 139
682 139
682 139
682 139
682 139
683 139
683 139
683 139
683 139
683 139
684 139
684 139
684 139
684 139
684 139
685 139
685 139
685 139
685 139
685 139
686 139
686 139
686 139
686 139
686 139
687 139
687 139
687 139
687 139
687 139
688 139
688 139
688 139
688 139
688 139
689 139
689 139
689 139
689 139
689 139
690 139
690 139
690 139
690 139
690 139
691 139
691 139
691 139
691 139
691 139
692 139
692 139
692 139
692 139
692 139
693 139
693 139
693 139
693 139
693 139
694 139
694 139
694 139
694 139
694 139
695 139
695 139
695 139
695 139
695 139
696 139
696 139
696 139
696 139
696 139
697 139
697 139
697 139
697 139
697 139
698 139
698 139
698 139
698 139
698 139
699 139
699 139
699 139
699 139
699 139
700 139
700 139
700 139
700 139
700 139
701 139
701 139
701 139
701 139
701 139
702 139
702 139
702 139
702 139
702 139
703 139
703 139
703 139
703 139
703 139
704 139
704 139
704 139
704 139
704 139
705 139
705 139
705 139
705 139
705 139
705 139
706 139
706 139
706 139
706 139
706 139
706 139
707 139
707 139
707 139
707 139
707 139
707 139
708 139
708 139
708 139
708 139
708 139
708 139
709 139
709 139
709 139
709 139
709 139
709 139
710 139
710 139
710 139
710 139
710 139
710 139
711 139
711 139
711 139
711 139
711 139
711 139
712 139
712 139
712 139
712 139
712 139
712 139
713 139
713 139
713 139
713 139
713 139
713 139
714 139
714 139
714 139
714 139
714 139
714 139
715 139
715 139
715 139
715 139
715 139
715 139
716 139
716 139
716 139
716 139
716 139
716 139
717 139
717 139
717 139
717 139
717 139
717 139
718 139
718 139
718 139
718 139
718 139
718 139
719 139
719 139
719 139
719 139
719 139
719 139
720 139
720 139
720 139
720 139
720 139
720 139
721 139
721 139
721 139
721 139
721 139
721 139
722 139
722 139
722 139
722 139
722 139
722 139
723 139
723 139
723 139
723 139
723 139
723 139
724 139
724 139
724 139
724 139
724 139
724 139
725 139
725 139
725 139
725 139
725 139
725 139
726 139
726 139
726 139
726 139
726 139
726 139
727 139
727 139
727 139
727 139
727 139
727 139
728 139
728 139
728 139
728 139
728 139
728 139
729 139
729 139
729 139
729 139
729 139
729 139
730 139
730 139
730 139
730 139
730 139
730 139
731 139
731 139
731 139
731 139
731 139
731 139
732 139
732 139
732 139
732 139
732 139
732 139
733 139
733 139
733 139
733 139
733 139
733 139
734 139
734 139
734 139
734 139
734 139
734 139
735 139
735 139
735 139
735 139
735 139
735 139
736 139
736 139
736 139
736 139
736 139
736 139
737 139
737 139
737 139
737 139
737 139
737 139
738 139
738 139
738 139
738 139
738 139
738 139
739 139
739 139
739 139
739 139
739 139
739 139
740 139
740 139
740 139
740 139
740 139
740 139
741 139
741 139
741 139
741 139
741 139
741 139
742 139
742 139
742 139
742 139
742 139
742 139
743 139
743 139
743 139
743 139
743 139
743 139
744 139
744 139
744 139
744 139
744 139
744 139
745 139
745 139
745 139
745 139
745 139
745 139
746 139
746 139
746 139
746 139
746 139
746 139
747 139
747 139
747 139
747 139
747 139
747 139
748 139
748 139
748 139
748 139
748 139
748 139
749 139
749 139
749 139
749 139
749 139
749 139
750 139
750 139
750 139
750 139
750 139
750 139
751 139
751 139
751 139
751 139
751 139
751 139
752 139
752 139
752 139
752 139
752 139
752 139
753 139
753 139
753 139
753 139
753 139
753 139
754 139
754 139
754 139
754 139
754 139
754 139
755 139
755 139
755 139
755 139
755 139
755 139
756 139
756 139
756 139
756 139
756 139
756 139
757 139
757 139
757 139
757 139
757 139
757 139
758 139
758 139
758 139
758 139
758 139
758 139
759 139
759 139
759 139
759 139
759 139
759 139
760 139
760 139
760 139
760 139
760 139
760 139
761 139
761 139
761 139
761 139
761 139
761 139
762 139
762 139
762 139
762 139
762 139
762 139
763 139
763 139
763 139
763 139
763 139
763 139
764 139
764 139
764 139
764 139
764 139
764 139
765 139
765 139
765 139
765 139
765 139
765 139
766 139
766 139
766 139
766 139
766 139
766 139
767 139
767 139
767 139
767 139
767 139
767 139
768 139
768 139
768 139
768 139
768 139
768 139
769 139
769 139
769 139
769 139
769 139
769 139
770 139
770 139
770 139
770 139
770 139
770 139
771 139
771 139
771 139
771 139
771 139
771 139
772 139
772 139
772 139
772 139
772 139
772 139
773 139
773 139
773 139
773 139
773 139
773 139
774 139
774 139
774 139
774 139
774 139
774 139
775 139
775 139
775 139
775 139
775 139
775 139
776 139
776 139
776 139
776 139
776 139
776 139
777 139
777 139
777 139
777 139
777 139
777 139
778 139
778 139
778 139
778 139
778 139
778 139
779 139
779 139
779 139
779 139
779 139
779 139
780 139
780 139
780 139
780 139
780 139
780 139
781 139
781 139
781 139
781 139
781 139
781 139
782 139
782 139
782 139
782 139
782 139
782 139
783 139
783 139
783 139
783 139
783 139
783 139
784 139
784 139
784 139
784 139
784 139
784 139
785 139
785 139
785 139
785 139
785 139
785 139
786 139
786 139
786 139
786 139
786 139
786 139
787 139
787 139
787 139
787 139
787 139
787 139
788 139
788 139
788 139
788 139
788 139
788 139
789 139
789 139
789 139
789 139
789 139
789 139
790 139
790 139
790 139
790 139
790 139
790 139
791 139
791 139
791 139
791 139
791 139
791 139
792 139
792 139
792 139
792 139
792 139
792 139
793 139
793 139
793 139
793 139
793 139
793 139
794 139
794 139
794 139
794 139
794 139
794 139
795 139
795 139
795 139
795 139
795 139
795 139
796 139
796 139
796 139
796 139
796 139
796 139
797 139
797 139
797 139
797 139
797 139
797 139
798 139
798 139
798 139
798 139
798 139
798 139
798 139
798 139
798 139
798 139
798 139
798 139
798 139
798 139
798 139
798 139
798 139
798 139
798 139
798 139
798 139
798 139
798 139
798 139
798 139
798 139
798 139
798 139
798 139
798 139
798 139
798 139
798 139
798 139
798 139
798 139
798 139
798 139
798 139
798 139
798 139
798 139
798 139
798 139
798 139
798 139
798 139
798 139
798 139
798 139
798 139
798 139
798 139
798 139
798 139
798 139
798 139
798 139
798 139
798 139
798 139
798 139
798 139
798 139
798 139
798 139
798 139
798 139
798 139
798 139
798 139
798 139
798 139
798 139
798 139
798 139
798 139
798 139
798 139
798 139
798 139
798 139
798 139
798 139
798 139
798 139
798 139
798 139
798 139
798 139
798 139
798 139
798 139
798 139
798 139
798 139
798 139
798 139
798 139
798 139
798 139
798 139
798 139
798 139
798 139
798 139
798 139
798 139
798 139
798 139
798 139
798 139
798 139
798 139
798 139
798 139
798 139
798 139
798 139
798 139
798 139
798 139
798 139
798 139
798 139
798 139
798 139
798 139
798 139
798 139
798 139
798 139
798 139
798 139
798 139
798 139
798 139
798 139
798 139
798 139
798 139
798 139
798 139
798 139
798 139
798 139
798 139
798 139
798 139
798 139
798 139
798 139
798 139
798 139
798 139
798 139
798 139
798 139
798 139
798 139
798 139
798 139
798 139
798 139
798 139
798 139
798 139
798 139
798 139
798 139
798 139
798 139
798 139
798 139
798 139
798 139
798 139
798 139
798 139
798 139
798 139
798 139
798 139
798 139
798 139
798 139
798 139
798 139
798 139
798 139
798 139
798 139
798 139
798 139
798 139
798 139
798 139
798 139
798 139
798 139
798 139
798 139
798 139
798 139
798 139
798 139
798 139
798 139
798 139
798 139
798 139
798 139
798 139
798 139
798 139
798 139
798 139
798 139
798 139
798 139
798 139
798 139
798 139
798 139
798 139
798 139
798 139
798 139
798 139
798 139
798 139
798 139
798 139
798 139
798 139
798 139
798 139
798 139
798 139
798 139
798 139
798 139
798 139
798 139
798 139
798 139
798 139
798 139
798 139
798 139
798 139
798 139
798 139
798 139
798 139
798 139
798 139
798 139
798 139
798 139
798 139
798 139
798 139
798 139
798 139
798 139
798 139
798 139
798 139
798 139
798 139
798 139
798 139
798 139
798 139
798 139
798 139
798 139
798 139
798 139
798 139
798 139
798 139
798 139
798 139
798 139
798 139
798 139
798 139
798 139
798 139
798 139
798 139
798 139
798 139
798 139
798 139
798 139
798 139
798 139
798 139
798 139
798 139
798 139
798 139
798 139
798 139
798 139
798 139
798 139
798 139
798 139
798 139
798 139
798 139
798 139
798 139
798 139
798 139
798 139
798 139
798 139
798 139
798 139
798 139
798 139
798 139
798 139
798 139
798 139
798 139
798 139
798 139
798 139
798 139
798 139
798 139
798 139
798 139
798 139
798 139
798 139
798 139
798 139
798 139
798 139
798 139
798 139
798 139
798 139
798 139
798 139
798 139
798 139
798 139
798 139
798 139
798 139
798 139
798 139
798 139
798 139
798 139
798 139
798 139
798 139
798 139
798 139
798 139
798 139
798 139
798 139
798 139
798 139
798 139
798 139
798 139
798 139
798 139
798 139
798 139
798 139
798 139
798 139
798 139
798 139
798 139
798 139
798 139
798 139
798 139
798 139
798 139
798 139
798 139
798 139
798 139
798 139
798 139
798 139
798 139
798 139
798 139
798 139
798 139
798 139
798 139
798 139
798 139
798 139
798 139
798 139
798 139
798 139
798 139
798 139
798 139
798 139
798 139
798 139
798 139
798 139
798 139
798 139
798 139
798 139
798 139
798 139
798 139
798 139
798 139
798 139
798 139
798 139
798 139
798 139
798 139
798 139
798 139
798 139
798 139
798 139
798 139
798 139
798 139
799 139
799 139
799 139
799 139
799 139
799 139
800 139
800 139
800 139
800 139
800 139
800 139
801 139
801 139
801 139
801 139
801 139
801 139
802 139
802 139
802 139
802 139
802 139
802 139
803 139
803 139
803 139
803 139
803 139
803 139
804 139
804 139
804 139
804 139
804 139
804 139
805 139
805 139
805 139
805 139
805 139
805 139
806 139
806 139
806 139
806 139
806 139
806 139
807 139
807 139
807 139
807 139
807 139
807 139
808 139
808 139
808 139
808 139
808 139
808 139
809 139
809 139
809 139
809 139
809 139
809 139
810 139
810 139
810 139
810 139
810 139
810 139
811 139
811 139
811 139
811 139
811 139
811 139
812 139
812 139
812 139
812 139
812 139
812 139
813 139
813 139
813 139
813 139
813 139
813 139
814 139
814 139
814 139
814 139
814 139
814 139
815 139
815 139
815 139
815 139
815 139
815 139
816 139
816 139
816 139
816 139
816 139
817 139
817 139
817 139
817 139
817 139
818 139
818 139
818 139
818 139
818 139
819 139
819 139
819 139
819 139
819 139
819 139
820 139
820 139
820 139
820 139
820 139
820 139
821 139
821 139
821 139
821 139
821 139
821 139
822 139
822 139
822 139
822 139
822 139
822 139
823 139
823 139
823 139
823 139
823 139
823 139
824 139
824 139
824 139
824 139
824 139
824 139
825 139
825 139
825 139
825 139
825 139
825 139
826 139
826 139
826 139
826 139
826 139
826 139
827 139
827 139
827 139
827 139
827 139
827 139
828 139
828 139
828 139
828 139
828 139
828 139
829 139
829 139
829 139
829 139
829 139
829 139
830 139
830 139
830 139
830 139
830 139
830 139
831 139
831 139
831 139
831 139
831 139
831 139
832 139
832 139
832 139
832 139
832 139
832 139
833 139
833 139
833 139
833 139
833 139
833 139
834 139
834 139
834 139
834 139
834 139
834 139
835 139
835 139
835 139
835 139
835 139
835 139
836 139
836 139
836 139
836 139
836 139
836 139
837 139
837 139
837 139
837 139
837 139
837 139
838 139
838 139
838 139
838 139
838 139
838 139
839 139
839 139
839 139
839 139
839 139
840 139
840 139
840 139
840 139
840 139
840 139
841 139
841 139
841 139
841 139
841 139
841 139
842 139
842 139
842 139
842 139
842 139
842 139
843 139
843 139
843 139
843 139
843 139
843 139
844 139
844 139
844 139
844 139
844 139
844 139
845 139
845 139
845 139
845 139
845 139
845 139
846 139
846 139
846 139
846 139
846 139
846 139
847 139
847 139
847 139
847 139
847 139
847 139
848 139
848 139
848 139
848 139
848 139
848 139
849 139
849 139
849 139
849 139
849 139
849 139
850 139
850 139
850 139
850 139
850 139
850 139
851 139
851 139
851 139
851 139
851 139
851 139
852 139
852 139
852 139
852 139
852 139
852 139
853 139
853 139
853 139
853 139
853 139
853 139
854 139
854 139
854 139
854 139
854 139
854 139
855 139
855 139
855 139
855 139
855 139
855 139
856 139
856 139
856 139
856 139
856 139
856 139
857 139
857 139
857 139
857 139
857 139
857 139
858 139
858 139
858 139
858 139
858 139
858 139
859 139
859 139
859 139
859 139
859 139
859 139
860 139
860 139
860 139
860 139
860 139
860 139
861 139
861 139
861 139
861 139
861 139
861 139
862 139
862 139
862 139
862 139
862 139
862 139
863 139
863 139
863 139
863 139
863 139
863 139
864 139
864 139
864 139
864 139
864 139
864 139
865 139
865 139
865 139
865 139
865 139
865 139
866 139
866 139
866 139
866 139
866 139
866 139
867 139
867 139
867 139
867 139
867 139
867 139
868 139
868 139
868 139
868 139
868 139
868 139
869 139
869 139
869 139
869 139
869 139
869 139
870 139
870 139
870 139
870 139
870 139
870 139
871 139
871 139
871 139
871 139
871 139
871 139
872 139
872 139
872 139
872 139
872 139
872 139
873 139
873 139
873 139
873 139
873 139
873 139
874 139
874 139
874 139
874 139
874 139
874 139
875 139
875 139
875 139
875 139
875 139
875 139
876 139
876 139
876 139
876 139
876 139
876 139
877 139
877 139
877 139
877 139
877 139
877 139
878 139
878 139
878 139
878 139
878 139
878 139
879 139
879 139
879 139
879 139
879 139
879 139
880 139
880 139
880 139
880 139
880 139
880 139
881 139
881 139
881 139
881 139
881 139
881 139
882 139
882 139
882 139
882 139
882 139
882 139
883 139
883 139
883 139
883 139
883 139
883 139
884 139
884 139
884 139
884 139
884 139
884 139
885 139
885 139
885 139
885 139
885 139
885 139
886 139
886 139
886 139
886 139
886 139
886 139
887 139
887 139
887 139
887 139
887 139
887 139
888 139
888 139
888 139
888 139
888 139
888 139
889 139
889 139
889 139
889 139
889 139
889 139
890 139
890 139
890 139
890 139
890 139
890 139
891 139
891 139
891 139
891 139
891 139
891 139
892 139
892 139
892 139
892 139
892 139
892 139
893 139
893 139
893 139
893 139
893 139
893 139
894 139
894 139
894 139
894 139
894 139
894 139
895 139
895 139
895 139
895 139
895 139
895 139
896 139
896 139
896 139
896 139
896 139
897 139
897 139
897 139
897 139
897 139
897 139
898 139
898 139
898 139
898 139
898 139
898 139
899 139
899 139
899 139
899 139
899 139
899 139
900 139
900 139
900 139
900 139
900 139
900 139
901 139
901 139
901 139
901 139
901 139
901 139
902 139
902 139
902 139
902 139
902 139
902 139
903 139
903 139
903 139
903 139
903 139
903 139
904 139
904 139
904 139
904 139
904 139
904 139
905 139
905 139
905 139
905 139
905 139
905 139
906 139
906 139
906 139
906 139
906 139
906 139
907 139
907 139
907 139
907 139
907 139
907 139
908 139
908 139
908 139
908 139
908 139
908 139
909 139
909 139
909 139
909 139
909 139
909 139
910 139
910 139
910 139
910 139
910 139
910 139
911 139
911 139
911 139
911 139
911 139
911 139
912 139
912 139
912 139
912 139
912 139
912 139
913 139
913 139
913 139
913 139
913 139
913 139
914 139
914 139
914 139
914 139
914 139
914 139
915 139
915 139
915 139
915 139
915 139
915 139
916 139
916 139
916 139
916 139
916 139
916 139
917 139
917 139
917 139
917 139
917 139
917 139
918 139
918 139
918 139
918 139
918 139
918 139
919 139
919 139
919 139
919 139
919 139
919 139
920 139
920 139
920 139
920 139
920 139
920 139
921 139
921 139
921 139
921 139
921 139
921 139
922 139
922 139
922 139
922 139
922 139
922 139
923 139
923 139
923 139
923 139
923 139
923 139
924 139
924 139
924 139
924 139
924 139
924 139
925 139
925 139
925 139
925 139
925 139
925 139
926 139
926 139
926 139
926 139
926 139
926 139
927 139
927 139
927 139
927 139
927 139
927 139
928 139
928 139
928 139
928 139
928 139
928 139
929 139
929 139
929 139
929 139
929 139
929 139
930 139
930 139
930 139
930 139
930 139
930 139
931 139
931 139
931 139
931 139
931 139
931 139
932 139
932 139
932 139
932 139
932 139
932 139
933 139
933 139
933 139
933 139
933 139
934 139
934 139
934 139
934 139
934 139
934 139
935 139
935 139
935 139
935 139
935 139
935 139
936 139
936 139
936 139
936 139
936 139
936 139
937 139
937 139
937 139
937 139
937 139
937 139
938 139
938 139
938 139
938 139
938 139
938 139
939 139
939 139
939 139
939 139
939 139
939 139
940 139
940 139
940 139
940 139
940 139
940 139
941 139
941 139
941 139
941 139
941 139
941 139
942 139
942 139
942 139
942 139
942 139
942 139
943 139
943 139
943 139
943 139
943 139
943 139
944 139
944 139
944 139
944 139
944 139
944 139
945 139
945 139
945 139
945 139
945 139
945 139
946 139
946 139
946 139
946 139
946 139
946 139
947 139
947 139
947 139
947 139
947 139
947 139
948 139
948 139
948 139
948 139
948 139
948 139
949 139
949 139
949 139
949 139
949 139
949 139
950 139
950 139
950 139
950 139
950 139
950 139
951 139
951 139
951 139
951 139
951 139
951 139
952 139
952 139
952 139
952 139
952 139
952 139
953 139
953 139
953 139
953 139
953 139
953 139
954 139
954 139
954 139
954 139
954 139
954 139
955 139
955 139
955 139
955 139
955 139
955 139
956 139
956 139
956 139
956 139
956 139
956 139
957 139
957 139
957 139
957 139
957 139
957 139
958 139
958 139
958 139
958 139
958 139
958 139
959 139
959 139
959 139
959 139
959 139
959 139
960 139
960 139
960 139
960 139
960 139
960 139
961 139
961 139
961 139
961 139
961 139
961 139
962 139
962 139
962 139
962 139
962 139
962 139
963 139
963 139
963 139
963 139
963 139
963 139
964 139
964 139
964 139
964 139
964 139
964 139
965 139
965 139
965 139
965 139
965 139
965 139
966 139
966 139
966 139
966 139
966 139
966 139
967 139
967 139
967 139
967 139
967 139
967 139
968 139
968 139
968 139
968 139
968 139
968 139
969 139
969 139
969 139
969 139
969 139
969 139
970 139
970 139
970 139
970 139
970 139
970 139
971 139
971 139
971 139
971 139
971 139
971 139
972 139
972 139
972 139
972 139
972 139
972 139
973 139
973 139
973 139
973 139
973 139
973 139
974 139
974 139
974 139
974 139
974 139
974 139
975 139
975 139
975 139
975 139
975 139
975 139
976 139
976 139
976 139
976 139
976 139
976 139
977 139
977 139
977 139
977 139
977 139
977 139
978 139
978 139
978 139
978 139
978 139
978 139
979 139
979 139
979 139
979 139
979 139
979 139
980 139
980 139
980 139
980 139
980 139
980 139
981 139
981 139
981 139
981 139
981 139
981 139
982 139
982 139
982 139
982 139
982 139
982 139
983 139
983 139
983 139
983 139
983 139
983 139
984 139
984 139
984 139
984 139
984 139
984 139
985 139
985 139
985 139
985 139
985 139
985 139
986 139
986 139
986 139
986 139
986 139
986 139
987 139
987 139
987 139
987 139
987 139
987 139
988 139
988 139
988 139
988 139
988 139
988 139
989 139
989 139
989 139
989 139
989 139
989 139
990 139
990 139
990 139
990 139
990 139
990 139
991 139
991 139
991 139
991 139
991 139
991 139
992 139
992 139
992 139
992 139
992 139
992 139
993 139
993 139
993 139
993 139
993 139
993 139
994 139
994 139
994 139
994 139
994 139
994 139
995 139
995 139
995 139
995 139
995 139
995 139
996 139
996 139
996 139
996 139
996 139
996 139
997 139
997 139
997 139
997 139
997 139
997 139
998 139
998 139
998 139
998 139
998 139
998 139
999 139
999 139
999 139
999 139
999 139
999 139
1000 139
1000 139
1000 139
1000 139
1000 139
1000 139
1001 139
1001 139
1001 139
1001 139
1001 139
1001 139
1002 139
1002 139
1002 139
1002 139
1002 139
1002 139
1003 139
1003 139
1003 139
1003 139
1003 139
1003 139
1004 139
1004 139
1004 139
1004 139
1004 139
1004 139
1005 139
1005 139
1005 139
1005 139
1005 139
1005 139
1006 139
1006 139
1006 139
1006 139
1006 139
1006 139
1007 139
1007 139
1007 139
1007 139
1007 139
1007 139
1008 139
1008 139
1008 139
1008 139
1008 139
1008 139
1009 139
1009 139
1009 139
1009 139
1009 139
1009 139
1010 139
1010 139
1010 139
1010 139
1010 139
1010 139
1011 139
1011 139
1011 139
1011 139
1011 139
1011 139
1012 139
1012 139
1012 139
1012 139
1012 139
1012 139
1013 139
1013 139
1013 139
1013 139
1013 139
1013 139
1014 139
1014 139
1014 139
1014 139
1014 139
1014 139
1015 139
1015 139
1015 139
1015 139
1015 139
1015 139
1016 139
1016 139
1016 139
1016 139
1016 139
1016 139
1017 139
1017 139
1017 139
1017 139
1017 139
1017 139
1018 139
1018 139
1018 139
1018 139
1018 139
1018 139
1019 139
1019 139
1019 139
1019 139
1019 139
1019 139
1020 139
1020 139
1020 139
1020 139
1020 139
1020 139
1021 139
1021 139
1021 139
1021 139
1021 139
1021 139
1022 139
1022 139
1022 139
1022 139
1022 139
1022 139
1023 139
1023 139
1023 139
1023 139
1023 139
1023 139
1024 139
1024 139
1024 139
1024 139
1024 139
1024 139
1025 139
1025 139
1025 139
1025 139
1025 139
1025 139
1026 139
1026 139
1026 139
1026 139
1026 139
1026 139
1027 139
1027 139
1027 139
1027 139
1027 139
1027 139
1028 139
1028 139
1028 139
1028 139
1028 139
1028 139
1029 139
1029 139
1029 139
1029 139
1029 139
1029 139
1030 139
1030 139
1030 139
1030 139
1030 139
1030 139
1031 139
1031 139
1031 139
1031 139
1031 139
1031 139
1032 139
1032 139
1032 139
1032 139
1032 139
1032 139
1033 139
1033 139
1033 139
1033 139
1033 139
1033 139
1034 139
1034 139
1034 139
1034 139
1034 139
1034 139
1035 139
1035 139
1035 139
1035 139
1035 139
1035 139
1036 139
1036 139
1036 139
1036 139
1036 139
1036 139
1037 139
1037 139
1037 139
1037 139
1037 139
1037 139
1038 139
1038 139
1038 139
1038 139
1038 139
1038 139
1039 139
1039 139
1039 139
1039 139
1039 139
1039 139
1040 139
1040 139
1040 139
1040 139
1040 139
1040 139
1041 139
1041 139
1041 139
1041 139
1041 139
1041 139
1042 139
1042 139
1042 139
1042 139
1042 139
1042 139
1043 139
1043 139
1043 139
1043 139
1043 139
1043 139
1044 139
1044 139
1044 139
1044 139
1044 139
1044 139
1045 139
1045 139
1045 139
1045 139
1045 139
1045 139
1046 139
1046 139
1046 139
1046 139
1046 139
1046 139
1047 139
1047 139
1047 139
1047 139
1047 139
1047 139
1048 139
1048 139
1048 139
1048 139
1048 139
1048 139
1049 139
1049 139
1049 139
1049 139
1049 139
1049 139
1050 139
1050 139
1050 139
1050 139
1050 139
1050 139
1051 139
1051 139
1051 139
1051 139
1051 139
1051 139
1052 139
1052 139
1052 139
1052 139
1052 139
1052 139
1053 139
1053 139
1053 139
1053 139
1053 139
1053 139
1054 139
1054 139
1054 139
1054 139
1054 139
1054 139
1055 139
1055 139
1055 139
1055 139
1055 139
1055 139
1056 139
1056 139
1056 139
1056 139
1056 139
1056 139
1057 139
1057 139
1057 139
1057 139
1057 139
1057 139
1058 139
1058 139
1058 139
1058 139
1058 139
1058 139
1059 139
1059 139
1059 139
1059 139
1059 139
1059 139
1060 139
1060 139
1060 139
1060 139
1060 139
1060 139
1061 139
1061 139
1061 139
1061 139
1061 139
1061 139
1062 139
1062 139
1062 139
1062 139
1062 139
1062 139
1063 139
1063 139
1063 139
1063 139
1063 139
1063 139
1064 139
1064 139
1064 139
1064 139
1064 139
1064 139
1065 139
1065 139
1065 139
1065 139
1065 139
1065 139
1066 139
1066 139
1066 139
1066 139
1066 139
1066 139
1067 139
1067 139
1067 139
1067 139
1067 139
1067 139
1068 139
1068 139
1068 139
1068 139
1068 139
1068 139
1069 139
1069 139
1069 139
1069 139
1069 139
1069 139
1070 139
1070 139
1070 139
1070 139
1070 139
1070 139
1071 139
1071 139
1071 139
1071 139
1071 139
1071 139
1072 139
1072 139
1072 139
1072 139
1072 139
1072 139
1073 139
1073 139
1073 139
1073 139
1073 139
1073 139
1074 139
1074 139
1074 139
1074 139
1074 139
1074 139
1075 139
1075 139
1075 139
1075 139
1075 139
1075 139
1076 139
1076 139
1076 139
1076 139
1076 139
1076 139
1077 139
1077 139
1077 139
1077 139
1077 139
1077 139
1078 139
1078 139
1078 139
1078 139
1078 139
1078 139
1079 139
1079 139
1079 139
1079 139
1079 139
1080 139
1080 139
1080 139
1080 139
1080 139
1081 139
1081 139
1081 139
1081 139
1081 139
1082 139
1082 139
1082 139
1082 139
1082 139
1083 139
1083 139
1083 139
1083 139
1083 139
1084 139
1084 139
1084 139
1084 139
1084 139
1085 139
1085 139
1085 139
1085 139
1085 139
1086 139
1086 139
1086 139
1086 139
1086 139
1087 139
1087 139
1087 139
1087 139
1087 139
1088 139
1088 139
1088 139
1088 139
1088 139
1089 139
1089 139
1089 139
1089 139
1089 139
1090 139
1090 139
1090 139
1090 139
1090 139
1091 139
1091 139
1091 139
1091 139
1091 139
1092 139
1092 139
1092 139
1092 139
1092 139
1093 139
1093 139
1093 139
1093 139
1093 139
1094 139
1094 139
1094 139
1094 139
1094 139
1095 139
1095 139
1095 139
1095 139
1095 139
1095 139
1096 139
1096 139
1096 139
1096 139
1096 139
1096 139
1097 139
1097 139
1097 139
1097 139
1097 139
1097 139
1098 139
1098 139
1098 139
1098 139
1098 139
1098 139
1099 139
1099 139
1099 139
1099 139
1099 139
1099 139
1100 139
1100 139
1100 139
1100 139
1100 139
1100 139
1101 139
1101 139
1101 139
1101 139
1101 139
1101 139
1102 139
1102 139
1102 139
1102 139
1102 139
1102 139
1103 139
1103 139
1103 139
1103 139
1103 139
1103 139
1104 139
1104 139
1104 139
1104 139
1104 139
1104 139
1105 139
1105 139
1105 140
1105 140
1105 140
1105 140
1106 140
1106 140
1106 140
1106 140
1106 140
1106 140
1107 140
1107 140
1107 140
1107 140
1107 140
1107 140
1108 140
1108 140
1108 140
1108 140
1108 140
1108 140
1109 140
1109 140
1109 140
1109 140
1109 140
1109 140
1110 140
1110 140
1110 140
1110 140
1110 140
1110 140
1111 140
1111 140
1111 140
1111 140
1111 140
1111 140
1112 140
1112 140
1112 140
1112 140
1112 140
1112 140
1113 140
1113 140
1113 140
1113 140
1113 140
1113 140
1114 140
1114 140
1114 140
1114 140
1114 140
1114 140
1115 140
1115 140
1115 140
1115 140
1115 140
1115 140
1116 140
1116 140
1116 140
1116 140
1116 140
1116 140
1117 140
1117 140
1117 140
1117 140
1117 140
1117 140
1118 140
1118 140
1118 140
1118 140
1118 140
1118 140
1119 140
1119 140
1119 140
1119 140
1119 140
1119 140
1120 140
1120 140
1120 140
1120 140
1120 140
1120 140
1121 140
1121 140
1121 140
1121 140
1121 140
1121 140
1122 140
1122 140
1122 140
1122 140
1122 140
1122 140
1123 140
1123 140
1123 140
1123 140
1123 140
1123 140
1124 140
1124 140
1124 140
1124 140
1124 140
1124 140
1125 140
1125 140
1125 140
1125 140
1125 140
1125 140
1126 140
1126 140
1126 140
1126 140
1126 140
1126 140
1127 140
1127 140
1127 140
1127 140
1127 140
1127 140
1128 140
1128 140
1128 140
1128 140
1128 140
1128 140
1129 140
1129 140
1129 140
1129 140
1129 140
1129 140
1130 140
1130 140
1130 140
1130 140
1130 140
1130 140
1131 140
1131 140
1131 140
1131 140
1131 140
1131 140
1132 140
1132 140
1132 140
1132 140
1132 140
1132 140
1133 140
1133 140
1133 140
1133 140
1133 140
1133 140
1134 140
1134 140
1134 140
1134 140
1134 140
1134 140
1135 140
1135 140
1135 140
1135 140
1135 140
1135 140
1136 140
1136 140
1136 140
1136 140
1136 140
1136 140
1137 140
1137 140
1137 140
1137 140
1137 140
1137 140
1138 140
1138 140
1138 140
1138 140
1138 140
1138 140
1139 140
1139 140
1139 140
1139 140
1139 140
1139 140
1140 140
1140 140
1140 140
1140 140
1140 140
1140 140
1141 140
1141 140
1141 140
1141 140
1141 140
1141 140
1142 140
1142 140
1142 140
1142 140
1142 140
1142 140
1143 140
1143 140
1143 140
1143 140
1143 140
1143 140
1144 140
1144 140
1144 140
1144 140
1144 140
1144 140
1145 140
1145 140
1145 140
1145 140
1145 140
1145 140
1146 140
1146 140
1146 140
1146 140
1146 140
1146 140
1147 140
1147 140
1147 140
1147 140
1147 140
1147 140
1148 140
1148 140
1148 140
1148 140
1148 140
1149 140
1149 140
1149 140
1149 140
1149 140
1150 140
1150 140
1150 140
1150 140
1150 140
1151 140
1151 140
1151 140
1151 140
1151 140
1152 140
1152 140
1152 140
1152 140
1152 140
1153 140
1153 140
1153 140
1153 140
1153 140
1154 140
1154 140
1154 140
1154 140
1154 140
1155 140
1155 140
1155 140
1155 140
1156 140
1156 140
1156 140
1156 140
1157 140
1157 140
1157 140
1157 140
1157 140
1157 140
1157 140
1157 140
1158 140
1158 140
1158 140
1158 140
1158 140
1159 140
1159 140
1159 140
1159 140
1159 140
1160 140
1160 140
1160 140
1160 140
1160 140
1161 140
1161 140
1161 140
1161 140
1161 140
1162 140
1162 140
1162 140
1162 140
1162 140
1163 140
1163 140
1163 140
1163 140
1163 140
1164 140
1164 140
1164 140
1164 140
1164 140
1165 140
1165 140
1165 140
1165 140
1165 140
1166 140
1166 140
1166 140
1166 140
1166 140
1167 140
1167 140
1167 140
1167 140
1167 140
1168 140
1168 140
1168 140
1168 140
1168 140
1169 140
1169 140
1169 140
1169 140
1169 140
1170 140
1170 140
1170 140
1170 140
1170 140
1171 140
1171 140
1171 140
1171 140
1171 140
1172 140
1172 140
1172 140
1172 140
1172 140
1173 140
1173 140
1173 140
1173 140
1173 140
1174 140
1174 140
1174 140
1174 140
1174 140
1175 140
1175 140
1175 140