
0 0
0 2
0 2
1 2
1 2
1 2
1 2
2 2
2 2
2 2
2 2
3 2
3 2
3 2
3 2
4 2
4 2
4 2
4 2
5 2
5 2
5 2
5 2
6 2
6 2
6 2
6 2
7 2
7 2
7 2
7 2
8 2
8 2
8 2
8 2
9 2
9 2
9 2
9 2
10 2
10 2
10 2
10 2
11 2
11 2
11 2
11 2
12 2
12 2
12 2
12 2
13 2
13 2
13 2
13 2
14 2
14 2
14 2
14 2
15 2
15 2
15 2
15 2
16 2
16 2
16 2
16 2
17 2
17 2
17 2
17 2
18 2
18 2
18 2
18 2
19 2
19 2
19 2
19 2
20 2
20 2
20 2
20 2
21 2
21 2
21 2
21 2
22 2
22 2
22 2
22 2
23 2
23 2
23 2
23 2
24 2
24 2
24 2
24 2
25 2
25 2
25 2
25 2
26 2
26 2
26 2
26 2
27 2
27 2
27 2
27 2
28 2
28 2
28 2
28 2
29 2
29 2
29 2
29 2
30 2
30 2
30 2
30 2
31 2
31 2
31 2
31 2
32 2
32 2
32 2
32 2
33 2
33 2
33 2
33 2
34 2
34 2
34 2
34 2
35 2
35 2
35 2
35 2
36 2
36 2
36 2
36 2
37 2
37 2
37 2
37 2
38 2
38 2
38 2
38 2
39 2
39 2
39 2
39 2
40 2
40 2
40 2
40 2
41 2
41 2
41 2
41 2
42 2
42 2
42 2
42 2
43 2
43 2
43 2
43 2
44 2
44 2
44 2
44 2
45 2
45 2
45 2
45 2
46 2
46 2
46 2
46 2
47 2
47 2
47 2
47 2
48 2
48 4
48 4
48 4
49 4
49 4
49 4
49 4
50 4
50 4
50 4
50 4
51 4
51 4
51 4
51 4
52 4
52 4
52 4
52 14
53 14
53 14
53 14
53 14
54 14
54 14
54 14
54 14
55 14
55 14
55 14
55 14
56 14
56 14
56 14
56 14
57 14
57 14
57 14
57 14
58 14
58 14
58 14
58 14
59 14
59 14
59 14
59 14
60 14
60 14
60 14
60 14
61 14
61 14
61 14
61 14
62 14
62 14
62 14
62 14
63 14
63 14
63 34
63 34
64 34
64 34
64 34
64 34
65 34
65 34
65 34
65 34
66 34
66 34
66 34
66 34
67 34
67 34
67 34
67 34
68 34
68 34
68 34
68 34
69 34
69 34
69 34
69 34
70 34
70 34
70 34
70 34
71 34
71 34
71 34
71 34
72 34
72 34
72 34
72 34
73 34
73 34
73 34
73 34
74 34
74 34
74 34
74 34
75 34
75 34
75 34
75 34
76 34
76 34
76 34
76 34
77 34
77 34
77 34
77 34
78 34
78 34
78 34
78 34
79 34
79 34
79 34
79 34
80 34
80 34
80 34
80 34
81 34
81 34
81 34
81 34
82 34
82 34
82 34
82 34
83 34
83 34
83 34
83 34
84 34
84 34
84 34
84 34
85 34
85 34
85 34
85 34
86 34
86 34
86 34
86 34
87 34
87 34
87 34
87 34
88 34
88 34
88 34
88 34
89 34
89 34
89 34
89 34
90 34
90 34
90 34
90 34
91 34
91 34
91 34
91 34
92 34
92 34
92 34
92 34
93 34
93 34
93 34
93 34
94 34
94 34
94 34
94 34
95 34
95 34
95 34
95 34
96 34
96 34
96 34
96 34
97 34
97 34
97 34
97 34
98 34
98 34
98 34
98 34
99 34
99 34
99 34
99 34
100 34
100 34
100 34
100 34
101 34
101 34
101 34
101 34
102 34
102 34
102 34
102 34
103 34
103 34
103 34
103 34
104 34
104 34
104 34
104 34
105 34
105 34
105 34
105 34
106 34
106 34
106 34
106 34
107 34
107 34
107 34
107 34
108 34
108 34
108 34
108 34
109 34
109 34
109 34
109 34
110 34
110 34
110 34
110 34
111 34
111 34
111 34
111 34
112 34
112 34
112 34
112 34
113 34
113 34
113 34
113 34
114 34
114 34
114 34
114 34
115 34
115 34
115 34
115 34
116 34
116 34
116 34
116 34
117 34
117 34
117 34
117 34
118 34
118 34
118 34
118 34
119 34
119 34
119 34
119 34
120 34
120 34
120 34
120 34
121 34
121 34
121 34
121 34
122 34
122 34
122 34
122 34
123 34
123 34
123 34
123 34
124 34
124 34
124 34
124 34
125 34
125 34
125 34
125 34
126 34
126 34
126 34
126 34
127 34
127 34
127 34
127 34
128 34
128 34
128 34
128 34
129 34
129 34
129 34
129 34
130 34
130 34
130 34
130 34
131 34
131 34
131 34
131 34
132 34
132 34
132 34
132 34
133 34
133 34
133 34
133 34
134 34
134 34
134 34
134 34
135 34
135 34
135 34
135 34
136 34
136 34
136 34
136 34
137 34
137 34
137 34
137 34
138 34
138 34
138 34
138 34
139 34
139 34
139 34
139 34
140 34
140 34
140 34
140 34
141 34
141 34
141 34
141 34
142 34
142 34
142 34
142 34
143 34
143 34
143 34
143 34
144 34
144 34
144 34
144 34
145 34
145 34
145 34
145 34
146 34
146 34
146 34
146 34
147 34
147 34
147 34
147 34
148 34
148 34
148 34
148 34
149 34
149 34
149 34
149 34
150 34
150 34
150 34
150 34
151 34
151 34
151 34
151 34
152 34
152 34
152 34
152 34
153 34
153 34
153 34
153 34
154 34
154 34
154 34
154 36
155 36
155 36
155 36
155 36
156 36
156 36
156 36
156 36
157 36
157 36
157 36
157 36
158 36
158 36
158 36
158 36
159 36
159 36
159 36
159 36
160 36
160 36
160 36
160 36
161 36
161 36
161 36
161 36
162 36
162 36
162 36
162 36
163 36
163 36
163 36
163 36
164 36
164 36
164 36
164 36
165 36
165 36
165 36
165 36
166 36
166 36
166 36
166 36
167 36
167 36
167 36
167 36
168 36
168 36
168 36
168 36
169 36
169 36
169 36
169 36
170 36
170 36
170 36
170 36
171 36
171 36
171 36
171 36
172 36
172 36
172 36
172 36
173 36
173 36
173 36
173 36
174 36
174 36
174 36
174 36
175 36
175 36
175 36
175 36
176 36
176 36
176 36
176 36
177 36
177 36
177 36
177 36
178 36
178 36
178 36
178 36
179 36
179 36
179 36
179 36
180 36
180 36
180 36
180 36
181 36
181 38
181 38
181 38
182 38
182 38
182 38
182 38
183 38
183 38
183 38
183 38
184 38
184 38
184 38
184 38
185 38
185 38
185 38
185 38
186 38
186 38
186 38
186 38
187 38
187 38
187 38
187 38
188 38
188 38
188 38
188 38
189 38
189 38
189 38
189 38
190 38
190 38
190 38
190 38
191 38
191 38
191 38
191 38
192 38
192 38
192 38
192 38
193 38
193 38
193 38
193 38
194 38
194 38
194 38
194 38
195 38
195 38
195 38
195 38
196 38
196 38
196 38
196 38
197 38
197 38
197 38
197 38
198 38
198 38
198 38
198 38
199 38
199 38
199 38
199 38
200 38
200 38
200 51
200 51
201 51
201 51
201 51
201 51
202 51
202 51
202 51
202 51
203 51
203 51
203 51
203 51
204 51
204 51
204 51
204 51
205 51
205 51
205 51
205 51
206 51
206 51
206 51
206 51
207 51
207 51
207 51
207 51
208 51
208 51
208 51
208 51
209 51
209 51
209 51
209 51
210 51
210 51
210 51
210 51
211 51
211 51
211 51
211 51
212 51
212 51
212 51
212 51
213 51
213 51
213 51
213 51
214 51
214 51
214 51
214 51
215 51
215 51
215 51
215 51
216 51
216 51
216 51
216 51
217 51
217 51
217 51
217 51
218 51
218 51
218 51
218 51
219 51
219 51
219 51
219 51
220 51
220 51
220 51
220 51
221 51
221 51
221 51
221 51
222 51
222 51
222 51
222 51
223 51
223 51
223 51
223 51
224 51
224 51
224 51
224 51
225 51
225 51
225 51
225 51
226 51
226 51
226 51
226 51
227 51
227 51
227 51
227 51
228 51
228 51
228 51
228 51
229 51
229 51
229 51
229 51
230 51
230 51
230 51
230 51
231 51
231 51
231 51
231 51
232 51
232 51
232 51
232 51
233 51
233 51
233 51
233 51
234 51
234 51
234 51
234 51
235 51
235 51
235 51
235 51
236 51
236 51
236 51
236 51
237 51
237 51
237 51
237 51
238 51
238 51
238 51
238 51
239 51
239 51
239 51
239 51
240 51
240 51
240 51
240 51
241 51
241 51
241 51
241 51
242 51
242 51
242 51
242 51
243 51
243 51
243 51
243 51
244 51
244 51
244 51
244 51
245 51
245 51
245 51
245 51
245 51
245 51
245 51
246 51
246 51
246 51
246 51
247 51
247 51
247 51
248 51
248 51
248 51
248 51
249 51
249 51
249 51
249 51
250 51
250 51
250 51
250 51
251 51
251 51
251 51
251 51
252 51
252 51
252 51
252 51
253 51
253 51
253 51
254 51
254 51
254 51
254 51
255 51
255 51
255 51
255 51
256 51
256 51
256 51
256 51
257 51
257 51
257 51
258 51
258 51
258 51
258 51
259 51
259 51
259 51
259 51
260 51
260 51
260 51
260 51
261 51
261 51
261 51
261 51
262 51
262 51
262 51
262 51
263 51
263 51
263 51
263 51
264 51
264 51
264 51
264 51
265 51
265 51
265 51
265 51
266 51
266 51
266 51
266 51
267 51
267 51
267 51
267 51
268 51
268 51
268 51
268 51
269 51
269 51
269 51
269 51
270 51
270 51
270 51
270 51
271 51
271 51
271 51
271 51
272 51
272 51
272 51
272 51
273 51
273 51
273 51
273 51
274 51
274 51
274 51
274 51
275 51
275 51
275 51
275 51
276 51
276 51
276 51
276 51
277 51
277 51
277 51
277 51
278 51
278 51
278 51
278 51
279 51
279 51
279 51
279 51
280 51
280 51
280 51
280 51
281 51
281 51
281 51
281 51
282 51
282 51
282 51
282 51
283 51
283 51
283 51
283 51
284 51
284 51
284 51
284 51
285 51
285 51
285 51
285 51
286 51
286 51
286 51
286 51
287 51
287 51
287 51
287 51
288 51
288 51
288 51
288 51
289 51
289 51
289 51
289 51
290 51
290 51
290 51
290 51
291 51
291 51
291 51
291 51
292 51
292 51
292 51
292 51
293 51
293 51
293 51
293 51
294 51
294 51
294 51
294 51
295 51
295 51
295 51
295 51
296 51
296 51
296 51
296 51
297 51
297 51
297 51
297 51
298 51
298 51
298 51
298 51
299 51
299 51
299 51
299 51
300 51
300 51
300 51
300 51
301 51
301 51
301 51
301 51
302 51
302 51
302 51
302 51
303 51
303 51
303 51
303 51
304 51
304 51
304 51
304 51
305 51
305 51
305 51
305 51
306 51
306 51
306 51
306 51
307 51
307 51
307 51
307 51
308 51
308 51
308 51
308 51
309 51
309 51
309 51
309 51
310 51
310 51
310 51
310 51
311 51
311 51
311 51
311 51
312 51
312 51
312 51
312 51
313 51
313 51
313 51
313 51
314 51
314 51
314 51
314 51
315 51
315 51
315 51
315 51
316 51
316 51
316 51
316 51
317 51
317 51
317 51
317 51
318 51
318 51
318 51
318 51
319 51
319 51
319 51
319 51
320 51
320 51
320 51
320 51
321 51
321 51
321 51
321 51
322 51
322 51
322 51
322 51
323 51
323 51
323 51
323 51
324 51
324 51
324 51
325 51
325 51
325 51
325 51
326 51
326 51
326 51
326 51
327 51
327 51
327 51
327 51
328 51
328 51
328 51
328 51
329 51
329 51
329 51
329 51
330 51
330 51
330 51
330 51
331 51
331 51
331 51
331 51
332 51
332 51
332 51
332 51
333 51
333 51
333 51
333 51
334 51
334 51
334 51
334 51
335 51
335 51
335 51
335 51
336 51
336 51
336 51
336 51
337 51
337 51
337 51
337 51
338 51
338 51
338 51
338 51
339 51
339 51
339 51
339 51
340 51
340 51
340 51
340 51
341 51
341 51
341 51
341 51
342 51
342 51
342 51
342 51
343 51
343 51
343 51
343 51
344 51
344 51
344 51
344 51
345 51
345 51
345 51
345 51
346 51
346 51
346 51
346 51
347 51
347 51
347 51
347 51
348 51
348 51
348 51
348 51
349 51
349 51
349 51
349 51
350 51
350 51
350 51
350 51
351 51
351 51
351 51
351 51
352 51
352 51
352 51
352 51
353 51
353 51
353 51
353 51
354 51
354 51
354 51
354 51
355 51
355 51
355 51
355 51
356 51
356 51
356 51
356 51
357 51
357 51
357 51
357 51
358 51
358 51
358 51
358 51
359 51
359 51
359 51
359 51
360 51
360 51
360 51
360 51
361 51
361 51
361 51
361 51
362 51
362 51
362 51
362 51
363 51
363 51
363 51
363 51
364 51
364 51
364 51
364 51
365 51
365 51
365 51
365 51
366 51
366 51
366 51
366 51
367 51
367 51
367 51
367 51
368 51
368 51
368 51
368 51
369 51
369 51
369 51
369 51
370 51
370 51
370 51
370 51
371 51
371 51
371 51
371 51
372 51
372 51
372 51
372 51
373 51
373 51
373 51
373 51
374 51
374 51
374 51
374 51
375 51
375 51
375 51
375 51
376 51
376 51
376 51
376 51
377 51
377 51
377 51
377 51
378 51
378 51
378 51
378 51
379 51
379 51
379 51
379 51
380 51
380 51
380 51
380 51
381 51
381 51
381 51
381 51
382 51
382 51
382 51
382 51
383 51
383 51
383 51
383 51
384 51
384 51
384 51
384 51
385 51
385 51
385 51
385 51
386 51
386 51
386 51
386 51
387 51
387 51
387 51
387 51
388 51
388 51
388 51
388 51
389 51
389 51
389 51
389 51
390 51
390 51
390 51
390 51
391 51
391 51
391 51
391 51
392 51
392 51
392 51
392 51
393 51
393 51
393 51
393 51
394 51
394 51
394 51
394 51
395 51
395 51
395 51
395 51
396 51
396 51
396 51
396 70
397 70
397 70
397 70
397 70
398 70
398 70
398 70
398 70
399 70
399 70
399 70
399 70
400 70
400 70
400 70
400 70
401 70
401 70
401 70
401 70
402 70
402 70
402 70
402 70
403 70
403 70
403 70
403 70
404 70
404 70
404 70
404 70
405 70
405 70
405 70
405 70
406 70
406 70
406 70
406 70
407 70
407 70
407 70
407 70
408 70
408 70
408 70
408 70
409 70
409 70
409 70
409 70
410 70
410 70
410 70
410 70
411 70
411 70
411 70
411 70
412 70
412 70
412 70
412 70
413 70
413 70
413 70
413 70
414 70
414 70
414 70
414 70
415 70
415 70
415 70
415 70
416 70
416 70
416 70
416 70
417 70
417 70
417 70
417 70
418 70
418 70
418 70
418 70
419 70
419 70
419 70
419 70
420 70
420 70
420 70
420 70
421 70
421 70
421 70
421 70
422 70
422 70
422 70
422 70
423 70
423 70
423 70
423 70
424 70
424 70
424 70
424 70
425 70
425 70
425 70
425 70
426 70
426 70
426 70
426 70
427 70
427 70
427 70
427 70
428 70
428 70
428 70
428 70
429 70
429 70
429 70
429 70
430 70
430 70
430 70
430 70
431 70
431 70
431 70
431 70
432 70
432 70
432 70
432 70
433 70
433 70
433 70
433 70
434 70
434 70
434 70
434 70
435 70
435 70
435 70
435 70
436 70
436 70
436 70
437 70
437 70
437 70
437 70
438 70
438 70
438 70
438 70
439 70
439 70
439 70
439 70
440 70
440 70
440 70
440 70
441 70
441 70
441 70
441 70
442 70
442 70
442 70
442 70
443 70
443 70
443 70
443 70
444 70
444 70
444 70
445 70
445 70
445 70
445 70
446 70
446 70
446 70
446 70
447 70
447 70
447 70
447 70
448 70
448 70
448 70
448 70
449 70
449 70
449 70
449 70
450 70
450 70
450 70
450 70
451 70
451 70
451 70
451 70
452 70
452 70
452 70
453 70
453 70
453 70
453 70
454 70
454 70
454 70
454 70
455 70
455 70
455 70
455 70
456 70
456 70
456 70
456 70
457 70
457 70
457 70
457 70
458 70
458 70
458 70
458 70
459 70
459 70
459 70
459 70
460 70
460 70
460 70
460 70
461 70
461 70
461 70
461 70
462 70
462 70
462 70
462 70
463 70
463 70
463 70
463 70
464 70
464 70
464 70
464 70
465 70
465 70
465 70
465 70
466 70
466 70
466 70
466 70
467 70
467 70
467 70
467 70
468 70
468 70
468 70
468 70
469 70
469 70
469 70
469 70
470 70
470 70
470 70
470 70
471 70
471 70
471 70
471 70
472 70
472 70
472 70
472 70
473 70
473 70
473 70
473 70
474 70
474 70
474 70
474 70
475 70
475 70
475 70
475 70
476 70
476 70
476 70
476 70
477 70
477 70
477 70
477 70
478 70
478 70
478 70
479 70
479 70
479 70
479 70
480 70
480 70
480 70
480 70
481 70
481 70
481 70
481 70
482 70
482 70
482 70
482 70
483 70
483 70
483 70
483 70
484 70
484 70
484 70
484 70
485 70
485 70
485 70
485 70
486 70
486 70
486 70
486 70
487 70
487 70
487 70
487 70
488 70
488 70
488 70
488 70
489 70
489 70
489 70
489 70
490 70
490 70
490 70
490 70
491 70
491 70
491 70
491 70
492 70
492 70
492 70
492 70
493 70
493 70
493 70
493 70
494 70
494 70
494 70
494 70
495 70
495 70
495 70
495 70
496 70
496 70
496 70
496 70
497 70
497 70
497 70
497 70
498 70
498 70
498 70
498 70
499 70
499 70
499 70
499 70
500 70
500 70
500 70
500 70
501 70
501 70
501 70
501 70
502 70
502 70
502 70
502 70
503 70
503 70
503 70
503 70
504 70
504 70
504 70
504 70
505 70
505 70
505 70
505 70
506 70
506 70
506 70
506 70
507 70
507 70
507 70
507 70
508 70
508 70
508 70
508 70
509 70
509 70
509 70
509 70
510 70
510 70
510 70
510 70
511 70
511 70
511 70
511 70
512 70
512 70
512 70
512 70
513 70
513 70
513 70
513 70
514 70
514 70
514 70
514 70
515 70
515 70
515 70
515 70
516 70
516 70
516 70
516 70
517 70
517 70
517 70
517 70
518 70
518 70
518 70
518 70
519 70
519 70
519 70
519 70
520 70
520 70
520 70
520 70
521 70
521 70
521 70
521 70
522 70
522 70
522 70
522 70
523 70
523 70
523 70
523 70
524 70
524 70
524 70
524 70
525 70
525 70
525 70
525 70
526 70
526 70
526 70
526 70
527 70
527 70
527 70
527 70
528 70
528 70
528 70
528 70
529 70
529 70
529 70
529 70
530 70
530 70
530 70
530 70
531 70
531 70
531 70
531 70
532 70
532 70
532 70
532 70
533 70
533 70
533 70
533 70
534 70
534 70
534 70
534 70
535 70
535 70
535 70
535 70
536 70
536 70
536 70
536 70
537 70
537 70
537 70
537 70
538 70
538 70
538 70
538 70
539 70
539 70
539 70
539 70
540 70
540 70
540 70
540 70
541 70
541 70
541 70
541 70
542 70
542 70
542 70
542 70
543 70
543 70
543 70
543 70
544 70
544 70
544 70
544 70
545 70
545 70
545 70
545 70
546 70
546 70
546 70
546 70
547 70
547 70
547 70
547 70
548 70
548 70
548 70
548 70
549 70
549 70
549 70
549 70
550 70
550 70
550 70
550 70
551 70
551 70
551 70
551 70
552 70
552 70
552 70
552 70
553 70
553 70
553 70
553 70
554 70
554 70
554 70
554 70
555 70
555 70
555 70
555 70
556 70
556 70
556 70
556 70
557 70
557 70
557 70
557 70
558 70
558 70
558 70
558 70
559 70
559 70
559 70
559 70
560 70
560 70
560 70
560 83
561 83
561 83
561 83
561 83
562 83
562 83
562 83
562 83
563 83
563 83
563 83
563 83
564 83
564 83
564 83
564 83
565 83
565 83
565 83
565 83
566 83
566 83
566 83
566 83
567 83
567 83
567 83
567 83
568 83
568 83
568 83
568 83
569 83
569 83
569 83
569 83
570 83
570 83
570 83
570 83
571 83
571 83
571 83
571 83
572 83
572 83
572 83
572 83
573 83
573 83
573 83
573 83
574 83
574 83
574 83
574 83
575 83
575 83
575 83
575 83
576 83
576 83
576 83
576 83
577 83
577 83
577 83
577 83
578 83
578 83
578 83
578 83
579 83
579 83
579 83
579 83
580 83
580 83
580 83
580 83
581 83
581 83
581 83
581 83
582 83
582 83
582 83
582 83
583 83
583 83
583 83
583 83
584 83
584 83
584 83
584 83
585 83
585 83
585 83
585 83
586 83
586 83
586 83
586 83
587 83
587 83
587 83
587 83
588 83
588 83
588 83
588 83
589 83
589 83
589 83
589 83
590 83
590 83
590 83
590 83
591 83
591 83
591 83
591 83
592 83
592 83
592 83
592 83
593 83
593 83
593 83
593 83
594 83
594 83
594 83
594 83
595 83
595 83
595 83
595 83
596 83
596 83
596 83
596 83
597 83
597 83
597 83
597 83
598 83
598 83
598 83
598 83
599 83
599 83
599 83
599 83
600 83
600 83
600 83
600 83
601 83
601 83
601 83
601 83
602 83
602 83
602 83
602 83
603 83
603 83
603 83
603 83
604 83
604 83
604 83
604 83
605 83
605 83
605 83
605 83
606 83
606 83
606 83
606 83
607 83
607 83
607 83
607 83
608 83
608 83
608 83
608 83
609 83
609 83
609 83
609 83
610 83
610 83
610 83
610 83
611 83
611 83
611 83
611 83
612 83
612 83
612 83
612 83
613 83
613 83
613 83
613 83
614 83
614 83
614 83
614 83
615 83
615 83
615 83
615 83
616 83
616 83
616 83
616 83
617 83
617 83
617 83
617 83
618 83
618 83
618 83
618 83
619 83
619 83
619 83
619 83
620 83
620 83
620 83
620 83
621 83
621 83
621 83
621 83
622 83
622 83
622 83
622 83
623 116
623 116
624 116
624 116
624 116
624 116
625 116
625 116
625 116
625 116
626 116
626 116
626 116
626 116
627 116
627 116
627 116
627 116
628 116
628 116
628 116
628 116
629 116
629 116
629 116
629 116
630 116
630 116
630 116
630 116
631 116
631 116
631 116
631 116
632 116
632 116
632 116
632 116
633 116
633 116
633 116
633 116
634 116
634 116
634 116
634 116
635 116
635 116
635 116
635 116
636 116
636 116
636 116
636 116
637 116
637 116
637 116
637 116
638 116
638 116
638 116
638 116
639 116
639 116
639 116
639 116
640 116
640 116
640 116
640 116
641 116
641 116
641 116
641 116
642 116
642 116
642 116
642 116
643 116
643 116
643 116
643 116
644 116
644 116
644 116
644 116
645 116
645 116
645 116
645 116
646 116
646 116
646 116
646 116
647 116
647 116
647 116
647 116
648 116
648 116
648 116
648 116
649 116
649 116
649 116
649 116
650 116
650 116
650 116
650 116
651 116
651 116
651 116
651 116
652 116
652 116
652 116
652 116
653 116
653 116
653 116
653 116
654 116
654 116
654 116
654 116
655 116
655 116
655 116
655 116
656 116
656 116
656 116
656 116
657 116
657 116
657 116
657 116
658 116
658 116
658 116
658 116
659 116
659 116
659 116
659 116
660 116
660 116
660 116
660 116
661 116
661 116
661 116
661 116
662 116
662 116
662 116
662 116
663 116
663 116
663 116
663 116
664 116
664 116
664 116
664 116
665 116
665 116
665 116
665 116
666 116
666 116
666 116
666 116
667 116
667 116
667 116
667 116
668 116
668 116
668 116
668 116
669 116
669 116
669 116
669 116
670 116
670 116
670 116
670 116
671 116
671 116
671 116
671 116
672 116
672 116
672 116
672 116
673 116
673 116
673 116
673 116
674 116
674 116
674 116
674 116
675 116
675 116
675 116
675 116
676 116
676 116
676 116
676 116
677 116
677 116
677 116
677 116
678 116
678 116
678 116
678 116
679 116
679 116
679 116
679 116
680 116
680 116
680 116
680 116
681 116
681 116
681 116
681 116
682 116
682 116
682 116
682 116
683 116
683 116
683 116
683 116
684 116
684 116
684 116
684 116
685 116
685 116
685 116
685 116
686 116
686 116
686 116
686 116
687 116
687 116
687 116
687 116
688 116
688 116
688 116
688 116
689 116
689 116
689 116
689 116
690 116
690 116
690 116
690 116
691 116
691 116
691 116
691 116
692 116
692 116
692 116
692 116
693 116
693 116
693 116
693 116
694 116
694 116
694 116
694 116
695 116
695 116
695 116
695 116
696 116
696 116
696 116
696 116
697 116
697 116
697 116
697 116
698 116
698 116
698 116
698 116
699 116
699 116
699 116
699 116
700 116
700 116
700 116
700 116
701 116
701 116
701 116
701 116
702 116
702 116
702 116
702 116
703 116
703 116
703 116
703 116
704 116
704 116
704 116
704 116
705 116
705 116
705 116
705 116
706 116
706 116
706 116
706 116
707 116
707 116
707 116
707 116
708 116
708 116
708 116
708 116
709 116
709 116
709 116
709 116
710 116
710 116
710 116
710 116
711 116
711 116
711 116
711 116
712 116
712 116
712 116
712 116
713 116
713 116
713 116
713 116
714 116
714 116
714 116
714 116
715 116
715 116
715 116
715 116
716 116
716 116
716 116
716 116
717 116
717 116
717 116
717 116
718 116
718 116
718 116
718 116
719 116
719 116
719 116
719 116
720 116
720 116
720 116
720 116
721 116
721 116
721 116
721 116
722 116
722 116
722 116
722 116
723 116
723 116
723 116
723 116
724 116
724 116
724 116
724 116
725 116
725 116
725 116
725 116
726 116
726 116
726 116
726 116
727 116
727 116
727 116
727 116
728 116
728 116
728 116
728 116
729 116
729 116
729 116
729 116
730 116
730 116
730 116
730 116
731 116
731 116
731 116
731 116
732 116
732 116
732 116
732 116
733 116
733 116
733 116
733 116
734 116
734 116
734 116
734 116
735 116
735 116
735 116
735 116
736 116
736 116
736 116
737 116
737 116
737 116
737 116
738 116
738 116
738 116
738 116
739 116
739 116
739 116
739 116
740 116
740 116
740 116
740 116
741 116
741 116
741 116
741 116
742 116
742 116
742 116
742 116
743 116
743 116
743 116
743 116
744 116
744 116
744 116
744 116
745 116
745 116
745 116
745 116
746 116
746 116
746 116
746 116
747 116
747 116
747 116
747 116
748 116
748 116
748 116
748 116
749 116
749 116
749 116
750 116
750 116
750 116
750 116
751 116
751 116
751 116
751 116
752 116
752 116
752 116
752 116
753 116
753 116
753 116
753 116
754 116
754 116
754 116
754 116
755 116
755 116
755 116
755 116
756 116
756 116
756 116
756 116
757 116
757 116
757 116
757 116
758 116
758 116
758 116
758 116
759 116
759 116
759 116
759 116
760 116
760 116
760 116
760 116
761 116
761 116
761 116
761 116
762 116
762 116
762 116
762 116
763 116
763 116
763 116
764 116
764 116
764 116
764 116
765 116
765 116
765 116
765 116
766 116
766 116
766 116
766 116
767 116
767 116
767 116
767 116
768 116
768 116
768 116
768 116
769 116
769 116
769 116
769 116
770 116
770 116
770 116
770 116
771 116
771 116
771 116
771 116
772 116
772 116
772 116
772 116
773 116
773 116
773 116
773 116
774 116
774 116
774 116
774 116
775 116
775 116
775 116
775 116
776 116
776 116
776 116
776 116
777 116
777 116
777 116
777 116
778 116
778 116
778 116
778 116
779 116
779 116
779 116
779 116
780 116
780 116
780 116
780 116
781 116
781 116
781 116
781 116
782 116
782 116
782 116
782 116
783 116
783 116
783 116
784 116
784 116
784 116
784 116
785 116
785 116
785 116
785 116
786 116
786 116
786 116
786 116
787 116
787 116
787 116
787 116
788 116
788 116
788 116
788 116
789 116
789 116
789 116
789 116
790 116
790 116
790 116
790 116
791 116
791 116
791 116
791 116
792 116
792 116
792 116
792 116
793 116
793 116
793 116
793 116
794 116
794 116
794 116
794 116
795 116
795 116
795 116
795 116
796 116
796 116
796 116
796 116
797 116
797 116
797 116
797 116
798 116
798 116
798 116
798 116
799 116
799 116
799 116
799 116
800 116
800 116
800 116
800 116
801 116
801 116
801 116
801 116
802 116
802 116
802 116
802 116
802 116
802 116
803 116
803 116
803 116
803 116
804 116
804 116
804 116
804 116
805 116
805 116
805 116
805 116
806 116
806 116
806 116
806 116
807 116
807 116
807 116
807 116
808 116
808 116
808 116
809 116
809 116
809 116
809 116
810 116
810 116
810 116
811 116
811 116
811 116
811 116
812 116
812 116
812 116
812 116
813 116
813 116
813 116
813 116
814 116
814 116
814 116
814 116
815 116
815 116
815 116
815 116
816 116
816 116
816 116
816 116
817 116
817 116
817 116
817 116
818 116
818 116
818 116
818 116
819 116
819 116
819 116
819 116
820 116
820 116
820 116
820 116
821 116
821 116
821 116
821 116
822 116
822 116
822 116
822 116
823 116
823 116
823 116
823 116
824 116
824 116
824 116
824 116
825 116
825 116
825 116
825 116
826 116
826 116
826 116
826 116
827 116
827 116
827 116
827 116
828 116
828 116
828 116
828 116
829 116
829 116
829 116
830 116
830 116
830 116
830 116
831 116
831 116
831 116
831 116
832 116
832 116
832 116
832 116
833 116
833 116
833 116
833 116
834 116
834 116
834 116
834 116
835 116
835 116
835 116
835 116
836 116
836 116
836 116
836 116
837 116
837 116
837 116
837 116
838 116
838 116
838 116
838 116
839 116
839 116
839 116
840 116
840 116
840 116
840 116
841 116
841 116
841 116
841 116
842 116
842 116
842 116
842 116
843 116
843 116
843 116
843 116
844 116
844 116
844 116
844 116
845 116
845 116
845 116
845 116
846 116
846 116
846 116
846 116
847 116
847 116
847 116
848 116
848 116
848 116
848 116
849 116
849 116
849 116
850 116
850 116
850 116
850 116
851 116
851 116
851 116
851 116
852 116
852 116
852 116
852 116
853 116
853 116
853 116
853 116
854 116
854 116
854 116
854 116
855 116
855 116
855 116
855 116
856 116
856 116
856 116
856 116
857 116
857 116
857 116
857 116
858 116
858 116
858 116
858 116
859 116
859 116
859 116
859 116
860 116
860 116
860 116
860 116
861 116
861 116
861 116
861 116
861 116
861 116
861 116
862 116
862 116
862 116
862 116
863 116
863 116
863 116
864 116
864 116
864 116
864 116
865 116
865 116
865 116
865 116
866 116
866 116
866 116
866 116
867 116
867 116
867 116
867 116
868 116
868 116
868 116
869 116
869 116
869 116
869 116
870 116
870 116
870 116
870 116
871 116
871 116
871 116
871 116
872 116
872 116
872 116
873 116
873 116
873 116
873 116
874 116
874 116
874 116
874 116
875 116
875 116
875 116
875 116
876 116
876 116
876 116
876 116
877 116
877 116
877 116
877 116
878 116
878 116
878 116
878 116
879 116
879 116
879 116
879 116
880 116
880 116
880 116
880 116
881 116
881 116
881 116
881 116
882 116
882 116
882 116
882 116
883 116
883 116
883 116
883 116
884 116
884 116
884 116
885 116
885 116
885 116
885 116
886 116
886 116
886 116
886 116
887 116
887 116
887 116
887 116
888 116
888 116
888 116
888 116
889 116
889 116
889 116
889 116
890 116
890 116
890 116
891 116
891 116
891 116
891 116
892 116
892 116
892 116
892 116
893 116
893 116
893 116
893 116
894 116
894 116
894 116
894 116
895 116
895 116
895 116
895 116
896 116
896 116
896 116
897 116
897 116
897 116
897 116
898 116
898 116
898 116
898 116
898 116
898 116
898 116
899 116
899 116
899 116
899 116
900 116
900 116
900 116
900 116
901 116
901 116
901 116
901 116
902 116
902 116
902 116
902 116
903 116
903 116
903 116
904 116
904 116
904 116
904 116
905 116
905 116
905 116
905 116
906 116
906 116
906 116
906 116
907 116
907 116
907 116
907 116
908 116
908 116
908 116
908 116
909 116
909 116
909 116
910 116
910 116
910 116
910 116
911 116
911 116
911 116
911 116
912 116
912 116
912 116
912 116
913 116
913 116
913 116
913 116
914 116
914 116
914 116
914 116
915 116
915 116
915 116
915 116
916 116
916 116
916 116
916 116
917 116
917 116
917 116
917 116
918 116
918 116
918 116
919 116
919 117
919 117
919 117
920 117
920 117
920 117
920 117
921 117
921 117
921 117
921 117
922 117
922 117
922 117
922 117
923 117
923 117
923 117
924 117
924 117
924 117
924 117
925 117
925 117
925 117
925 117
926 117
926 117
926 117
926 117
927 117
927 117
927 117
927 117
928 117
928 117
928 117
928 117
929 117
929 117
929 117
929 117
929 117
929 117
930 117
930 117
930 117
930 117
931 117
931 117
931 117
931 117
932 117
932 117
932 117
932 117
933 117
933 117
933 117
933 117
934 117
934 117
934 117
934 117
935 117
935 117
935 117
935 117
936 117
936 117
936 117
936 117
937 117
937 117
937 117
937 117
938 117
938 117
938 117
939 117
939 117
939 117
939 117
940 117
940 117
940 117
940 117
941 117
941 117
941 117
941 117
942 117
942 117
942 117
942 117
943 117
943 117
943 117
943 117
944 117
944 117
944 117
944 117
945 117
945 117
945 117
946 117
946 117
946 117
946 117
947 117
947 117
947 117
947 117
948 117
948 117
948 117
949 117
949 117
949 117
949 117
950 117
950 117
950 117
950 117
951 117
951 117
951 117
951 117
952 117
952 117
952 117
952 117
953 117
953 117
953 117
953 117
954 117
954 117
954 117
954 117
955 117
955 117
955 117
955 117
956 117
956 117
956 117
956 117
957 117
957 117
957 117
957 117
958 117
958 117
958 117
958 117
959 117
959 117
959 117
960 117
960 117
960 117
960 117
961 117
961 117
961 117
961 117
962 117
962 117
962 117
962 117
962 117
962 117
962 117
963 117
963 117
963 117
963 117
964 117
964 117
964 117
964 117
965 117
965 117
965 117
965 117
966 117
966 117
966 117
966 117
967 117
967 117
967 117
967 117
968 117
968 117
968 117
969 117
969 117
969 117
969 117
970 117
970 117
970 117
970 117
971 117
971 117
971 117
971 117
972 117
972 117
972 117
972 117
973 117
973 117
973 117
973 117
974 117
974 117
974 117
974 117
975 117
975 117
975 117
975 117
976 117
976 117
976 117
976 117
977 117
977 117
977 117
977 117
978 117
978 117
978 117
979 117
979 117
979 117
979 117
980 117
980 117
980 117
980 117
981 117
981 117
981 117
981 117
982 117
982 117
982 117
982 117
983 117
983 117
983 117
984 117
984 117
984 117
984 117
985 117
985 117
985 117
985 117
986 117
986 117
986 117
986 117
987 117
987 117
987 117
987 117
988 117
988 117
988 117
989 117
989 117
989 117
989 117
990 117
990 117
990 117
990 117
991 117
991 117
991 117
991 117
992 117
992 117
992 117
992 117
993 117
993 117
993 117
993 117
994 117
994 117
994 117
994 117
995 117
995 117
995 117
995 117
996 117
996 117
996 117
996 117
997 117
997 117
997 117
997 117
998 117
998 117
998 117
998 117
999 117
999 117
999 117
1000 117
1000 117
1000 117
1000 117
1001 117
1001 117
1001 117
1001 117
1001 117
1001 117
1001 117
1002 117
1002 117
1002 117
1003 117
1003 117
1003 117
1003 117
1004 117
1004 117
1004 117
1004 117
1005 117
1005 117
1005 117
1005 117
1006 117
1006 117
1006 117
1006 117
1007 117
1007 117
1007 117
1008 117
1008 117
1008 117
1008 117
1009 117
1009 117
1009 117
1009 117
1010 117
1010 117
1010 117
1010 117
1011 117
1011 117
1011 117
1011 117
1012 117
1012 117
1012 117
1012 117
1013 117
1013 117
1013 117
1013 117
1014 117
1014 117
1014 117
1014 117
1015 117
1015 117
1015 117
1015 117
1016 117
1016 117
1016 117
1016 117
1017 117
1017 117
1017 117
1017 117
1018 117
1018 117
1018 117
1019 117
1019 117
1019 117
1019 117
1020 117
1020 117
1020 117
1020 117
1021 117
1021 117
1021 117
1021 117
1022 117
1022 117
1022 117
1022 117
1023 117
1023 117
1023 117
1024 117
1024 117
1024 117
1024 117
1025 117
1025 117
1025 117
1025 117
1026 117
1026 117
1026 117
1026 117
1027 117
1027 117
1027 117
1027 117
1028 117
1028 117
1028 117
1028 117
1028 117
1028 117
1029 117
1029 117
1029 117
1029 117
1030 117
1030 117
1030 117
1030 117
1031 117
1031 117
1031 117
1031 117
1032 117
1032 117
1032 117
1032 117
1033 117
1033 117
1033 117
1033 117
1034 117
1034 117
1034 117
1034 117
1035 117
1035 117
1035 117
1035 117
1036 117
1036 117
1036 117
1036 117
1037 117
1037 117
1037 117
1038 117
1038 117
1038 117
1038 117
1039 117
1039 117
1039 117
1039 117
1040 117
1040 117
1040 117
1040 117
1041 117
1041 117
1041 117
1041 117
1042 117
1042 117
1042 117
1042 117
1043 117
1043 117
1043 117
1044 117
1044 117
1044 117
1044 117
1045 117
1045 117
1045 117
1045 117
1046 117
1046 117
1046 117
1046 117
1047 117
1047 117
1047 117
1047 117
1048 117
1048 139
1048 139
1049 140
1050 140
1051 140
1052 140
1053 140
1054 140
1055 140
1056 140
1057 140
1058 140
1059 140
1060 140
1061 140
1062 140
1063 140
1064 140
1065 140
1066 140
1067 140
1068 140
1069 140
1070 140
1071 140
1072 140
1073 140
1074 140
1075 140
1076 140
1077 140
1078 140
1079 140
1080 140
1081 140
1082 140
1083 140
1084 140
1085 140
1086 140
1087 140
1088 140
1089 140
1090 140
1091 140
1092 140
1093 140
1094 140
1095 140
1096 140
1097 140
1098 140
1099 140
1100 140
1101 140
1102 140
1103 140
1104 140
1105 140
1106 140
1107 140
1108 140
1109 140
1110 140
1111 140
1112 140
1113 140
1114 140
1115 140
1116 140
1117 140
1118 140
1119 140
1120 140
1121 140
1122 140
1123 140
1124 140
1125 140
1126 140
1127 140
1128 140
1129 140
1130 140
1131 140
1132 140
1133 140
1134 140
1135 140
1136 140
1137 140
1138 140
1139 140
1140 140
1141 140
1142 140
1143 140
1144 140
1145 140
1146 140
1147 140
1148 140
1149 140
1150 140
1151 140
1152 140
1153 140
1154 140
1155 140
1156 140
1157 140
1158 140
1159 140
1160 140
1161 140
1162 140
1163 140
1164 140
1165 140
1166 140
1167 140
1168 140
1169 140
1170 140
1171 140
1172 140
1173 140
1174 140
1175 140
1176 140
1177 140
1178 140
1179 140
1180 140
1181 140
1182 140
1183 140
1184 140
1185 140
1186 140
1187 140
1188 140
1189 140
1190 140
1191 140
1192 140
1193 140
1194 140
1195 140
1196 140
1197 140
1198 140
1199 140
1200 140
1201 140
1202 140
1203 140
1204 140
1205 140
1206 140
1207 140
1208 140
1209 140
1210 140
1211 140
1212 140
1213 140
1214 140
1215 140
1216 140
1217 140
1218 140
1219 140
1220 140
1221 140
1222 140
1223 140
1224 140
1225 140
1226 140
1227 140
1228 140
1229 140
1230 140
1231 140
1232 140
1233 140
1234 140
1235 140
1236 140
1237 140
1238 140
1239 140
1240 140
1241 140
1242 140
1243 140
1244 140
1245 140
1246 140
1247 140
1248 140
1249 140
1250 140
1251 140
1252 140
1253 140
1254 140
1255 140
1256 140
1257 140
1258 140
1259 140
1260 140
1261 140
1262 140
1263 140
1264 140
1265 140
1266 140
1267 140
1268 140
1269 140
1270 140
1271 140
1272 140
1273 140
1274 140
1275 140
1276 140
1277 140
1278 140
1279 140
1280 140
1281 140
1282 140
1283 140
1284 140
1285 140
1286 140
1287 140
1288 140
1289 140
1290 140
1291 140
1292 140
1293 140
1294 140
1295 140
1296 140
1297 140
1298 140
1299 140
1300 140
1301 140
1302 140
1303 140
1304 140
1305 140
1306 140
1307 140
1308 140
1309 140
1310 140
1311 140
1312 140
1313 140
1314 140
1315 140
1316 140
1317 140
1318 140
1319 140
1320 140
1321 140
1322 140
1323 140
1324 140
1325 140
1326 140
1327 140
1328 140
1329 140
1330 140
1331 140
1332 140
1333 140
1334 140
1335 140
1336 140
1337 140
1338 140
1339 140
1340 140
1341 140
1342 140
1343 140
1344 140
1345 140
1346 140
1347 140
1348 140
1349 140
1350 140
1351 140
1352 140
1353 140
1354 140
1355 140
1356 140
1357 140
1358 140
1359 140
1360 140
1361 140
1362 140
1363 140
1364 140
1365 140
1366 140
1367 140
1368 140
1369 140
1370 140
1371 140
1372 140
1373 140
1374 140
1375 140
1376 140
1377 140
1378 140
1379 140
1380 140
1381 140
1382 140
1383 140
1384 140
1385 140
1386 140
1387 140
1388 140
1389 140
1390 140
1391 140
1392 140
1393 140
1394 140
1395 140
1396 140
1397 140
1398 140
1399 140
1400 140
1401 140
1402 140
1403 140
1404 140
1405 140
1406 140
1407 140
1408 140
1409 140
1410 140
1411 140
1412 140
1413 140
1414 140
1415 140
1416 140
1417 140
1418 140
1419 140
1420 140
1421 140
1422 140
1423 140
1424 140
1425 140
1426 140
1427 140
1428 140
1429 140
1430 140
1431 140
1432 140
1433 140
1434 140
1435 140
1436 140
1437 140
1438 140
1439 140
1440 140
1441 140
1442 140
1443 140
1444 140
1445 140
1446 140
1447 140
1448 140
1449 140
1450 140
1451 140
1452 140
1453 140
1454 140
1455 140
1456 140
1457 140
1458 140
1459 140
1460 140
1461 140
1462 140
1463 140
1464 140
1465 140
1466 140
1467 140
1468 140
1469 140
1470 140
1471 140
1472 140
1473 140
1474 140
1475 140
1476 140
1477 140
1478 140
1479 140
1480 140
1481 140
1482 140
1483 140
1484 140
1485 140
1486 140
1487 140
1488 140
1489 140
1490 140
1491 140
1492 140
1493 140
1494 140
1495 140
1496 140
1497 140
1498 140
1499 140
1500 140
1501 140
1502 140
1503 140
1504 140
1505 140
1506 140
1507 140
1508 140
1509 140
1510 140
1511 140
1512 140
1513 140
1514 140
1515 140
1516 140
1517 140
1518 140
1519 140
1520 140
1521 140
1522 140
1523 140
1524 140
1525 140
1526 140
1527 140
1528 140
1529 140
1530 140
1531 140
1532 140
1533 140
1534 140
1535 140
1536 140
1537 140
1538 140
1539 140
1540 140
1541 140
1542 140
1543 140
1544 140
1545 140
1546 140
1547 140
1548 140
1549 140
1550 140
1551 140
1552 140
1553 140
1554 140
1555 140
1556 140
1557 140
1558 140
1559 140
1560 140
1561 140
1562 140
1563 140
1564 140
1565 140
1566 140
1567 140
1568 140
1569 140
1570 140
1571 140
1572 140
1573 140
1574 140
1575 140
1576 140
1577 140
1578 140
1579 140
1580 140
1581 140
1582 140
1583 140
1584 140
1585 140
1586 140
1587 140
1588 140
1589 140
1590 140
1591 140
1592 140
1593 140
1594 140
1595 140
1596 140
1597 140
1598 140
1599 140
1600 140
1601 140
1602 140
1603 140
1604 140
1605 140
1606 140
1607 140
1608 140
1609 140
1610 140
1611 140
1612 140
1613 140
1614 140
1615 140
1616 140
1617 140
1618 140
1619 140
1620 140
1621 140
1622 140
1623 140
1624 140
1625 140
1626 140
1627 140
1628 140
1629 140
1630 140
1631 140
1632 140
1633 140
1634 140
1635 140
1636 140
1637 140
1638 140
1639 140
1640 140
1641 140
1642 140
1643 140
1644 140
1645 140
1646 140
1647 140
1648 140
1649 140
1650 140
1651 140
1652 140
1653 140
1654 140
1655 140
1656 140
1657 140
1658 140
1659 140
1660 140
1661 140
1662 140
1663 140
1664 140
1665 140
1666 140
1667 140
1668 140
1669 140
1670 140
1671 140
1672 140
1673 140
1674 140
1675 140
1676 140
1677 140
1678 140
1679 140
1680 140
1681 140
1682 140
1683 140
1684 140
1685 140
1686 140
1687 140
1688 140
1689 140
1690 140
1691 140
1692 140
1693 140
1694 140
1695 140
1696 140
1697 140
1698 140
1699 140
1700 140
1701 140
1702 140
1703 140
1704 140
1705 140
1706 140
1707 140
1708 140
1709 140
1710 140
1711 140
1712 140
1713 140
1714 140
1715 140
1716 140
1717 140
1718 140
1719 140
1720 140
1721 140
1722 140
1723 140
1724 140
1725 140
1726 140
1727 140
1728 140
1729 140
1730 140
1731 140
1732 140
1733 140
1734 140
1735 140
1736 140
1737 140
1738 140
1739 140
1740 140
1741 140
1742 140
1743 140
1744 140
1745 140
1746 140
1747 140
1748 140
1749 140
1750 140
1751 140
1752 140
1753 140
1754 140
1755 140
1756 140
1757 140
1758 140
1759 140
1760 140
1761 140
1762 140
1763 140
1764 140
1765 140
1766 140
1767 140
1768 140
1769 140
1770 140
1771 140
1772 140
1773 140
1774 140
1775 140
1776 140
1777 140
1778 140
1779 140
1780 140
1781 140
1782 140
1783 140
1784 140
1785 140
1786 140
1787 140
1788 140
1789 140
1790 140
1791 140
1792 140
1793 140
1794 140
1795 140
1796 140
1797 140
1798 140
1799 140
1800 140
