
0 0
0 0
0 0
1 0
1 0
1 0
1 0
2 0
2 0
2 0
2 0
3 0
3 0
3 0
3 0
4 0
4 0
4 0
4 0
5 0
5 0
5 0
5 0
6 0
6 0
6 0
6 0
7 0
7 0
7 0
7 0
8 0
8 0
8 0
8 0
9 0
9 0
9 0
9 0
10 0
10 0
10 0
10 0
11 0
11 0
11 0
11 0
12 0
12 0
12 0
12 0
13 0
13 0
13 0
13 0
14 0
14 0
14 0
14 0
15 0
15 0
15 0
15 0
16 0
16 0
16 0
16 0
17 0
17 0
17 0
17 0
18 0
18 0
18 0
18 0
19 0
19 0
19 0
19 0
20 0
20 0
20 0
20 0
21 0
21 0
21 0
21 0
22 0
22 0
22 0
22 0
23 0
23 0
23 0
23 0
24 0
24 0
24 0
24 0
25 0
25 0
25 0
25 0
26 0
26 0
26 0
26 0
27 0
27 0
27 0
27 0
28 0
28 0
28 0
28 0
29 0
29 0
29 0
29 0
30 0
30 0
30 0
30 0
31 0
31 0
31 0
31 0
32 0
32 0
32 0
32 0
33 0
33 0
33 0
33 0
34 0
34 0
34 0
34 0
35 0
35 0
35 0
35 0
36 0
36 0
36 0
36 0
37 0
37 0
37 0
37 0
38 0
38 0
38 0
38 0
39 0
39 0
39 0
39 0
40 0
40 0
40 0
40 0
41 0
41 0
41 0
41 0
42 0
42 0
42 0
42 0
43 0
43 0
43 0
43 0
44 0
44 0
44 0
44 0
45 0
45 0
45 0
45 0
46 0
46 0
46 0
46 0
47 0
47 0
47 0
47 0
48 0
48 0
48 0
48 0
49 0
49 0
49 0
49 0
50 0
50 0
50 0
50 0
51 0
51 0
51 0
51 0
52 0
52 0
52 0
52 0
53 0
53 0
53 0
53 0
54 0
54 0
54 0
54 0
55 0
55 0
55 0
55 0
56 0
56 0
56 0
56 0
57 0
57 0
57 0
57 0
58 0
58 0
58 0
58 0
59 0
59 0
59 0
59 0
60 0
60 0
60 0
60 0
61 0
61 0
61 0
61 0
62 20
62 20
62 20
62 20
63 20
63 20
63 20
63 20
64 20
64 20
64 20
64 20
65 20
65 20
65 20
65 20
66 20
66 20
66 20
66 20
67 20
67 20
67 20
67 20
68 20
68 20
68 20
68 20
69 20
69 20
69 20
69 20
70 20
70 20
70 20
70 20
71 20
71 20
71 20
71 20
72 20
72 20
72 20
72 20
73 20
73 20
73 20
73 20
74 20
74 20
74 20
74 20
75 20
75 20
75 20
75 20
76 20
76 20
76 20
76 20
77 20
77 20
77 20
77 20
78 20
78 20
78 20
78 20
79 20
79 20
79 20
79 20
80 20
80 20
80 20
80 20
81 20
81 20
81 20
81 20
82 20
82 20
82 20
82 20
83 20
83 20
83 20
83 20
84 20
84 20
84 20
84 20
85 20
85 20
85 20
85 20
86 20
86 20
86 20
86 20
87 20
87 20
87 20
87 20
88 20
88 20
88 20
88 20
89 20
89 20
89 20
89 20
90 20
90 20
90 20
90 20
91 20
91 20
91 20
91 20
92 20
92 20
92 20
92 20
93 20
93 20
93 20
93 20
94 20
94 20
94 20
94 20
95 20
95 20
95 20
95 20
96 20
96 20
96 20
96 20
97 20
97 20
97 20
97 20
98 20
98 20
98 20
98 20
99 20
99 20
99 20
99 20
100 20
100 20
100 20
100 20
101 20
101 20
101 20
101 20
102 20
102 20
102 20
102 20
103 20
103 20
103 20
103 20
104 20
104 20
104 20
104 20
105 20
105 20
105 20
105 20
106 20
106 20
106 20
106 20
107 20
107 20
107 20
107 20
108 20
108 20
108 20
108 20
109 20
109 20
109 20
109 20
110 20
110 20
110 20
110 20
111 20
111 20
111 20
111 20
112 20
112 20
112 20
112 20
113 20
113 20
113 20
113 20
114 20
114 20
114 20
114 20
115 20
115 20
115 20
115 20
116 20
116 20
116 20
116 20
117 20
117 20
117 21
117 21
118 21
118 21
118 21
118 21
119 21
119 21
119 21
119 21
120 21
120 21
120 21
120 21
121 21
121 21
121 21
121 21
122 21
122 21
122 21
122 21
123 21
123 21
123 21
123 21
124 21
124 21
124 21
124 21
125 21
125 21
125 21
125 21
126 21
126 21
126 21
126 21
127 21
127 21
127 21
127 21
128 21
128 21
128 21
128 21
129 21
129 21
129 21
129 21
130 21
130 21
130 21
130 21
131 21
131 21
131 21
131 21
132 21
132 21
132 21
132 21
133 21
133 21
133 21
133 21
134 21
134 21
134 21
134 21
135 21
135 21
135 21
135 21
136 21
136 21
136 21
136 21
137 21
137 21
137 21
137 23
138 23
138 23
138 23
138 23
139 23
139 23
139 23
139 23
140 23
140 23
140 23
140 23
141 23
141 23
141 23
141 23
142 23
142 23
142 23
142 23
143 23
143 23
143 23
143 23
144 23
144 23
144 23
144 23
145 23
145 23
145 23
145 23
146 23
146 23
146 23
146 23
147 23
147 23
147 23
147 23
148 23
148 23
148 23
148 23
149 23
149 23
149 23
149 23
150 23
150 23
150 23
150 23
151 23
151 23
151 23
151 23
152 23
152 23
152 23
152 23
153 23
153 23
153 23
153 23
154 23
154 23
154 23
154 23
155 23
155 23
155 23
155 23
156 23
156 23
156 23
156 23
157 23
157 23
157 23
157 23
158 23
158 23
158 23
158 23
159 23
159 23
159 23
159 23
160 23
160 23
160 23
160 23
161 23
161 23
161 23
161 23
162 23
162 23
162 23
162 23
163 23
163 23
163 23
163 23
164 23
164 23
164 23
164 23
165 23
165 23
165 23
165 23
166 23
166 23
166 23
166 23
167 23
167 23
167 23
167 23
168 23
168 23
168 23
168 23
169 23
169 23
169 23
169 23
170 23
170 23
170 23
170 23
171 23
171 23
171 23
171 23
172 23
172 23
172 23
172 23
173 23
173 23
173 23
173 23
174 23
174 23
174 23
174 23
175 23
175 23
175 23
175 23
176 23
176 23
176 23
176 23
177 23
177 23
177 23
177 23
178 23
178 23
178 23
178 23
179 23
179 23
179 23
179 23
180 23
180 23
180 23
180 23
181 23
181 23
181 23
181 23
182 23
182 23
182 23
182 23
183 23
183 23
183 23
183 23
184 34
184 34
184 34
184 34
185 34
185 34
185 34
185 34
186 34
186 34
186 34
186 34
187 34
187 34
187 34
187 34
188 34
188 34
188 34
188 34
189 34
189 34
189 34
189 34
190 34
190 34
190 34
190 34
191 34
191 34
191 34
191 34
192 34
192 34
192 34
192 34
193 34
193 34
193 34
193 34
194 34
194 34
194 34
194 34
195 34
195 34
195 34
195 34
196 34
196 34
196 34
196 34
197 34
197 34
197 34
197 34
198 34
198 34
198 34
198 34
199 34
199 34
199 34
199 34
200 34
200 34
200 34
200 34
201 34
201 34
201 34
201 34
202 34
202 34
202 34
202 34
203 34
203 34
203 34
203 34
204 34
204 34
204 34
204 34
205 34
205 34
205 34
205 34
206 34
206 34
206 34
206 34
207 34
207 34
207 34
207 34
208 34
208 35
208 35
208 35
209 35
209 35
209 35
209 35
210 35
210 35
210 35
210 35
211 35
211 35
211 35
211 35
212 35
212 35
212 35
212 35
213 35
213 35
213 35
213 35
214 35
214 35
214 35
214 35
215 35
215 35
215 35
215 35
216 35
216 35
216 35
216 36
217 36
217 36
217 36
217 36
218 36
218 36
218 36
218 36
219 36
219 36
219 36
219 36
220 36
220 36
220 36
220 36
221 36
221 36
221 36
221 36
222 36
222 36
222 36
222 36
223 36
223 36
223 36
223 36
224 36
224 36
224 36
224 36
225 36
225 36
225 36
225 36
226 36
226 36
226 36
226 36
227 36
227 36
227 36
227 36
228 36
228 36
228 36
228 36
229 36
229 36
229 36
229 36
230 36
230 36
230 36
230 36
231 36
231 36
231 36
231 36
232 36
232 36
232 36
232 36
233 36
233 36
233 36
233 36
234 36
234 36
234 36
234 36
235 36
235 36
235 36
235 36
236 36
236 36
236 36
236 36
237 36
237 36
237 36
237 36
238 36
238 36
238 36
238 36
239 36
239 36
239 36
239 36
240 36
240 36
240 36
240 36
241 36
241 36
241 36
241 36
242 36
242 36
242 36
242 36
243 36
243 36
243 36
243 36
244 36
244 36
244 36
245 36
245 36
245 36
245 36
246 36
246 36
246 36
246 36
247 36
247 36
247 36
247 36
248 36
248 36
248 36
248 36
249 36
249 36
249 36
250 36
250 36
250 36
250 36
251 36
251 36
251 36
251 36
252 36
252 36
252 36
252 36
253 36
253 36
253 36
254 36
254 36
254 36
254 36
255 36
255 36
255 36
255 36
256 36
256 36
256 36
256 36
257 36
257 36
257 36
257 36
258 36
258 36
258 36
258 36
259 36
259 36
259 36
260 36
260 36
260 36
260 36
261 36
261 36
261 36
261 36
262 36
262 36
262 36
262 36
263 39
263 39
263 39
263 39
264 39
264 39
264 39
264 39
265 39
265 39
265 39
265 39
266 39
266 39
266 39
266 39
266 39
266 39
267 39
267 39
267 39
267 39
268 39
268 39
268 39
268 39
269 39
269 39
269 39
270 39
270 39
270 39
270 39
270 39
270 39
270 39
271 39
271 39
271 39
271 39
272 39
272 39
272 39
272 39
273 39
273 39
273 39
273 39
274 39
274 39
274 39
274 39
275 39
275 39
275 39
275 39
276 39
276 39
276 39
276 39
276 39
276 39
276 39
277 39
277 39
277 39
277 39
278 39
278 39
278 39
278 39
278 39
278 39
279 39
279 39
279 39
279 39
280 39
280 39
280 39
280 39
281 39
281 39
281 39
281 39
282 39
282 39
282 39
282 39
283 39
283 39
283 39
283 39
284 39
284 39
284 39
284 39
285 39
285 39
285 39
285 39
286 39
286 39
286 39
286 39
287 39
287 39
287 39
288 39
288 39
288 39
288 39
289 39
289 39
289 39
289 39
290 39
290 39
290 39
290 39
291 39
291 39
291 39
291 39
292 39
292 39
292 39
292 39
293 39
293 39
293 39
293 39
294 39
294 39
294 39
294 39
295 39
295 39
295 39
295 39
296 39
296 39
296 39
296 39
297 39
297 39
297 39
297 39
298 39
298 39
298 39
298 39
299 39
299 39
299 39
299 39
300 39
300 39
300 39
300 39
301 39
301 39
301 39
301 39
302 39
302 39
302 39
302 39
303 39
303 39
303 39
303 39
304 39
304 39
304 39
304 39
305 39
305 39
305 39
305 39
306 39
306 39
306 39
306 39
307 39
307 39
307 39
307 39
308 39
308 39
308 39
308 39
309 39
309 39
309 39
309 39
310 39
310 39
310 39
310 39
311 39
311 39
311 39
311 39
312 39
312 39
312 39
312 39
313 39
313 39
313 39
313 39
314 39
314 39
314 39
314 39
315 39
315 39
315 39
315 39
316 39
316 39
316 39
316 39
317 39
317 39
317 39
317 39
318 39
318 39
318 39
318 39
319 39
319 39
319 39
319 39
320 39
320 39
320 39
320 39
321 39
321 39
321 39
321 39
322 39
322 39
322 39
322 39
323 39
323 39
323 39
323 39
324 39
324 39
324 39
324 39
325 39
325 39
325 39
325 39
326 39
326 39
326 39
326 39
327 39
327 39
327 39
327 39
328 39
328 39
328 39
328 39
329 39
329 39
329 39
329 39
330 39
330 39
330 39
330 39
331 39
331 39
331 39
331 39
332 39
332 39
332 39
332 39
333 39
333 39
333 39
333 39
334 39
334 39
334 39
334 39
335 39
335 39
335 39
335 39
336 39
336 39
336 39
336 39
337 39
337 39
337 39
337 39
338 39
338 39
338 39
338 39
339 39
339 39
339 39
339 39
340 39
340 39
340 39
340 39
341 39
341 39
341 39
341 39
342 39
342 39
342 39
342 39
343 39
343 39
343 39
343 39
344 39
344 39
344 39
344 39
345 39
345 39
345 39
345 39
346 39
346 39
346 39
346 39
347 39
347 39
347 39
347 39
348 39
348 39
348 39
348 39
349 39
349 39
349 39
349 39
350 39
350 39
350 39
350 39
351 39
351 39
351 39
351 39
352 39
352 39
352 39
352 39
353 39
353 39
353 39
353 39
354 39
354 39
354 39
354 39
355 39
355 39
355 39
355 39
356 39
356 39
356 39
356 39
357 39
357 39
357 39
357 39
358 39
358 39
358 39
358 39
359 39
359 39
359 39
359 39
360 39
360 39
360 39
360 39
361 39
361 39
361 39
361 39
362 39
362 39
362 39
362 39
363 39
363 39
363 39
363 39
364 39
364 39
364 39
364 39
365 39
365 39
365 39
365 39
366 39
366 39
366 39
366 39
367 39
367 39
367 39
367 39
368 39
368 39
368 39
368 39
369 39
369 39
369 39
369 39
370 39
370 39
370 39
370 39
371 39
371 39
371 39
371 39
372 39
372 39
372 39
372 39
373 39
373 39
373 39
373 39
374 39
374 39
374 39
374 39
375 39
375 39
375 39
375 39
376 39
376 39
376 39
376 39
377 39
377 39
377 39
377 39
378 39
378 39
378 39
378 39
379 39
379 39
379 39
379 39
380 39
380 39
380 39
380 39
381 39
381 39
381 39
381 39
382 39
382 39
382 39
382 39
383 39
383 39
383 39
383 39
384 39
384 39
384 39
384 39
385 39
385 39
385 39
385 39
386 39
386 39
386 39
386 39
387 39
387 39
387 39
387 39
388 39
388 48
388 48
388 48
389 48
389 48
389 48
389 48
390 48
390 48
390 48
390 48
391 48
391 48
391 48
391 48
392 48
392 48
392 48
392 48
393 48
393 48
393 48
393 48
394 48
394 48
394 48
394 48
395 48
395 48
395 48
395 48
396 48
396 48
396 48
396 48
397 48
397 48
397 48
397 48
398 48
398 48
398 48
398 48
399 48
399 48
399 48
399 48
400 48
400 48
400 48
400 48
401 48
401 48
401 48
401 48
402 48
402 48
402 48
402 48
403 48
403 48
403 48
403 48
404 48
404 48
404 48
404 48
405 48
405 48
405 48
405 48
406 48
406 48
406 48
406 48
407 48
407 48
407 48
407 48
408 48
408 48
408 48
408 48
409 48
409 48
409 48
409 48
410 48
410 48
410 48
410 48
411 48
411 48
411 48
411 48
412 48
412 48
412 48
412 48
413 48
413 48
413 48
413 48
414 48
414 48
414 48
414 48
415 48
415 48
415 48
415 48
416 48
416 48
416 48
416 48
417 48
417 48
417 48
417 48
418 48
418 48
418 48
418 48
419 48
419 48
419 48
419 48
420 48
420 48
420 48
420 48
421 48
421 48
421 48
421 48
422 48
422 48
422 48
422 48
423 48
423 48
423 48
423 48
424 48
424 48
424 48
424 48
425 48
425 48
425 48
425 48
426 48
426 48
426 48
426 48
427 48
427 48
427 48
427 48
428 48
428 48
428 48
428 48
429 48
429 48
429 48
429 48
430 48
430 48
430 48
430 48
431 48
431 48
431 48
431 48
432 48
432 48
432 48
432 48
433 48
433 48
433 48
433 48
434 48
434 48
434 48
434 48
435 48
435 48
435 48
435 48
436 48
436 48
436 48
436 48
437 48
437 48
437 48
437 48
438 48
438 48
438 48
438 48
439 48
439 48
439 48
439 48
440 48
440 48
440 48
440 48
441 48
441 48
441 48
441 48
442 48
442 48
442 48
442 48
443 48
443 48
443 48
443 48
444 48
444 48
444 48
444 48
445 48
445 48
445 48
446 48
446 48
446 48
446 48
447 48
447 48
447 48
447 48
448 48
448 48
448 48
448 48
449 48
449 48
449 48
449 48
450 48
450 48
450 48
450 48
451 48
451 48
451 48
451 48
452 48
452 48
452 48
452 48
453 48
453 48
453 48
453 48
454 48
454 48
454 48
454 48
455 48
455 48
455 48
455 48
456 48
456 48
456 48
456 48
457 48
457 48
457 48
457 48
458 48
458 48
458 48
458 48
459 48
459 48
459 48
459 48
460 48
460 48
460 48
460 48
461 48
461 48
461 48
461 48
462 48
462 48
462 48
462 48
463 48
463 48
463 48
463 48
464 48
464 48
464 48
464 48
465 48
465 48
465 48
465 48
466 48
466 48
466 48
466 48
467 48
467 48
467 48
467 48
468 48
468 48
468 48
468 48
469 48
469 48
469 48
469 48
470 48
470 48
470 48
470 48
471 48
471 48
471 48
471 48
472 48
472 48
472 48
472 48
473 48
473 48
473 48
473 48
474 48
474 48
474 48
474 48
475 48
475 48
475 48
475 48
476 48
476 48
476 48
476 48
477 48
477 48
477 48
477 48
478 48
478 48
478 48
478 48
479 48
479 48
479 48
479 48
480 48
480 48
480 48
480 48
481 48
481 48
481 48
481 48
482 48
482 48
482 48
482 48
483 48
483 48
483 48
483 48
484 48
484 48
484 48
484 48
485 48
485 48
485 48
485 48
486 48
486 48
486 48
486 48
487 48
487 48
487 48
487 48
488 48
488 48
488 48
488 48
489 48
489 48
489 48
489 48
490 48
490 48
490 48
490 48
491 48
491 48
491 48
491 48
492 48
492 48
492 48
492 48
493 48
493 48
493 48
493 48
494 48
494 48
494 48
494 48
495 48
495 48
495 48
495 48
496 48
496 48
496 48
496 48
497 48
497 48
497 49
497 49
498 49
498 49
498 49
498 49
499 49
499 49
499 49
499 49
500 49
500 49
500 49
500 49
501 49
501 49
501 49
501 49
502 49
502 49
502 49
502 49
503 49
503 49
503 49
503 49
504 49
504 49
504 49
504 49
505 49
505 49
505 49
505 49
506 49
506 49
506 49
506 49
507 49
507 49
507 49
507 49
508 49
508 49
508 49
508 49
509 49
509 49
509 49
509 49
510 49
510 49
510 49
510 49
511 49
511 49
511 49
511 49
512 49
512 49
512 49
512 49
513 49
513 49
513 49
513 49
514 49
514 49
514 49
514 49
515 49
515 49
515 49
515 49
516 49
516 49
516 49
516 49
517 49
517 49
517 49
517 49
518 49
518 49
518 49
518 49
519 49
519 49
519 49
519 49
520 49
520 49
520 49
520 49
521 49
521 49
521 49
521 49
522 49
522 49
522 49
522 49
523 49
523 49
523 49
523 49
524 49
524 49
524 49
524 49
525 49
525 49
525 49
525 49
526 49
526 49
526 49
526 49
527 49
527 49
527 49
527 49
528 49
528 49
528 49
528 49
529 49
529 49
529 49
529 49
530 49
530 49
530 49
530 49
531 49
531 49
531 49
531 49
532 49
532 49
532 49
532 49
533 49
533 49
533 49
533 49
534 49
534 49
534 49
534 49
535 49
535 49
535 49
535 49
536 49
536 49
536 49
536 49
537 49
537 49
537 49
537 49
538 49
538 49
538 49
538 49
539 49
539 49
539 49
539 49
540 49
540 49
540 49
540 49
541 49
541 49
541 49
541 49
542 49
542 49
542 49
542 49
543 49
543 49
543 49
543 49
544 49
544 49
544 49
544 49
545 49
545 49
545 49
545 49
546 49
546 49
546 49
546 49
547 49
547 49
547 49
547 49
548 49
548 49
548 49
548 49
549 49
549 49
549 49
549 49
550 49
550 49
550 49
550 49
551 49
551 49
551 49
551 49
552 49
552 49
552 49
552 49
553 49
553 49
553 49
553 49
554 49
554 49
554 49
554 49
555 49
555 49
555 49
555 49
556 49
556 49
556 49
556 49
557 49
557 49
557 49
557 49
558 49
558 49
558 49
558 49
559 49
559 49
559 49
559 49
560 49
560 49
560 49
560 49
561 49
561 49
561 49
561 49
562 49
562 49
562 49
562 49
563 49
563 49
563 49
563 49
564 49
564 49
564 49
564 49
565 49
565 49
565 49
565 49
566 49
566 49
566 49
566 49
567 49
567 49
567 49
567 49
568 49
568 49
568 49
568 49
569 49
569 49
569 49
569 49
570 49
570 49
570 49
570 49
571 49
571 49
571 49
571 49
572 49
572 49
572 49
572 49
573 49
573 49
573 49
573 49
574 49
574 49
574 49
574 49
575 49
575 49
575 49
575 49
576 49
576 49
576 49
576 49
577 49
577 49
577 49
577 49
578 49
578 49
578 49
578 49
579 49
579 49
579 49
579 49
580 49
580 49
580 49
580 49
581 49
581 49
581 49
581 49
582 49
582 49
582 49
582 49
583 49
583 49
583 49
583 49
584 49
584 49
584 49
584 49
585 49
585 49
585 49
585 49
586 49
586 49
586 49
586 49
587 49
587 49
587 49
587 49
588 49
588 49
588 49
588 49
589 49
589 49
589 49
589 49
590 49
590 49
590 49
590 49
591 49
591 49
591 49
591 49
592 49
592 49
592 49
592 49
593 49
593 49
593 49
593 49
594 49
594 49
594 49
594 49
595 49
595 49
595 49
595 49
596 49
596 49
596 49
596 49
597 49
597 49
597 49
597 49
598 49
598 49
598 49
598 49
599 49
599 49
599 49
599 49
600 49
600 49
600 49
600 49
601 49
601 49
601 49
601 49
602 49
602 49
602 49
602 49
603 49
603 49
603 49
603 49
604 49
604 49
604 49
604 49
605 49
605 49
605 49
605 49
606 49
606 49
606 49
606 49
607 49
607 49
607 49
607 49
608 49
608 49
608 49
608 49
609 49
609 49
609 49
609 49
610 49
610 49
610 49
610 49
611 49
611 49
611 49
611 49
612 49
612 49
612 49
612 49
613 49
613 49
613 49
613 49
614 49
614 49
614 49
614 49
615 49
615 49
615 77
615 77
616 77
616 77
616 77
616 77
617 77
617 77
617 77
617 77
618 77
618 77
618 77
618 77
619 77
619 77
619 77
619 77
620 77
620 77
620 77
620 77
621 77
621 77
621 77
621 77
622 77
622 77
622 77
622 77
623 77
623 77
623 77
623 77
624 77
624 77
624 77
624 77
625 77
625 77
625 77
625 77
626 77
626 77
626 77
626 77
627 77
627 77
627 77
627 77
628 77
628 77
628 77
628 77
629 77
629 77
629 77
629 77
630 77
630 77
630 77
630 77
631 77
631 77
631 77
631 77
632 77
632 77
632 77
632 77
633 77
633 77
633 77
633 77
634 77
634 77
634 77
634 77
635 77
635 77
635 77
635 77
636 77
636 77
636 77
636 77
637 77
637 77
637 77
637 77
638 77
638 77
638 77
638 77
639 77
639 77
639 77
639 77
640 77
640 77
640 77
640 77
641 77
641 77
641 77
641 77
642 77
642 77
642 77
642 77
643 77
643 77
643 77
643 77
644 77
644 77
644 77
644 77
645 77
645 77
645 77
645 77
646 77
646 77
646 77
646 77
647 77
647 77
647 77
647 77
648 77
648 77
648 77
648 77
649 77
649 77
649 77
649 77
650 77
650 77
650 77
650 77
651 77
651 77
651 77
651 77
652 77
652 77
652 77
652 77
653 77
653 77
653 77
653 77
654 77
654 77
654 77
654 77
655 77
655 77
655 77
655 77
656 77
656 77
656 77
656 77
657 77
657 77
657 77
657 77
658 77
658 77
658 77
658 77
659 77
659 77
659 77
659 77
660 77
660 77
660 77
660 77
661 77
661 77
661 77
661 77
662 77
662 77
662 77
662 77
663 77
663 77
663 77
663 77
664 77
664 77
664 77
664 77
665 77
665 77
665 84
665 84
666 84
666 84
666 84
666 84
667 84
667 84
667 84
667 84
668 84
668 84
668 84
668 84
669 84
669 84
669 84
669 84
670 84
670 84
670 84
670 84
671 84
671 84
671 84
671 84
672 84
672 84
672 84
672 84
673 84
673 84
673 84
673 84
674 84
674 84
674 84
674 84
675 84
675 84
675 84
675 84
676 84
676 84
676 84
676 84
677 84
677 84
677 84
677 84
678 84
678 84
678 84
678 84
679 84
679 84
679 84
679 84
680 84
680 84
680 84
680 84
681 84
681 84
681 84
681 84
682 84
682 84
682 84
682 84
683 84
683 84
683 84
683 84
684 84
684 84
684 84
684 84
685 84
685 84
685 84
685 84
686 84
686 84
686 84
686 84
687 84
687 84
687 84
687 84
688 84
688 84
688 84
688 84
689 84
689 84
689 84
689 84
690 84
690 84
690 84
690 84
691 84
691 84
691 84
691 84
692 84
692 84
692 84
692 84
693 84
693 84
693 84
693 84
694 84
694 84
694 84
694 84
695 84
695 84
695 84
695 84
696 84
696 84
696 84
696 84
697 84
697 84
697 84
697 84
698 84
698 84
698 84
698 84
699 84
699 84
699 84
699 84
700 84
700 84
700 84
700 84
701 84
701 84
701 84
701 84
702 84
702 84
702 84
702 84
703 84
703 84
703 84
703 84
704 84
704 84
704 84
704 84
705 84
705 84
705 84
705 84
706 84
706 84
706 84
706 84
707 84
707 84
707 84
707 84
708 84
708 84
708 84
708 84
709 84
709 84
709 84
709 84
710 84
710 84
710 84
710 84
711 84
711 84
711 84
711 84
712 84
712 84
712 84
712 84
713 84
713 84
713 84
713 84
714 84
714 84
714 84
714 84
715 84
715 84
715 84
715 84
716 84
716 84
716 84
716 84
717 84
717 84
717 84
717 84
718 84
718 84
718 84
718 84
719 84
719 84
719 84
719 84
720 84
720 84
720 84
720 84
721 84
721 84
721 84
721 84
722 84
722 84
722 84
722 84
723 84
723 84
723 84
723 84
724 84
724 84
724 84
724 84
725 84
725 84
725 84
725 84
726 84
726 84
726 84
726 84
727 84
727 84
727 84
727 84
728 84
728 84
728 84
728 84
729 84
729 84
729 84
729 84
730 84
730 84
730 84
730 84
731 84
731 84
731 84
731 84
732 84
732 84
732 84
732 84
733 84
733 84
733 84
733 84
734 84
734 84
734 84
734 84
735 84
735 84
735 84
735 84
736 84
736 84
736 84
736 84
737 84
737 84
737 84
737 84
738 84
738 84
738 84
738 84
739 84
739 84
739 84
739 84
740 84
740 84
740 84
740 84
741 84
741 84
741 84
741 84
742 84
742 84
742 84
742 84
743 84
743 84
743 84
743 84
744 84
744 84
744 84
744 84
745 84
745 84
745 84
745 84
746 84
746 84
746 84
746 84
747 84
747 84
747 84
747 84
748 84
748 84
748 84
748 84
749 84
749 84
749 84
749 84
750 84
750 84
750 84
750 84
751 84
751 84
751 84
751 84
752 84
752 84
752 84
752 84
753 84
753 84
753 84
753 84
754 84
754 84
754 84
754 84
755 84
755 84
755 84
755 84
756 84
756 84
756 84
756 84
757 84
757 84
757 84
757 84
758 84
758 84
758 84
758 84
759 84
759 84
759 84
759 84
760 84
760 84
760 84
760 84
761 84
761 84
761 84
761 84
762 84
762 84
762 84
762 84
763 84
763 84
763 84
763 84
764 84
764 84
764 84
764 84
765 84
765 84
765 84
765 84
766 84
766 84
766 84
766 84
766 84
766 84
766 84
767 84
767 84
767 84
767 84
768 84
768 84
768 84
768 84
769 84
769 84
769 84
769 84
770 84
770 84
770 84
770 84
771 84
771 84
771 84
771 84
772 84
772 84
772 84
773 84
773 84
773 84
773 84
774 84
774 84
774 84
774 84
775 84
775 84
775 84
775 84
776 84
776 84
776 84
776 84
777 84
777 84
777 84
777 84
778 84
778 84
778 84
778 84
779 84
779 84
779 84
779 84
780 84
780 84
780 84
780 84
781 84
781 84
781 84
781 84
782 84
782 84
782 84
782 84
783 84
783 84
783 84
783 84
784 84
784 84
784 84
784 84
785 84
785 84
785 84
785 84
786 84
786 84
786 84
786 97
787 97
787 97
787 97
787 97
788 97
788 97
788 97
788 97
789 97
789 97
789 97
789 97
790 97
790 97
790 97
790 97
791 97
791 97
791 97
791 97
792 97
792 97
792 97
792 97
793 97
793 97
793 97
793 97
794 97
794 97
794 97
794 97
795 97
795 97
795 97
796 97
796 97
796 97
796 97
797 97
797 97
797 97
797 97
798 97
798 97
798 97
798 97
799 97
799 97
799 97
799 97
800 97
800 97
800 97
800 97
801 97
801 97
801 97
801 97
802 97
802 97
802 97
802 97
803 97
803 97
803 97
803 97
804 97
804 97
804 97
804 97
805 97
805 97
805 97
805 97
806 97
806 97
806 97
806 97
807 97
807 97
807 97
807 97
808 97
808 97
808 97
809 97
809 97
809 97
809 97
810 97
810 97
810 97
810 97
811 97
811 97
811 97
812 97
812 97
812 97
812 97
813 97
813 97
813 97
813 97
814 97
814 97
814 97
814 97
815 97
815 97
815 97
815 97
816 97
816 97
816 97
816 97
817 97
817 97
817 97
817 97
818 97
818 97
818 97
818 97
819 97
819 97
819 97
820 97
820 97
820 97
820 97
821 97
821 97
821 97
821 97
822 97
822 97
822 97
823 97
823 97
823 97
823 97
824 97
824 97
824 97
824 97
825 97
825 97
825 97
825 97
826 97
826 97
826 97
826 97
827 97
827 97
827 97
827 97
828 97
828 97
828 97
828 97
829 97
829 97
829 97
829 97
830 97
830 97
830 97
830 97
831 97
831 97
831 97
831 97
832 97
832 97
832 97
832 97
833 97
833 97
833 97
833 97
834 97
834 97
834 97
834 97
835 97
835 97
835 97
835 97
836 97
836 97
836 97
836 97
837 97
837 97
837 97
837 97
838 97
838 97
838 97
838 97
839 97
839 97
839 97
839 97
840 97
840 97
840 97
840 97
841 97
841 97
841 97
842 97
842 97
842 97
842 97
843 97
843 97
843 97
843 97
844 97
844 97
844 97
844 97
845 97
845 97
845 97
845 97
846 97
846 97
846 97
846 97
847 97
847 97
847 97
847 97
848 97
848 97
848 97
848 97
849 97
849 97
849 97
849 97
850 97
850 97
850 97
850 97
851 97
851 97
851 97
851 97
852 97
852 97
852 97
852 97
853 97
853 97
853 97
853 97
854 97
854 97
854 97
854 97
855 97
855 97
855 97
855 97
856 97
856 97
856 97
856 97
857 97
857 97
857 97
857 97
858 97
858 97
858 97
858 97
859 97
859 97
859 97
859 97
860 97
860 97
860 97
860 97
861 97
861 97
861 97
861 97
862 97
862 97
862 97
862 97
863 97
863 97
863 97
863 97
864 97
864 97
864 97
865 97
865 97
865 97
865 97
866 97
866 97
866 97
866 97
867 97
867 97
867 97
867 97
868 97
868 97
868 97
868 97
869 97
869 97
869 97
869 97
870 97
870 97
870 97
870 97
871 97
871 97
871 97
871 97
872 97
872 97
872 97
872 97
873 97
873 97
873 97
873 97
874 97
874 97
874 97
874 97
875 97
875 97
875 97
875 97
876 97
876 97
876 97
876 97
877 97
877 97
877 97
877 97
878 97
878 97
878 97
878 97
879 97
879 97
879 97
879 97
880 97
880 97
880 97
880 97
881 97
881 97
881 97
881 97
882 97
882 97
882 97
882 97
883 97
883 97
883 97
883 97
884 97
884 97
884 97
884 97
885 97
885 97
885 97
885 97
886 97
886 97
886 97
886 97
887 97
887 97
887 97
887 97
888 97
888 97
888 97
888 97
889 97
889 97
889 97
889 97
890 97
890 97
890 97
890 97
891 97
891 97
891 97
891 97
892 97
892 97
892 97
892 97
893 97
893 97
893 97
893 97
894 97
894 97
894 97
894 97
895 97
895 97
895 97
895 97
896 97
896 97
896 97
896 97
897 97
897 97
897 97
897 97
898 97
898 97
898 97
898 97
899 97
899 97
899 97
899 97
900 97
900 97
900 97
900 97
901 97
901 97
901 97
901 97
902 97
902 97
902 97
902 97
903 97
903 97
903 97
903 97
904 97
904 97
904 97
904 97
905 97
905 97
905 97
905 97
906 97
906 97
906 97
906 97
907 97
907 97
907 97
907 97
908 97
908 97
908 97
908 97
909 97
909 97
909 97
909 97
910 97
910 97
910 97
910 97
911 97
911 97
911 97
911 97
912 97
912 97
912 97
912 97
913 97
913 97
913 97
913 97
914 97
914 97
914 97
914 97
915 97
915 97
915 97
915 97
916 97
916 97
916 97
916 97
917 97
917 97
917 97
917 97
918 97
918 97
918 97
918 117
919 117
919 117
920 117
920 117
920 117
920 117
921 117
921 117
921 117
921 117
922 117
922 117
922 117
922 117
923 117
923 117
923 117
923 117
924 117
924 117
924 117
924 117
925 117
925 117
925 117
925 117
926 117
926 117
926 117
926 117
927 117
927 117
927 117
927 117
928 117
928 117
928 117
928 117
929 117
929 117
929 117
929 117
930 117
930 117
930 117
930 117
931 117
931 117
931 117
931 117
932 117
932 117
932 117
932 117
933 117
933 117
933 117
933 117
934 117
934 117
934 117
934 117
935 117
935 117
935 117
935 117
936 117
936 117
936 117
936 117
937 117
937 117
937 117
937 117
938 117
938 117
938 117
938 117
939 117
939 117
939 117
939 117
940 117
940 117
940 117
940 117
941 117
941 117
941 117
941 117
942 117
942 117
942 117
942 117
943 117
943 117
943 117
943 117
944 117
944 117
944 117
944 117
945 117
945 117
945 117
945 117
946 117
946 117
946 117
946 117
947 117
947 117
947 117
947 117
948 117
948 117
948 117
948 117
949 117
949 117
949 117
949 117
950 117
950 117
950 117
950 117
951 117
951 117
951 117
951 117
952 117
952 117
952 117
952 117
953 117
953 117
953 117
953 117
954 117
954 117
954 117
954 117
955 117
955 117
955 117
955 117
956 117
956 117
956 117
956 117
957 117
957 117
957 117
957 117
958 117
958 117
958 117
958 117
959 117
959 117
959 117
959 117
960 117
960 117
960 117
960 117
961 117
961 117
961 117
961 117
962 117
962 117
962 117
962 117
963 117
963 117
963 117
963 117
964 117
964 117
964 117
964 117
965 117
965 117
965 117
965 117
966 117
966 117
966 117
966 117
967 117
967 117
967 117
967 117
968 117
968 117
968 117
968 117
969 117
969 117
969 117
969 117
970 117
970 117
970 117
970 117
971 117
971 117
971 117
971 117
972 117
972 117
972 117
972 117
973 117
973 117
973 117
973 117
974 117
974 117
974 117
974 117
975 117
975 117
975 117
975 117
976 117
976 117
976 117
976 117
977 117
977 117
977 117
977 117
978 117
978 117
978 117
978 117
979 117
979 117
979 117
979 117
980 117
980 117
980 117
980 117
981 117
981 117
981 117
981 117
982 117
982 117
982 117
982 117
983 117
983 117
983 117
983 117
984 117
984 117
984 117
984 117
985 117
985 117
985 117
985 117
986 117
986 117
986 117
986 117
987 117
987 117
987 117
987 117
988 117
988 117
988 117
988 117
989 117
989 117
989 117
989 117
990 117
990 117
990 117
990 117
991 117
991 117
991 117
991 117
992 117
992 117
992 117
992 117
993 117
993 117
993 117
993 117
994 117
994 117
994 117
994 117
995 117
995 117
995 117
995 117
996 117
996 117
996 117
996 117
997 117
997 117
997 117
997 117
998 117
998 117
998 117
998 117
999 117
999 117
999 117
999 117
1000 117
1000 117
1000 117
1000 117
1001 117
1001 117
1001 117
1001 117
1002 117
1002 117
1002 117
1002 117
1003 117
1003 117
1003 117
1003 117
1004 117
1004 117
1004 117
1004 117
1005 117
1005 117
1005 117
1005 117
1006 117
1006 117
1006 117
1007 117
1007 117
1007 117
1007 117
1008 117
1008 117
1008 117
1008 117
1009 117
1009 117
1009 117
1009 117
1010 117
1010 117
1010 117
1010 117
1011 117
1011 117
1011 117
1011 117
1012 117
1012 117
1012 117
1012 117
1013 117
1013 117
1013 117
1013 117
1014 117
1014 117
1014 117
1014 117
1015 117
1015 117
1015 117
1015 117
1016 117
1016 117
1016 117
1016 117
1017 117
1017 117
1017 117
1017 117
1018 117
1018 117
1018 117
1018 117
1019 117
1019 117
1019 117
1019 117
1020 117
1020 117
1020 117
1020 117
1021 117
1021 117
1021 117
1021 117
1022 117
1022 117
1022 117
1022 117
1023 117
1023 117
1023 117
1023 117
1024 117
1024 117
1024 117
1024 117
1025 117
1025 117
1025 117
1025 117
1026 117
1026 117
1026 117
1026 117
1027 117
1027 117
1027 117
1027 117
1028 117
1028 117
1028 117
1029 117
1029 117
1029 117
1029 117
1030 117
1030 117
1030 117
1030 117
1031 117
1031 117
1031 117
1031 117
1032 117
1032 117
1032 117
1032 117
1033 117
1033 117
1033 117
1033 117
1034 117
1034 117
1034 117
1034 117
1035 117
1035 117
1035 117
1035 117
1036 117
1036 117
1036 117
1036 117
1037 117
1037 117
1037 117
1037 117
1038 117
1038 117
1038 117
1038 117
1039 117
1039 117
1039 117
1039 117
1040 117
1040 117
1040 117
1040 117
1041 117
1041 117
1041 117
1041 117
1042 117
1042 117
1042 117
1042 117
1043 117
1043 117
1043 117
1043 117
1044 117
1044 117
1044 117
1044 117
1045 117
1045 117
1045 117
1045 117
1046 117
1046 117
1046 117
1046 117
1047 117
1047 117
1047 117
1047 117
1048 117
1048 117
1048 117
1049 117
1049 117
1049 117
1049 117
1050 117
1050 117
1050 117
1050 117
1051 117
1051 117
1051 117
1051 117
1052 117
1052 117
1052 117
1052 117
1053 117
1053 117
1053 117
1053 117
1054 117
1054 117
1054 117
1054 117
1055 117
1055 117
1055 117
1055 117
1056 117
1056 117
1056 117
1056 117
1057 117
1057 117
1057 117
1057 117
1058 117
1058 117
1058 117
1058 117
1059 117
1059 117
1059 117
1059 117
1060 117
1060 117
1060 117
1060 117
1061 117
1061 117
1061 117
1061 117
1062 117
1062 117
1062 117
1062 117
1063 117
1063 117
1063 117
1063 117
1064 117
1064 117
1064 117
1064 117
1065 117
1065 117
1065 117
1065 117
1066 117
1066 117
1066 117
1066 117
1067 117
1067 117
1067 117
1067 117
1068 117
1068 117
1068 117
1069 117
1069 117
1069 117
1069 117
1070 117
1070 117
1070 117
1070 117
1071 117
1071 117
1071 117
1071 117
1072 117
1072 117
1072 117
1072 117
1073 117
1073 117
1073 117
1073 117
1074 117
1074 117
1074 117
1074 117
1075 117
1075 117
1075 117
1075 117
1076 117
1076 117
1076 117
1076 117
1077 117
1077 117
1077 117
1077 117
1078 117
1078 117
1078 117
1078 117
1079 117
1079 117
1079 117
1079 117
1080 117
1080 117
1080 117
1080 117
1081 117
1081 117
1081 117
1081 117
1082 117
1082 117
1082 117
1082 117
1083 117
1083 117
1083 117
1083 117
1084 117
1084 117
1084 117
1084 117
1085 117
1085 117
1085 117
1085 117
1086 117
1086 117
1086 117
1086 117
1087 117
1087 117
1087 117
1087 117
1088 117
1088 117
1088 117
1088 117
1089 117
1089 117
1089 117
1089 117
1090 117
1090 117
1090 117
1090 117
1091 117
1091 117
1091 117
1091 117
1092 117
1092 117
1092 117
1092 117
1093 117
1093 117
1093 117
1093 117
1094 117
1094 117
1094 117
1094 117
1095 117
1095 117
1095 117
1095 117
1096 117
1096 117
1096 117
1096 117
1097 117
1097 117
1097 117
1097 117
1098 117
1098 117
1098 117
1098 117
1099 117
1099 117
1099 117
1099 117
1100 117
1100 117
1100 117
1100 117
1101 117
1101 117
1101 117
1101 117
1102 117
1102 117
1102 117
1102 117
1103 117
1103 117
1103 117
1103 117
1104 117
1104 117
1104 117
1104 117
1105 117
1105 117
1105 117
1105 117
1106 117
1106 117
1106 117
1106 117
1107 117
1107 117
1107 117
1107 117
1108 117
1108 117
1108 117
1109 117
1109 117
1109 117
1109 117
1110 117
1110 117
1110 117
1110 117
1111 117
1111 117
1111 117
1111 117
1112 117
1112 117
1112 117
1112 117
1113 117
1113 117
1113 117
1113 117
1114 117
1114 117
1114 117
1114 117
1115 117
1115 117
1115 117
1115 117
1116 117
1116 117
1116 117
1116 117
1117 117
1117 117
1117 117
1118 117
1118 117
1118 117
1118 117
1119 117
1119 117
1119 117
1119 117
1120 117
1120 117
1120 117
1120 117
1121 117
1121 117
1121 117
1121 117
1122 117
1122 117
1122 117
1122 117
1123 117
1123 117
1123 117
1123 117
1124 117
1124 117
1124 117
1124 117
1125 117
1125 117
1125 117
1126 117
1126 117
1126 117
1126 117
1127 117
1127 117
1127 117
1127 117
1128 117
1128 117
1128 117
1128 117
1129 117
1129 117
1129 117
1129 117
1130 117
1130 117
1130 117
1130 117
1131 117
1131 117
1131 117
1131 117
1132 117
1132 117
1132 117
1132 117
1133 117
1133 117
1133 117
1133 117
1134 117
1134 117
1134 117
1135 117
1135 117
1135 117
1135 117
1136 117
1136 117
1136 117
1136 117
1137 117
1137 117
1137 117
1137 117
1138 117
1138 117
1138 117
1138 117
1139 117
1139 117
1139 117
1139 117
1140 117
1140 117
1140 117
1140 117
1141 117
1141 117
1141 117
1141 117
1142 117
1142 117
1142 117
1142 117
1143 117
1143 117
1143 117
1143 117
1144 117
1144 117
1144 117
1144 117
1145 117
1145 117
1145 117
1145 117
1146 117
1146 117
1146 117
1147 117
1147 117
1147 117
1147 117
1148 117
1148 117
1148 117
1148 117
1149 117
1149 117
1149 117
1149 117
1150 117
1150 117
1150 117
1150 117
1151 117
1151 117
1151 117
1151 117
1152 117
1152 117
1152 117
1152 117
1153 117
1153 117
1153 117
1153 117
1154 117
1154 117
1154 117
1154 117
1155 117
1155 117
1155 117
1155 117
1156 117
1156 117
1156 117
1157 117
1157 117
1157 117
1157 117
1158 117
1158 117
1158 117
1158 117
1159 117
1159 117
1159 117
1159 117
1160 117
1160 117
1160 117
1160 117
1161 117
1161 117
1161 117
1161 117
1162 117
1162 117
1162 117
1162 117
1163 117
1163 117
1163 117
1163 117
1164 117
1164 117
1164 117
1164 117
1165 117
1165 117
1165 117
1165 117
1166 117
1166 117
1166 117
1166 117
1167 117
1167 117
1167 117
1167 117
1168 117
1168 117
1168 117
1168 117
1169 117
1169 117
1169 117
1169 117
1170 117
1170 117
1170 117
1170 117
1171 117
1171 117
1171 117
1171 117
1172 117
1172 117
1172 117
1172 117
1173 117
1173 117
1173 117
1173 117
1173 117
1173 117
1173 117
1174 117
1174 117
1174 117
1174 117
1175 117
1175 117
1175 117
1176 117
1176 117
1176 117
1176 117
1177 117
1177 117
1177 117
1177 117
1178 117
1178 117
1178 117
1178 117
1179 117
1179 117
1179 117
1179 117
1180 117
1180 117
1180 117
1180 117
1181 117
1181 117
1181 117
1181 117
1182 117
1182 117
1182 117
1182 117
1183 117
1183 117
1183 117
1183 117
1184 117
1184 117
1184 117
1184 117
1185 117
1185 117
1185 117
1185 117
1186 117
1186 117
1186 117
1186 117
1187 117
1187 117
1187 117
1187 117
1188 117
1188 117
1188 117
1188 117
1189 117
1189 117
1189 117
1189 117
1190 117
1190 117
1190 117
1191 117
1191 117
1191 117
1191 117
1192 117
1192 117
1192 117
1192 117
1193 117
1193 117
1193 117
1193 117
1194 117
1194 117
1194 117
1194 117
1195 117
1195 117
1195 117
1195 117
1196 117
1196 117
1196 117
1196 117
1197 117
1197 117
1197 117
1197 117
1198 117
1198 117
1198 117
1198 117
1199 117
1199 117
1199 117
1199 117
1200 117
1200 117
1200 117
1200 117
1201 117
1201 117
1201 117
1201 117
1202 117
1202 117
1202 117
1203 117
1203 117
1203 117
1203 117
1204 117
1204 117
1204 117
1204 117
1205 117
1205 117
1205 117
1205 117
1206 117
1206 117
1206 117
1206 117
1207 117
1207 117
1207 117
1207 117
1208 117
1208 117
1208 117
1208 117
1209 117
1209 117
1209 117
1209 117
1210 117
1210 117
1210 117
1210 117
1211 117
1211 117
1211 117
1212 117
1212 117
1212 117
1212 117
1213 117
1213 117
1213 117
1213 117
1214 117
1214 117
1214 117
1214 117
1215 117
1215 117
1215 117
1215 117
1216 117
1216 117
1216 117
1216 117
1217 117
1217 117
1217 117
1217 117
1218 117
1218 117
1218 117
1218 117
1219 117
1219 117
1219 117
1219 117
1220 117
1220 117
1220 117
1220 117
1221 117
1221 117
1221 117
1221 117
1222 117
1222 117
1222 117
1222 117
1223 117
1223 117
1223 117
1223 117
1223 117
1223 117
1223 117
1224 117
1224 117
1224 117
1224 117
1225 117
1225 117
1225 117
1226 117
1226 117
1226 117
1226 117
1227 117
1227 117
1227 117
1227 117
1228 117
1228 117
1228 117
1228 117
1229 117
1229 117
1229 117
1229 117
1230 117
1230 117
1230 117
1230 117
1231 117
1231 117
1231 117
1232 117
1232 117
1232 117
1232 117
1233 117
1233 117
1233 117
1233 117
1234 117
1234 117
1234 117
1234 117
1235 117
1235 117
1235 117
1235 117
1236 117
1236 117
1236 117
1236 117
1237 117
1237 117
1237 117
1237 117
1238 117
1238 117
1238 117
1238 117
1239 117
1239 117
1239 117
1240 117
1240 117
1240 117
1240 117
1241 117
1241 117
1241 117
1241 117
1242 117
1242 117
1242 117
1242 117
1243 117
1243 117
1243 117
1243 117
1244 117
1244 117
1244 117
1244 117
1245 117
1245 117
1245 117
1245 117
1246 117
1246 117
1246 117
1246 117
1247 117
1247 117
1247 117
1247 117
1248 117
1248 117
1248 117
1248 117
1249 117
1249 117
1249 117
1250 117
1250 117
1250 117
1250 117
1251 117
1251 117
1251 117
1251 117
1252 117
1252 117
1252 117
1252 117
1253 117
1253 117
1253 117
1253 117
1254 117
1254 117
1254 117
1254 117
1255 117
1255 117
1255 117
1255 117
1256 117
1256 117
1256 117
1256 117
1257 117
1257 117
1257 117
1257 117
1258 117
1258 117
1258 117
1258 117
1259 117
1259 117
1259 117
1259 117
1260 117
1260 117
1260 117
1261 117
1261 117
1261 117
1261 117
1262 117
1262 117
1262 117
1262 117
1263 117
1263 117
1263 117
1263 117
1264 117
1264 117
1264 117
1264 117
1265 117
1265 117
1265 117
1265 117
1266 117
1266 117
1266 117
1266 117
1267 117
1267 117
1267 117
1267 117
1268 117
1268 117
1268 117
1268 117
1269 117
1269 117
1269 117
1269 117
1270 117
1270 117
1270 117
1271 117
1271 117
1271 117
1271 117
1272 117
1272 117
1272 117
1272 117
1273 117
1273 117
1273 117
1273 117
1274 117
1274 117
1274 117
1274 117
1275 117
1275 117
1275 117
1275 117
1276 117
1276 117
1276 117
1276 117
1277 117
1277 117
1277 117
1277 117
1278 117
1278 117
1278 117
1279 117
1279 117
1279 117
1279 117
1280 117
1280 117
1280 117
1280 117
1281 117
1281 117
1281 117
1282 117
1282 117
1282 117
1282 117
1283 117
1283 117
1283 117
1283 117
1284 117
1284 117
1284 117
1284 117
1285 117
1285 117
1285 117
1285 117
1286 117
1286 117
1286 117
1286 117
1287 117
1287 117
1287 117
1287 117
1288 117
1288 117
1288 117
1288 117
1289 117
1289 117
1289 117
1289 117
1290 117
1290 117
1290 117
1290 117
1291 117
1291 117
1291 117
1291 117
1292 117
1292 117
1292 117
1293 117
1293 117
1293 117
1293 117
1293 117
1293 117
1293 117
1294 117
1294 117
1294 117
1294 117
1295 117
1295 117
1295 117
1295 117
1296 117
1296 117
1296 117
1296 117
1297 117
1297 117
1297 117
1297 117
1298 117
1298 117
1298 117
1298 117
1299 117
1299 117
1299 117
1299 117
1300 117
1300 117
1300 117
1300 117
1301 117
1301 117
1301 117
1301 117
1302 117
1302 117
1302 117
1303 117
1303 117
1303 117
1303 117
1304 117
1304 117
1304 117
1304 117
1305 117
1305 117
1305 117
1305 117
1306 117
1306 117
1306 117
1306 117
1307 117
1307 117
1307 117
1307 117
1308 117
1308 117
1308 117
1308 117
1309 117
1309 117
1309 117
1309 117
1310 117
1310 117
1310 117
1310 117
1311 117
1311 117
1311 117
1311 117
1312 117
1312 117
1312 117
1312 117
1313 117
1313 117
1313 117
1314 117
1314 117
1314 117
1314 117
1315 117
1315 117
1315 117
1315 117
1316 117
1316 117
1316 117
1316 117
1316 117
1316 117
1316 117
1317 117
1317 117
1317 117
1317 117
1318 117
1318 117
1318 117
1318 117
1319 117
1319 117
1319 117
1320 117
1320 117
1320 117
1320 117
1321 117
1321 117
1321 117
1321 117
1322 117
1322 117
1322 117
1322 117
1323 117
1323 117
1323 117
1324 117
1324 117
1324 117
1324 117
1325 117
1325 117
1325 117
1325 117
1326 117
1326 117
1326 117
1326 117
1327 117
1327 117
1327 117
1327 117
1328 117
1328 117
1328 117
1328 117
1329 117
1329 117
1329 117
1329 117
1330 117
1330 117
1330 117
1330 117
1331 117
1331 117
1331 117
1331 117
1332 117
1332 117
1332 117
1332 117
1333 117
1333 117
1333 117
1333 117
1334 117
1334 117
1334 117
1335 117
1335 117
1335 117
1335 117
1336 117
1336 117
1336 117
1336 117
1337 117
1337 117
1337 117
1337 117
1337 117
1337 117
1337 117
1338 117
1338 117
1338 117
1338 117
1339 117
1339 117
1339 117
1339 117
1340 117
1340 117
1340 117
1341 117
1341 117
1341 117
1341 117
1342 117
1342 117
1342 117
1342 117
1343 117
1343 117
1343 117
1343 117
1344 117
1344 117
1344 117
1344 117
1345 117
1345 117
1345 117
1346 117
1346 117
1346 117
1346 117
1347 117
1347 117
1347 117
1347 117
1348 117
1348 117
1348 117
1348 117
1349 117
1349 117
1349 117
1349 117
1350 117
1350 117
1350 117
1350 117
1351 117
1351 117
1351 117
1351 117
1352 117
1352 117
1352 117
1352 117
1353 117
1353 117
1353 117
1353 117
1354 117
1354 117
1354 117
1354 117
1355 117
1355 117
1355 117
1355 117
1356 117
1356 117
1356 117
1356 117
1357 117
1357 117
1357 117
1357 117
1358 117
1358 117
1358 117
1358 117
1359 117
1359 117
1359 117
1359 117
1359 117
1359 117
1359 117
1360 117
1360 117
1360 117
1360 117
1361 117
1361 117
1361 117
1361 117
1362 117
1362 117
1362 117
1362 117
1363 117
1363 117
1363 117
1363 117
1364 117
1364 117
1364 117
1364 117
1365 117
1365 117
1365 117
1365 117
1366 117
1366 117
1366 117
1366 117
1367 117
1367 117
1367 117
1367 117
1368 117
1368 117
1368 117
1368 117
1369 117
1369 117
1369 117
1369 117
1370 117
1370 117
1370 117
1370 117
1371 117
1371 117
1371 117
1371 117
1372 117
1372 117
1372 117
1373 117
1373 117
1373 117
1373 117
1374 117
1374 117
1374 117
1374 117
1375 117
1375 117
1375 117
1376 117
1376 117
1376 117
1376 117
1377 117
1377 117
1377 117
1377 117
1378 117
1378 117
1378 117
1378 117
1379 117
1379 117
1379 117
1379 117
1380 117
1380 117
1380 117
1380 117
1381 117
1381 117
1381 117
1381 117
1382 117
1382 117
1382 117
1382 117
1383 117
1383 117
1383 117
1383 117
1383 117
1383 117
1383 117
1384 117
1384 117
1384 117
1384 117
1385 117
1385 117
1385 117
1385 117
1386 117
1386 117
1386 117
1386 117
1387 117
1387 117
1387 117
1387 117
1388 117
1388 117
1388 117
1388 117
1389 117
1389 117
1389 117
1389 117
1390 117
1390 117
1390 117
1390 117
1391 117
1391 117
1391 117
1391 117
1392 117
1392 117
1392 117
1392 117
1393 117
1393 117
1393 117
1393 117
1394 117
1394 117
1394 117
1394 117
1395 117
1395 117
1395 117
1396 117
1396 117
1396 117
1396 117
1397 117
1397 117
1397 117
1397 117
1398 117
1398 117
1398 117
1398 117
1399 117
1399 117
1399 117
1399 117
1400 117
1400 117
1400 117
1400 117
1401 117
1401 117
1401 117
1401 117
1402 117
1402 117
1402 117
1402 117
1403 117
1403 117
1403 117
1403 117
1404 117
1404 117
1404 117
1404 117
1404 117
1404 117
1404 117
1405 117
1405 117
1405 117
1405 117
1406 117
1406 117
1406 117
1406 117
1407 117
1407 117
1407 117
1407 117
1408 117
1408 117
1408 117
1408 117
1409 117
1409 117
1409 117
1409 117
1410 117
1410 117
1410 117
1410 117
1411 117
1411 117
1411 117
1411 117
1412 117
1412 117
1412 117
1412 117
1413 117
1413 117
1413 117
1413 117
1414 117
1414 117
1414 117
1414 117
1415 117
1415 117
1415 117
1416 117
1416 117
1416 117
1416 117
1417 117
1417 117
1417 117
1417 117
1418 117
1418 117
1418 117
1418 117
1419 117
1419 117
1419 117
1420 117
1420 117
1420 117
1420 117
1421 117
1421 117
1421 117
1421 117
1422 117
1422 117
1422 117
1422 117
1423 117
1423 117
1423 117
1423 117
1424 117
1424 117
1424 117
1425 117
1425 117
1425 117
1425 117
1425 117
1425 117
1425 117
1426 117
1426 117
1426 117
1426 117
1427 117
1427 117
1427 117
1427 117
1428 117
1428 117
1428 117
1428 117
1429 117
1429 117
1429 117
1429 117
1430 117
1430 117
1430 117
1430 117
1431 117
1431 117
1431 117
1431 117
1432 117
1432 117
1432 117
1432 117
1433 117
1433 117
1433 117
1433 117
1434 117
1434 117
1434 117
1435 117
1435 117
1435 117
1435 117
1436 117
1436 117
1436 117
1436 117
1437 117
1437 117
1437 117
1437 117
1438 117
1438 117
1438 117
1438 117
1439 117
1439 117
1439 117
1439 117
1440 117
1440 117
1440 117
1440 117
1441 117
1441 117
1441 117
1441 117
1442 117
1442 117
1442 117
1442 117
1443 117
1443 117
1443 117
1443 117
1444 117
1444 117
1444 117
1444 117
1445 117
1445 117
1445 117
1445 117
1446 117
1446 117
1446 117
1446 117
1447 117
1447 117
1447 117
1447 117
1448 117
1448 117
1448 117
1448 117
1449 117
1449 117
1449 117
1450 117
1450 117
1450 117
1450 117
1450 117
1450 117
1450 117
1451 117
1451 117
1451 117
1451 117
1452 117
1452 117
1452 117
1452 117
1453 117
1453 117
1453 117
1453 117
1454 117
1454 117
1454 117
1454 117
1455 117
1455 117
1455 117
1456 117
1456 117
1456 117
1456 117
1457 117
1457 117
1457 117
1457 117
1458 117
1458 117
1458 117
1458 117
1459 117
1459 117
1459 117
1459 117
1460 117
1460 117
1460 117
1460 117
1461 117
1461 117
1461 117
1461 117
1462 117
1462 117
1462 117
1462 117
1463 117
1463 117
1463 117
1463 117
1464 117
1464 117
1464 117
1464 117
1465 117
1465 117
1465 117
1465 117
1466 117
1466 117
1466 117
1466 117
1467 117
1467 117
1467 117
1467 117
1468 117
1468 117
1468 117
1468 117
1469 117
1469 117
1469 117
1469 117
1470 117
1470 117
1470 117
1471 117
1471 117
1471 117
1471 117
1472 117
1472 117
1472 117
1472 117
1473 117
1473 117
1473 117
1473 117
1474 117
1474 117
1474 117
1474 117
1475 117
1475 117
1475 117
1475 117
1475 117
1475 117
1475 117
1476 117
1476 117
1476 117
1476 117
1477 117
1477 117
1477 117
1477 117
1478 117
1478 117
1478 117
1478 117
1479 117
1479 117
1479 117
1479 117
1480 117
1480 117
1480 117
1480 117
1481 117
1481 117
1481 117
1481 117
1482 117
1482 117
1482 117
1482 117
1483 117
1483 117
1483 117
1483 117
1484 117
1484 117
1484 117
1484 117
1485 117
1485 117
1485 117
1485 117
1486 117
1486 117
1486 117
1486 117
1487 117
1487 117
1487 117
1487 117
1488 117
1488 117
1488 117
1488 117
1489 117
1489 117
1489 117
1489 117
1490 117
1490 117
1490 117
1490 117
1491 117
1491 117
1491 117
1491 117
1492 117
1492 117
1492 117
1493 117
1493 117
1493 117
1493 117
1494 117
1494 117
1494 117
1494 117
1495 117
1495 117
1495 117
1495 117
1496 117
1496 117
1496 117
1496 117
1496 117
1496 117
1496 117
1497 117
1497 117
1497 117
1497 117
1498 117
1498 117
1498 117
1498 117
1499 117
1499 117
1499 117
1499 117
1500 117
1500 117
1500 117
1500 117
1501 117
1501 117
1501 117
1501 117
1502 117
1502 117
1502 117
1502 117
1503 117
1503 117
1503 117
1503 117
1504 117
1504 117
1504 117
1504 117
1505 117
1505 117
1505 117
1505 117
1506 117
1506 117
1506 117
1506 117
1507 117
1507 117
1507 117
1507 117
1508 117
1508 117
1508 117
1508 117
1509 117
1509 117
1509 117
1510 117
1510 117
1510 117
1510 117
1511 117
1511 117
1511 117
1511 117
1512 117
1512 117
1512 117
1512 117
1513 117
1513 117
1513 117
1514 117
1514 117
1514 117
1514 117
1515 117
1515 117
1515 117
1515 117
1516 117
1516 117
1516 117
1516 117
1517 117
1517 117
1517 117
1517 117
1518 117
1518 117
1518 117
1518 117
1519 117
1519 117
1519 117
1519 117
1520 117
1520 117
1520 117
1520 117
1521 117
1521 117
1521 117
1521 117
1522 117
1522 117
1522 117
1522 117
1523 117
1523 117
1523 117
1523 117
1524 117
1524 117
1524 117
1524 117
1525 117
1525 117
1525 117
1525 117
1526 117
1526 117
1526 117
1526 117
1527 117
1527 117
1527 117
1527 117
1528 117
1528 117
1528 117
1528 117
1529 117
1529 117
1529 117
1530 117
1530 117
1530 117
1530 117
1531 117
1531 117
1531 117
1531 117
1532 117
1532 117
1532 117
1532 117
1533 117
1533 117
1533 117
1534 117
1534 117
1534 117
1534 117
1535 117
1535 117
1535 117
1536 117
1536 117
1536 117
1536 117
1537 117
1537 117
1537 117
1537 117
1538 117
1538 117
1538 117
1538 117
1539 117
1539 117
1539 117
1539 117
1540 117
1540 117
1540 117
1540 117
1541 117
1541 117
1541 117
1541 117
1542 117
1542 117
1542 117
1542 117
1543 117
1543 117
1543 117
1543 117
1544 117
1544 117
1544 117
1544 117
1545 117
1545 117
1545 117
1545 117
1546 117
1546 117
1546 117
1546 117
1547 117
1547 117
1547 117
1547 117
1548 117
1548 117
1548 117
1548 117
1549 117
1549 117
1549 117
1549 117
1550 117
1550 117
1550 117
1551 117
1551 117
1551 117
1551 117
1552 117
1552 117
1552 117
1552 117
1553 117
1553 117
1553 117
1553 117
1554 117
1554 117
1554 117
1554 117
1555 117
1555 117
1555 117
1556 117
1556 117
1556 117
1556 117
1556 117
1556 117
1556 117
1557 117
1557 117
1557 117
1557 117
1558 117
1558 117
1558 117
1558 117
1559 117
1559 117
1559 117
1559 117
1560 117
1560 117
1560 117
1560 117
1561 117
1561 117
1561 117
1562 117
1562 117
1562 117
1562 117
1563 117
1563 117
1563 117
1563 117
1564 117
1564 117
1564 117
1564 117
1565 117
1565 117
1565 117
1565 117
1566 117
1566 117
1566 117
1566 117
1567 117
1567 117
1567 117
1567 117
1568 117
1568 117
1568 117
1568 117
1569 117
1569 117
1569 117
1570 117
1570 117
1570 117
1570 117
1571 117
1571 117
1571 117
1571 117
1572 117
1572 117
1572 117
1572 117
1573 117
1573 117
1573 117
1573 117
1574 117
1574 117
1574 117
1575 117
1575 117
1575 117
1575 117
1576 117
1576 117
1576 117
1576 117
1577 117
1577 117
1577 117
1577 117
1578 117
1578 117
1578 117
1578 117
1579 117
1579 117
1579 117
1579 117
1580 117
1580 117
1580 117
1580 117
1581 117
1581 117
1581 117
1582 117
1582 117
1582 117
1582 117
1583 117
1583 117
1583 117
1583 117
1584 117
1584 117
1584 117
1584 117
1585 117
1585 117
1585 117
1585 117
1586 117
1586 117
1586 117
1586 117
1587 117
1587 117
1587 117
1587 117
1588 117
1588 117
1588 117
1588 117
1589 117
1589 117
1589 117
1589 117
1590 117
1590 117
1590 117
1591 117
1591 117
1591 117
1591 117
1592 117
1592 117
1592 117
1592 117
1593 117
1593 117
1593 117
1593 117
1594 117
1594 117
1594 117
1594 117
1595 117
1595 117
1595 117
1595 117
1596 117
1596 117
1596 117
1596 117
1597 117
1597 117
1597 117
1597 117
1597 117
1597 117
1597 117
1598 117
1598 117
1598 117
1598 117
1599 117
1599 117
1599 117
1599 117
1600 117
1600 117
1600 117
1601 117
1601 117
1601 117
1601 117
1602 117
1602 117
1602 117
1602 117
1603 117
1603 117
1603 117
1603 117
1604 117
1604 117
1604 117
1604 117
1605 117
1605 117
1605 117
1605 117
1606 117
1606 117
1606 117
1606 117
1607 117
1607 117
1607 117
1607 117
1608 117
1608 117
1608 117
1608 117
1609 117
1609 117
1609 117
1609 117
1610 117
1610 117
1610 117
1611 117
1611 117
1611 117
1611 117
1612 117
1612 117
1612 117
1612 117
1613 117
1613 117
1613 117
1613 117
1614 117
1614 117
1614 117
1614 117
1615 117
1615 117
1615 117
1615 117
1616 117
1616 117
1616 117
1616 117
1617 117
1617 117
1617 117
1617 117
1618 117
1618 117
1618 117
1618 117
1619 117
1619 117
1619 117
1619 117
1620 117
1620 117
1620 117
1620 117
1621 117
1621 117
1621 117
1622 117
1622 117
1622 117
1622 117
1623 117
1623 117
1623 117
1623 117
1624 117
1624 117
1624 117
1624 117
1625 117
1625 117
1625 117
1625 117
1626 117
1626 117
1626 117
1626 117
1627 117
1627 117
1627 117
1627 117
1628 117
1628 117
1628 117
1628 117
1629 117
1629 117
1629 117
1629 117
1630 117
1630 117
1630 117
1630 117
1631 117
1631 117
1631 117
1632 117
1632 117
1632 117
1632 117
1633 117
1633 117
1633 117
1633 117
1634 117
1634 117
1634 117
1634 117
1635 117
1635 117
1635 117
1635 117
1636 117
1636 117
1636 117
1636 117
1637 117
1637 117
1637 117
1637 117
1638 117
1638 117
1638 117
1638 117
1639 117
1639 117
1639 117
1639 117
1640 117
1640 117
1640 117
1640 117
1641 117
1641 117
1641 117
1642 117
1642 117
1642 117
1642 117
1643 117
1643 117
1643 117
1643 117
1644 117
1644 117
1644 117
1644 117
1645 117
1645 117
1645 117
1645 117
1646 117
1646 117
1646 117
1646 117
1647 117
1647 117
1647 117
1647 117
1648 117
1648 117
1648 117
1648 117
1649 117
1649 117
1649 117
1649 117
1650 117
1650 117
1650 117
1651 117
1651 117
1651 117
1651 117
1652 117
1652 117
1652 117
1652 117
1653 117
1653 117
1653 117
1654 117
1654 117
1654 117
1654 117
1655 117
1655 117
1655 117
1655 117
1656 117
1656 117
1656 117
1656 117
1657 117
1657 117
1657 117
1657 117
1658 117
1658 117
1658 117
1658 117
1659 117
1659 117
1659 117
1659 117
1660 117
1660 117
1660 117
1660 117
1661 117
1661 117
1661 117
1662 117
1662 117
1662 117
1662 117
1663 117
1663 117
1663 117
1663 117
1664 117
1664 117
1664 117
1664 117
1665 117
1665 117
1665 117
1665 117
1666 117
1666 117
1666 117
1666 117
1667 117
1667 117
1667 117
1667 117
1668 117
1668 117
1668 117
1668 117
1669 117
1669 117
1669 117
1669 117
1670 117
1670 117
1670 117
1670 117
1671 117
1671 117
1671 117
1671 117
1672 117
1672 117
1672 117
1672 118
1673 118
1673 118
1673 118
1673 118
1674 118
1674 118
1674 118
1674 118
1674 118
1674 118
1674 118
1675 118
1675 118
1675 118
1675 118
1676 118
1676 118
1676 118
1676 118
1677 118
1677 118
1677 118
1677 118
1678 118
1678 118
1678 118
1678 118
1679 118
1679 118
1679 118
1679 118
1680 118
1680 118
1680 118
1680 118
1681 118
1681 118
1681 118
1681 118
1682 118
1682 118
1682 118
1683 118
1683 118
1683 118
1683 118
1684 118
1684 118
1684 118
1684 118
1685 118
1685 118
1685 118
1685 118
1686 118
1686 118
1686 118
1686 118
1687 118
1687 118
1687 118
1687 118
1688 118
1688 118
1688 118
1688 118
1689 118
1689 118
1689 118
1689 118
1690 118
1690 118
1690 118
1690 118
1691 118
1691 118
1691 118
1691 118
1692 118
1692 118
1692 118
1692 118
1693 118
1693 118
1693 118
1693 118
1694 118
1694 118
1694 118
1694 118
1695 118
1695 118
1695 118
1695 118
1696 118
1696 118
1696 118
1696 118
1697 118
1697 118
1697 118
1697 118
1698 118
1698 118
1698 118
1698 118
1699 118
1699 118
1699 118
1699 118
1700 118
1700 118
1700 118
1701 118
1701 118
1701 118
1701 118
1702 118
1702 118
1702 118
1702 118
1703 118
1703 118
1703 118
1703 118
1704 118
1704 118
1704 118
1704 118
1705 118
1705 118
1705 118
1705 118
1706 118
1706 118
1706 118
1706 118
1707 118
1707 118
1707 118
1707 118
1708 118
1708 118
1708 118
1708 118
1709 118
1709 118
1709 118
1709 118
1710 118
1710 118
1710 118
1710 118
1711 118
1711 118
1711 118
1711 118
1712 118
1712 118
1712 118
1712 118
1713 118
1713 118
1713 118
1713 118
1714 118
1714 118
1714 118
1714 118
1715 118
1715 118
1715 118
1715 118
1716 118
1716 118
1716 118
1716 118
1717 118
1717 118
1717 118
1717 118
1718 118
1718 118
1718 118
1718 118
1719 118
1719 118
1719 118
1719 118
1720 118
1720 118
1720 118
1721 118
1721 118
1721 118
1721 118
1722 118
1722 118
1722 118
1722 118
1723 118
1723 118
1723 118
1723 118
1724 118
1724 118
1724 118
1724 118
1725 118
1725 118
1725 118
1725 118
1726 118
1726 118
1726 118
1726 118
1727 118
1727 118
1727 118
1727 118
1728 118
1728 118
1728 118
1728 118
1729 118
1729 118
1729 118
1729 118
1730 118
1730 118
1730 118
1730 118
1731 118
1731 118
1731 118
1731 118
1732 118
1732 118
1732 118
1733 118
1733 118
1733 118
1733 118
1734 118
1734 118
1734 118
1734 118
1735 118
1735 118
1735 118
1735 118
1736 118
1736 118
1736 118
1736 118
1737 118
1737 118
1737 118
1737 118
1738 118
1738 118
1738 118
1738 118
1739 118
1739 118
1739 118
1739 118
1740 118
1740 118
1740 118
1740 118
1741 118
1741 118
1741 118
1741 118
1742 118
1742 118
1742 118
1742 118
1743 118
1743 118
1743 118
1744 118
1744 118
1744 118
1744 118
1745 118
1745 118
1745 118
1745 118
1746 118
1746 118
1746 118
1746 118
1747 118
1747 118
1747 118
1747 118
1748 118
1748 118
1748 118
1748 118
1749 118
1749 118
1749 118
1749 118
1750 118
1750 118
1750 118
1750 118
1751 118
1751 118
1751 118
1751 118
1752 118
1752 118
1752 118
1752 118
1753 118
1753 118
1753 118
1753 118
1754 118
1754 118
1754 118
1754 118
1755 118
1755 118
1755 118
1755 118
1756 118
1756 118
1756 118
1756 118
1757 118
1757 118
1757 118
1757 118
1758 118
1758 118
1758 118
1758 118
1759 118
1759 118
1759 118
1759 118
1760 118
1760 118
1760 118
1760 118
1761 118
1761 118
1761 118
1761 118
1762 118
1762 118
1762 118
1763 118
1763 118
1763 118
1763 118
1764 118
1764 118
1764 118
1764 118
1765 118
1765 118
1765 118
1766 118
1766 118
1766 118
1766 118
1767 118
1767 118
1767 118
1767 118
1768 118
1768 118
1768 118
1768 118
1769 118
1769 118
1769 118
1769 118
1770 118
1770 118
1770 118
1770 118
1771 118
1771 118
1771 118
1771 118
1772 118
1772 118
1772 118
1772 118
1773 118
1773 118
1773 118
1773 118
1774 118
1774 118
1774 118
1774 118
1775 118
1775 118
1775 118
1775 118
1776 118
1776 118
1776 118
1776 118
1777 118
1777 118
1777 118
1777 118
1778 118
1778 118
1778 118
1778 118
1779 118
1779 118
1779 118
1779 118
1780 118
1780 118
1780 118
1780 118
1781 118
1781 118
1781 118
1781 118
1782 118
1782 118
1782 118
1782 118
1783 118
1783 118
1783 118
1783 118
1784 118
1784 118
1784 118
1784 118
1785 118
1785 118
1785 118
1785 118
1786 118
1786 118
1786 118
1786 118
1787 118
1787 118
1787 118
1787 118
1788 118
1788 118
1788 118
1788 118
1789 118
1789 118
1789 118
1789 118
1790 118
1790 118
1790 118
1790 118
1791 118
1791 118
1791 118
1792 118
1792 118
1792 118
1792 118
1793 118
1793 118
1793 118
1793 118
1794 118
1794 118
1794 118
1795 118
1795 118
1795 118
1795 118
1796 118
1796 118
1796 118
1796 118
1797 118
1797 118
1797 118
1797 118
1798 118
1798 118
1798 118
1798 118
1799 118
1799 118
1799 118
1799 118
1800 118
1800 118
1800 118
1800 118
1801 118
1801 118
1801 118
1801 118
1802 118
1802 118
1802 118
1802 118
1803 118
1803 118
1803 118
1803 118
1804 118
1804 118
1804 118
1804 118
1805 118
1805 118
1805 118
1805 118
1806 118
1806 118
1806 118
1806 118
1807 118
1807 118
1807 118
1807 118
1808 118
1808 118
1808 118
1808 118
1809 118
1809 118
1809 118
1810 118
1810 118
1810 118
1810 118
1811 118
1811 118
1811 118
1811 118
1812 118
1812 118
1812 118
1812 118
1813 118
1813 118
1813 118
1814 118
1814 118
1814 118
1814 118
1815 118
1815 118
1815 118
1815 118
1816 118
1816 118
1816 118
1816 118
1817 118
1817 118
1817 118
1817 118
1818 118
1818 118
1818 118
1818 118
1819 118
1819 118
1819 118
1820 118
1820 118
1820 118
1820 118
1821 118
1821 118
1821 118
1821 118
1822 118
1822 118
1822 118
1822 118
1823 118
1823 118
1823 118
1823 118
1824 118
1824 118
1824 118
1824 118
1825 118
1825 118
1825 118
1825 118
1826 118
1826 118
1826 118
1826 118
1827 118
1827 118
1827 118
1827 118
1828 118
1828 118
1828 118
1828 118
1829 118
1829 118
1829 118
1829 118
1830 118
1830 118
1830 118
1831 118
1831 118
1831 118
1831 118
1832 118
1832 118
1832 118
1832 118
1833 118
1833 118
1833 118
1833 118
1833 118
1833 118
1834 118
1834 118
1834 118
1834 118
1835 118
1835 118
1835 118
1835 118
1836 118
1836 118
1836 118
1836 118
1837 118
1837 118
1837 118
1837 118
1838 118
1838 118
1838 118
1838 118
1839 118
1839 118
1839 118
1839 118
1840 118
1840 118
1840 118
1840 118
1841 118
1841 118
1841 118
1841 118
1842 118
1842 118
1842 118
1843 118
1843 118
1843 118
1843 118
1844 118
1844 118
1844 118
1844 118
1845 118
1845 118
1845 118
1845 118
1846 118
1846 118
1846 118
1846 118
1847 118
1847 118
1847 118
1847 118
1848 118
1848 118
1848 118
1848 118
1849 118
1849 118
1849 118
1849 118
1850 118
1850 118
1850 118
1851 118
1851 118
1851 118
1851 118
1852 118
1852 118
1852 118
1852 118
1853 118
1853 118
1853 118
1853 118
1854 118
1854 118
1854 118
1854 118
1855 118
1855 118
1855 118
1855 118
1855 118
1855 118
1855 118
1856 118
1856 118
1856 118
1856 118
1857 118
1857 118
1857 118
1857 118
1858 118
1858 118
1858 118
1858 118
1859 118
1859 118
1859 118
1859 118
1860 118
1860 118
1860 118
1860 118
1861 118
1861 118
1861 118
1862 118
1862 118
1862 118
1862 118
1863 118
1863 118
1863 118
1863 118
1864 118
1864 118
1864 118
1864 118
1865 118
1865 118
1865 118
1866 118
1866 118
1866 118
1866 118
1867 118
1867 118
1867 118
1867 118
1868 118
1868 118
1868 118
1868 118
1869 118
1869 118
1869 118
1869 118
1870 118
1870 118
1870 118
1871 118
1871 118
1871 118
1871 118
1872 118
1872 118
1872 118
1872 118
1873 118
1873 118
1873 118
1873 118
1874 118
1874 118
1874 118
1874 118
1875 118
1875 118
1875 118
1875 118
1875 118
1875 118
1875 118
1876 118
1876 118
1876 118
1876 118
1877 118
1877 118
1877 118
1877 118
1878 118
1878 118
1878 118
1878 118
1879 118
1879 118
1879 118
1879 118
1880 118
1880 118
1880 118
1880 118
1881 118
1881 118
1881 118
1882 118
1882 118
1882 118
1882 118
1883 118
1883 118
1883 118
1883 118
1884 118
1884 118
1884 118
1884 118
1885 118
1885 118
1885 118
1885 118
1886 118
1886 118
1886 118
1886 118
1887 118
1887 118
1887 118
1888 118
1888 118
1888 118
1888 118
1889 118
1889 118
1889 118
1889 118
1890 118
1890 118
1890 118
1890 118
1891 118
1891 118
1891 118
1892 118
1892 118
1892 118
1892 118
1893 118
1893 118
1893 118
1893 118
1894 118
1894 118
1894 118
1894 118
1894 118
1894 118
1894 118
1895 118
1895 118
1895 118
1895 118
1896 118
1896 118
1896 118
1896 118
1897 118
1897 118
1897 118
1897 118
1898 118
1898 118
1898 118
1898 118
1899 118
1899 118
1899 118
1899 118
1900 118
1900 118
1900 118
1900 118
1901 118
1901 118
1901 118
1902 118
1902 118
1902 118
1902 118
1903 118
1903 118
1903 118
1903 118
1904 118
1904 118
1904 118
1904 118
1905 118
1905 118
1905 118
1905 118
1906 118
1906 118
1906 118
1906 118
1907 118
1907 118
1907 118
1907 118
1908 118
1908 118
1908 118
1908 118
1909 118
1909 118
1909 118
1909 118
1910 118
1910 118
1910 118
1911 118
1911 118
1911 118
1912 118
1912 118
1912 118
1912 118
1913 118
1913 118
1913 118
1913 118
1914 118
1914 118
1914 118
1914 118
1914 118
1914 118
1914 118
1915 118
1915 118
1915 118
1915 118
1916 118
1916 118
1916 118
1916 118
1917 118
1917 118
1917 118
1917 118
1918 118
1918 118
1918 118
1918 118
1919 118
1919 118
1919 118
1919 118
1920 118
1920 118
1920 118
1920 118
1921 118
1921 118
1921 118
1922 118
1922 118
1922 118
1922 118
1923 118
1923 118
1923 118
1923 118
1924 118
1924 118
1924 118
1924 118
1925 118
1925 118
1925 118
1925 118
1926 118
1926 118
1926 118
1926 118
1927 118
1927 118
1927 118
1927 118
1928 118
1928 118
1928 118
1928 118
1929 118
1929 118
1929 118
1930 118
1930 118
1930 118
1930 118
1931 118
1931 118
1931 118
1931 118
1932 118
1932 118
1932 118
1933 118
1933 118
1933 118
1933 118
1933 118
1933 118
1933 118
1934 118
1934 118
1934 118
1934 118
1935 118
1935 118
1935 118
1935 118
1936 118
1936 118
1936 118
1936 118
1937 118
1937 118
1937 118
1937 118
1938 118
1938 118
1938 118
1938 118
1939 118
1939 118
1939 118
1939 118
1940 118
1940 118
1940 118
1940 118
1941 118
1941 118
1941 118
1941 118
1942 118
1942 118
1942 118
1942 118
1943 118
1943 118
1943 118
1943 118
1944 118
1944 118
1944 118
1944 118
1945 118
1945 118
1945 118
1945 118
1946 118
1946 118
1946 118
1946 118
1947 118
1947 118
1947 118
1947 118
1948 118
1948 118
1948 118
1948 118
1949 118
1949 118
1949 118
1949 118
1950 118
1950 118
1950 118
1950 118
1951 118
1951 118
1951 118
1951 118
1952 118
1952 118
1952 118
1952 118
1953 118
1953 118
1953 118
1954 118
1954 118
1954 118
1954 118
1955 118
1955 118
1955 118
1955 118
1956 118
1956 118
1956 118
1956 118
1957 118
1957 118
1957 118
1958 118
1958 118
1958 118
1958 118
1959 118
1959 118
1959 118
1959 118
1960 118
1960 118
1960 118
1960 118
1960 118
1960 118
1960 118
1961 118
1961 118
1961 118
1961 118
1962 118
1962 118
1962 118
1962 118
1963 118
1963 118
1963 118
1963 118
1964 118
1964 118
1964 118
1964 118
1965 118
1965 118
1965 118
1965 118
1966 118
1966 118
1966 118
1966 118
1967 118
1967 118
1967 118
1967 118
1968 118
1968 118
1968 118
1968 118
1969 118
1969 118
1969 118
1969 118
1970 118
1970 118
1970 118
1970 118
1971 118
1971 118
1971 118
1971 118
1972 118
1972 118
1972 118
1972 118
1973 118
1973 118
1973 118
1974 118
1974 118
1974 118
1974 118
1975 118
1975 118
1975 118
1975 118
1976 118
1976 118
1976 118
1976 118
1977 118
1977 118
1977 118
1977 118
1978 118
1978 118
1978 118
1978 118
1979 118
1979 118
1979 118
1979 118
1980 118
1980 118
1980 118
1980 118
1981 118
1981 118
1981 118
1981 118
1982 118
1982 118
1982 118
1982 118
1983 118
1983 118
1983 118
1983 118
1984 118
1984 118
1984 118
1984 118
1984 118
1984 118
1984 118
1985 118
1985 118
1985 118
1985 118
1986 118
1986 118
1986 118
1986 118
1987 118
1987 118
1987 118
1987 118
1988 118
1988 118
1988 118
1988 118
1989 118
1989 118
1989 118
1989 118
1990 118
1990 118
1990 118
1990 118
1991 118
1991 118
1991 118
1991 118
1992 118
1992 118
1992 118
1993 118
1993 118
1993 118
1993 118
1994 118
1994 118
1994 118
1994 118
1995 118
1995 118
1995 118
1995 118
1996 118
1996 118
1996 118
1997 118
1997 118
1997 118
1997 118
1998 118
1998 118
1998 118
1998 118
1999 118
1999 118
1999 118
1999 118
2000 118
2000 118
2000 118
2000 118
2001 118
2001 118
2001 118
2001 118
2002 118
2002 118
2002 118
2002 118
2003 118
2003 118
2003 118
2003 118
2003 118
2003 118
2003 118
2004 118
2004 118
2004 118
2004 118
2005 118
2005 118
2005 118
2005 118
2006 118
2006 118
2006 118
2006 118
2007 118
2007 118
2007 118
2007 118
2008 118
2008 118
2008 118
2008 118
2009 118
2009 118
2009 118
2009 118
2010 118
2010 118
2010 118
2010 118
2011 118
2011 118
2011 118
2011 118
2012 118
2012 118
2012 118
2013 118
2013 118
2013 118
2013 118
2014 118
2014 118
2014 118
2014 118
2015 118
2015 118
2015 118
2015 118
2016 118
2016 118
2016 118
2017 118
2017 118
2017 118
2017 118
2018 118
2018 118
2018 118
2018 118
2019 118
2019 118
2019 118
2019 118
2020 118
2020 118
2020 118
2020 118
2021 118
2021 118
2021 118
2021 118
2022 118
2022 118
2022 118
2022 118
2022 118
2022 118
2022 118
2023 118
2023 118
2023 118
2023 118
2024 118
2024 118
2024 118
2024 118
2025 118
2025 118
2025 118
2025 118
2026 118
2026 118
2026 118
2026 118
2027 118
2027 118
2027 118
2028 118
2028 118
2028 118
2028 118
2029 118
2029 118
2029 118
2029 118
2030 118
2030 118
2030 118
2030 118
2031 118
2031 118
2031 118
2031 118
2032 118
2032 118
2032 118
2032 118
2033 118
2033 118
2033 118
2033 118
2034 118
2034 118
2034 118
2034 118
2035 118
2035 118
2035 118
2035 118
2036 118
2036 118
2036 118
2036 118
2037 118
2037 118
2037 118
2037 118
2038 118
2038 118
2038 118
2039 118
2039 118
2039 118
2039 118
2040 118
2040 118
2040 118
2040 118
2041 118
2041 118
2041 118
2041 118
2042 118
2042 118
2042 118
2043 118
2043 118
2043 118
2043 118
2044 118
2044 118
2044 118
2044 118
2045 118
2045 118
2045 118
2045 118
2046 118
2046 118
2046 118
2046 118
2047 118
2047 118
2047 118
2047 118
2048 118
2048 118
2048 118
2048 118
2049 118
2049 118
2049 118
2049 118
2050 118
2050 118
2050 118
2050 118
2051 118
2051 118
2051 118
2051 118
2052 118
2052 118
2052 118
2052 118
2053 118
2053 118
2053 118
2053 118
2054 118
2054 118
2054 118
2054 118
2055 118
2055 118
2055 118
2055 118
2056 118
2056 118
2056 118
2056 118
2057 118
2057 118
2057 118
2057 118
2058 118
2058 118
2058 118
2058 118
2059 118
2059 118
2059 118
2059 118
2060 118
2060 118
2060 118
2060 118
2061 118
2061 118
2061 118
2061 118
2062 118
2062 118
2062 118
2062 118
2063 118
2063 118
2063 118
2063 118
2064 118
2064 118
2064 118
2064 118
2065 118
2065 118
2065 118
2065 118
2066 118
2066 118
2066 118
2066 118
2067 118
2067 118
2067 118
2067 118
2068 118
2068 118
2068 118
2068 118
2069 118
2069 118
2069 118
2069 118
2070 118
2070 118
2070 118
2070 118
2071 118
2071 118
2071 118
2071 118
2072 118
2072 118
2072 118
2072 118
2073 118
2073 118
2073 118
2073 118
2074 118
2074 118
2074 118
2074 118
2075 118
2075 118
2075 118
2075 118
2076 118
2076 118
2076 118
2076 118
2077 118
2077 118
2077 118
2077 118
2078 118
2078 118
2078 118
2078 118
2079 118
2079 118
2079 118
2079 118
2080 118
2080 118
2080 118
2080 118
2081 118
2081 118
2081 118
2082 118
2082 118
2082 118
2082 118
2083 118
2083 118
2083 118
2083 118
2084 118
2084 118
2084 118
2084 118
2085 118
2085 118
2085 118
2085 118
2085 118
2085 118
2085 118
2086 118
2086 118
2086 118
2086 118
2087 118
2087 118
2087 118
2087 118
2088 118
2088 118
2088 118
2088 118
2089 118
2089 118
2089 118
2089 118
2090 118
2090 118
2090 118
2090 118
2091 118
2091 118
2091 118
2091 118
2092 118
2092 118
2092 118
2092 118
2093 118
2093 118
2093 118
2093 118
2094 118
2094 118
2094 118
2094 118
2095 118
2095 118
2095 118
2095 118
2096 118
2096 118
2096 118
2096 118
2097 118
2097 118
2097 118
2097 118
2098 118
2098 118
2098 118
2098 118
2099 118
2099 118
2099 118
2099 118
2100 118
2100 118
2100 118
2100 118
2101 118
2101 118
2101 118
2102 118
2102 118
2102 118
2102 118
2103 118
2103 118
2103 118
2103 118
2104 118
2104 118
2104 118
2104 118
2105 118
2105 118
2105 118
2105 118
2105 118
2105 118
2105 118
2106 118
2106 118
2106 118
2106 118
2107 118
2107 118
2107 118
2107 118
2108 118
2108 118
2108 118
2108 118
2109 118
2109 118
2109 118
2109 118
2110 118
2110 118
2110 118
2110 118
2111 118
2111 118
2111 118
2111 118
2112 118
2112 118
2112 118
2112 118
2113 118
2113 118
2113 118
2113 118
2114 118
2114 118
2114 118
2114 118
2115 118
2115 118
2115 118
2115 118
2116 118
2116 118
2116 118
2116 118
2117 118
2117 118
2117 118
2117 118
2118 118
2118 118
2118 118
2118 118
2119 118
2119 118
2119 118
2119 118
2120 118
2120 118
2120 118
2120 118
2121 118
2121 118
2121 118
2121 118
2122 118
2122 118
2122 118
2123 118
2123 118
2123 118
2123 118
2124 118
2124 118
2124 118
2124 118
2124 118
2124 118
2124 118
2125 118
2125 118
2125 118
2125 118
2126 118
2126 118
2126 118
2126 118
2127 118
2127 118
2127 118
2127 118
2128 118
2128 118
2128 118
2128 118
2129 118
2129 118
2129 118
2129 118
2130 118
2130 118
2130 118
2131 118
2131 118
2131 118
2131 118
2132 118
2132 118
2132 118
2132 118
2133 118
2133 118
2133 118
2133 118
2134 118
2134 118
2134 118
2135 118
2135 118
2135 118
2135 118
2136 118
2136 118
2136 118
2136 118
2137 118
2137 118
2137 118
2137 118
2138 118
2138 118
2138 118
2138 118
2139 118
2139 118
2139 118
2139 118
2140 118
2140 118
2140 118
2140 118
2141 118
2141 118
2141 118
2141 118
2142 118
2142 118
2142 118
2142 118
2143 118
2143 118
2143 118
2143 118
2144 118
2144 118
2144 118
2144 118
2145 118
2145 118
2145 118
2145 118
2146 118
2146 118
2146 118
2146 118
2147 118
2147 118
2147 118
2147 118
2148 118
2148 118
2148 118
2148 118
2149 118
2149 118
2149 118
2149 118
2150 118
2150 118
2150 118
2150 118
2151 118
2151 118
2151 118
2151 118
2152 118
2152 118
2152 118
2152 118
2153 118
2153 118
2153 118
2153 118
2153 118
2153 118
2153 118
2154 118
2154 118
2154 118
2155 118
2155 118
2155 118
2155 118
2156 118
2156 118
2156 118
2156 118
2157 118
2157 118
2157 118
2157 118
2158 118
2158 118
2158 118
2158 118
2159 118
2159 118
2159 118
2159 118
2160 118
2160 118
2160 118
2160 118
2161 118
2161 118
2161 118
2161 118
2162 118
2162 118
2162 118
2162 118
2163 118
2163 118
2163 118
2163 118
2164 118
2164 118
2164 118
2164 118
2165 118
2165 118
2165 118
2165 118
2166 118
2166 118
2166 118
2166 118
2167 118
2167 118
2167 118
2167 118
2168 118
2168 118
2168 118
2168 118
2169 118
2169 118
2169 118
2169 118
2170 118
2170 118
2170 118
2170 118
2171 118
2171 118
2171 118
2171 118
2172 118
2172 118
2172 118
2172 118
2173 118
2173 118
2173 118
2173 118
2174 118
2174 118
2174 118
2174 118
2175 118
2175 118
2175 118
2176 118
2176 118
2176 118
2176 118
2176 118
2176 118
2177 118
2177 118
2177 118
2177 118
2178 118
2178 118
2178 118
2178 118
2179 118
2179 118
2179 118
2180 118
2180 118
2180 118
2180 118
2181 118
2181 118
2181 118
2181 118
2182 118
2182 118
2182 118
2182 118
2183 118
2183 118
2183 118
2183 118
2184 118
2184 118
2184 118
2184 118
2185 118
2185 118
2185 118
2185 118
2186 118
2186 118
2186 118
2186 118
2187 118
2187 118
2187 118
2187 118
2188 118
2188 118
2188 118
2188 118
2189 118
2189 118
2189 118
2189 118
2190 118
2190 118
2190 118
2190 118
2191 118
2191 118
2191 118
2191 118
2192 118
2192 118
2192 118
2192 118
2193 118
2193 118
2193 118
2193 118
2194 118
2194 118
2194 118
2194 118
2195 118
2195 118
2195 118
2195 118
2196 118
2196 118
2197 118
2197 118
2197 118
2197 118
2198 118
2198 118
2198 118
2198 118
2199 118
2199 118
2199 118
2200 118
2200 118
2200 118
2200 118
2201 118
2201 118
2201 118
2201 118
2202 118
2202 118
2202 118
2202 118
2203 118
2203 118
2203 118
2203 118
2204 118
2204 118
2204 118
2204 118
2205 118
2205 118
2205 118
2205 118
2206 118
2206 118
2206 118
2206 118
2207 118
2207 118
2207 118
2207 118
2207 118
2207 118
2207 118
2208 118
2208 118
2208 118
2208 118
2209 118
2209 118
2209 118
2209 118
2210 118
2210 118
2210 118
2210 118
2211 118
2211 118
2211 118
2211 118
2212 118
2212 118
2212 118
2212 118
2213 118
2213 118
2213 118
2213 118
2214 118
2214 118
2214 118
2214 118
2215 118
2215 118
2215 118
2215 118
2216 118
2216 118
2216 118
2216 118
2217 118
2217 118
2217 118
2217 118
2218 118
2218 118
2218 118
2218 118
2219 118
2219 118
2219 118
2219 118
2220 118
2220 118
2220 118
2221 118
2221 118
2221 118
2221 118
2222 118
2222 118
2222 118
2222 118
2223 118
2223 118
2223 118
2223 118
2224 118
2224 118
2225 118
2225 118
2225 118
2225 118
2226 118
2226 118
2226 118
2226 118
2227 118
2227 118
2227 118
2227 118
2228 118
2228 118
2228 118
2228 118
2229 118
2229 118
2229 118
2229 118
2230 118
2230 118
2230 118
2230 118
2231 118
2231 118
2231 118
2231 118
2232 118
2232 118
2232 118
2232 118
2233 118
2233 118
2233 118
2233 118
2234 118
2234 118
2234 118
2234 118
2235 118
2235 118
2235 118
2235 118
2236 118
2236 118
2236 118
2236 118
2237 118
2237 118
2237 118
2237 140