
0 0
0 0
0 0
1 0
1 0
1 0
1 0
2 0
2 0
2 0
2 0
3 0
3 0
3 0
3 0
4 0
4 0
4 0
4 0
5 0
5 0
5 0
5 0
6 0
6 0
6 0
6 0
7 0
7 0
7 0
7 0
8 0
8 0
8 0
8 0
9 0
9 0
9 0
9 0
10 1
10 1
10 1
10 1
11 1
11 1
11 1
11 1
12 1
12 1
12 1
12 1
13 1
13 1
13 1
13 1
14 1
14 1
14 1
14 1
15 1
15 1
15 1
15 1
16 1
16 1
16 1
16 1
17 1
17 1
17 1
17 1
18 1
18 1
18 1
18 1
19 1
19 1
19 1
19 1
20 1
20 1
20 1
20 1
21 1
21 1
21 1
21 1
22 1
22 1
22 1
22 1
23 1
23 1
23 1
23 1
24 1
24 1
24 1
24 1
25 1
25 1
25 1
25 1
26 1
26 1
26 1
26 1
27 1
27 1
27 1
27 1
28 1
28 1
28 1
28 1
29 1
29 1
29 1
29 1
30 1
30 1
30 1
30 1
31 1
31 1
31 1
31 1
32 1
32 1
32 1
32 1
33 1
33 1
33 1
33 1
34 1
34 1
34 1
34 1
35 1
35 1
35 1
35 1
36 1
36 1
36 1
36 1
37 1
37 1
37 1
37 1
38 1
38 1
38 1
38 1
39 1
39 1
39 1
39 1
40 1
40 1
40 1
40 1
41 1
41 1
41 1
41 1
42 1
42 1
42 1
42 1
43 1
43 1
43 1
43 1
44 1
44 1
44 1
44 1
45 1
45 1
45 1
45 1
46 1
46 1
46 1
46 1
47 1
47 1
47 1
47 1
48 1
48 1
48 1
48 1
49 1
49 1
49 1
49 1
50 1
50 1
50 1
50 1
51 1
51 1
51 1
51 1
52 1
52 1
52 1
52 1
53 1
53 1
53 1
53 1
54 1
54 1
54 1
54 1
55 1
55 1
55 1
55 1
56 1
56 1
56 1
56 11
57 11
57 11
57 11
57 11
58 11
58 11
58 11
58 11
59 11
59 11
59 11
59 11
60 11
60 11
60 11
60 11
61 11
61 11
61 11
61 11
62 11
62 11
62 11
62 11
63 11
63 11
63 11
63 11
64 11
64 11
64 11
64 11
65 11
65 11
65 11
65 11
66 11
66 11
66 11
66 11
67 11
67 11
67 11
67 11
68 11
68 11
68 11
68 11
69 11
69 11
69 11
69 11
70 11
70 11
70 11
70 11
71 11
71 11
71 11
71 11
72 11
72 11
72 11
72 11
73 11
73 11
73 11
73 11
74 11
74 11
74 11
74 11
75 11
75 11
75 11
75 11
76 11
76 11
76 11
76 11
77 11
77 11
77 11
77 11
78 11
78 11
78 11
78 11
79 11
79 11
79 11
79 11
80 11
80 11
80 11
80 11
81 11
81 11
81 11
81 11
82 11
82 11
82 11
82 11
83 11
83 11
83 11
83 11
84 11
84 11
84 11
84 11
85 11
85 11
85 11
85 11
86 11
86 11
86 11
86 11
87 11
87 11
87 11
87 11
88 11
88 11
88 11
88 11
89 11
89 11
89 11
89 11
90 11
90 11
90 11
90 11
91 11
91 11
91 11
91 11
92 11
92 11
92 11
92 11
93 11
93 11
93 11
93 11
94 11
94 11
94 11
94 11
95 11
95 11
95 11
95 11
96 11
96 11
96 11
96 11
97 11
97 11
97 11
97 11
98 11
98 11
98 11
98 11
99 11
99 11
99 11
99 11
100 11
100 11
100 11
100 11
101 11
101 11
101 11
101 11
102 11
102 11
102 11
102 11
103 11
103 11
103 11
103 11
104 11
104 11
104 11
104 11
105 11
105 11
105 11
105 11
106 11
106 11
106 11
106 11
107 11
107 11
107 11
107 11
108 11
108 11
108 11
108 11
109 11
109 11
109 11
109 11
110 11
110 11
110 11
110 11
111 11
111 11
111 11
111 11
112 11
112 11
112 11
112 11
113 11
113 11
113 11
113 11
114 11
114 11
114 11
114 11
115 11
115 11
115 11
115 11
116 11
116 11
116 11
116 11
117 11
117 11
117 11
117 11
118 11
118 11
118 11
118 11
119 11
119 11
119 11
119 11
120 11
120 11
120 11
120 11
121 11
121 11
121 11
121 11
122 11
122 11
122 11
122 11
123 11
123 11
123 11
123 11
124 11
124 11
124 11
124 11
125 11
125 11
125 11
125 11
126 11
126 11
126 11
126 11
127 11
127 11
127 11
127 11
128 11
128 11
128 11
128 11
129 11
129 11
129 11
129 11
130 11
130 11
130 11
130 11
131 11
131 11
131 11
131 11
132 11
132 11
132 11
132 11
133 11
133 11
133 11
133 11
134 11
134 11
134 11
134 11
135 11
135 11
135 11
135 11
136 11
136 11
136 11
136 11
137 11
137 11
137 11
137 11
138 11
138 11
138 11
138 11
139 11
139 11
139 11
139 11
140 11
140 11
140 11
140 11
141 11
141 11
141 11
141 11
142 11
142 11
142 11
142 11
143 11
143 11
143 11
143 11
144 11
144 11
144 11
144 11
145 11
145 11
145 11
145 11
146 11
146 11
146 11
146 11
147 11
147 11
147 11
147 11
148 11
148 11
148 11
148 11
149 11
149 11
149 11
149 11
150 11
150 11
150 11
150 11
151 11
151 11
151 11
151 11
152 11
152 11
152 11
152 11
153 11
153 11
153 11
153 11
154 11
154 11
154 11
154 11
155 11
155 11
155 11
155 11
156 11
156 11
156 11
156 11
157 11
157 11
157 11
157 11
158 11
158 11
158 11
158 11
159 11
159 11
159 11
159 11
160 11
160 11
160 11
160 11
161 11
161 11
161 11
161 11
162 11
162 11
162 11
162 11
163 11
163 11
163 12
163 12
164 12
164 12
164 12
164 12
165 12
165 12
165 12
165 12
166 12
166 12
166 12
166 12
167 12
167 12
167 12
167 12
168 12
168 12
168 12
168 12
169 12
169 12
169 12
169 12
170 12
170 12
170 12
170 12
171 12
171 12
171 12
171 12
172 12
172 12
172 12
172 12
173 12
173 12
173 12
173 12
174 12
174 12
174 12
174 12
175 12
175 12
175 12
175 12
176 12
176 12
176 12
176 12
177 12
177 12
177 12
177 12
178 12
178 12
178 12
178 12
179 12
179 12
179 12
179 12
180 12
180 12
180 12
180 12
181 12
181 12
181 12
181 12
182 12
182 12
182 12
182 12
183 12
183 12
183 12
183 12
184 12
184 12
184 12
184 12
185 12
185 12
185 12
185 12
186 12
186 12
186 12
186 12
187 12
187 12
187 12
187 12
188 12
188 12
188 12
188 12
189 12
189 12
189 12
189 12
190 12
190 12
190 12
190 12
191 12
191 12
191 12
191 12
192 12
192 12
192 12
192 12
193 12
193 12
193 12
193 12
194 12
194 12
194 12
194 12
195 12
195 12
195 12
195 12
196 12
196 12
196 12
196 12
197 12
197 12
197 12
197 12
198 12
198 12
198 12
198 12
199 12
199 12
199 12
199 12
200 12
200 12
200 12
200 12
201 12
201 12
201 12
201 34
202 34
202 34
202 34
202 34
203 34
203 34
203 34
203 34
204 34
204 34
204 34
204 34
205 34
205 34
205 34
205 34
206 34
206 34
206 34
206 34
207 34
207 34
207 34
207 34
208 34
208 34
208 34
208 34
209 34
209 34
209 34
209 34
210 34
210 34
210 34
210 34
211 34
211 34
211 34
211 34
212 34
212 34
212 34
212 34
213 34
213 34
213 34
213 34
214 34
214 34
214 34
214 34
215 34
215 34
215 34
215 34
216 34
216 34
216 34
216 34
217 34
217 34
217 34
217 34
218 34
218 34
218 34
218 34
219 34
219 34
219 34
219 34
220 34
220 34
220 34
220 34
221 34
221 34
221 34
221 34
222 34
222 34
222 34
222 34
223 34
223 34
223 34
223 34
224 34
224 34
224 34
224 34
225 34
225 34
225 34
225 34
226 34
226 34
226 34
226 34
227 34
227 34
227 34
227 34
228 34
228 34
228 34
228 34
229 34
229 34
229 34
229 34
230 34
230 34
230 34
230 34
231 34
231 34
231 34
231 34
232 34
232 34
232 34
232 34
233 34
233 34
233 34
233 34
234 34
234 34
234 34
234 34
235 34
235 34
235 34
235 34
236 34
236 34
236 34
236 34
237 34
237 34
237 34
237 34
238 34
238 34
238 34
238 34
239 56
239 56
239 56
239 56
240 56
240 56
240 56
240 56
241 56
241 56
241 56
241 56
242 56
242 56
242 56
243 56
243 56
243 56
243 56
244 56
244 56
244 56
244 56
245 56
245 56
245 56
245 56
246 56
246 56
246 56
246 56
247 56
247 56
247 56
247 56
248 56
248 56
248 56
249 56
249 56
249 56
250 56
250 56
250 56
250 56
251 56
251 56
251 56
251 56
252 56
252 56
252 56
252 56
253 56
253 56
253 56
253 56
254 56
254 56
254 56
254 56
255 56
255 56
255 56
255 56
256 56
256 56
256 56
256 56
257 56
257 56
257 56
257 56
258 56
258 56
258 56
258 56
259 56
259 56
259 56
259 56
260 56
260 56
260 56
260 56
261 56
261 56
261 56
261 56
262 56
262 56
262 56
262 56
263 56
263 56
263 56
263 56
264 56
264 56
264 56
264 56
265 56
265 56
265 56
265 56
266 56
266 56
266 56
266 56
267 56
267 56
267 56
267 56
268 56
268 56
268 56
268 56
269 56
269 56
269 56
269 56
270 56
270 56
270 56
270 56
271 56
271 56
271 56
271 56
272 56
272 56
272 56
272 56
273 56
273 56
273 56
273 56
274 56
274 56
274 56
274 56
275 56
275 56
275 56
275 56
276 56
276 56
276 56
276 56
277 56
277 56
277 56
277 56
278 56
278 56
278 56
278 56
279 56
279 56
279 56
280 56
280 56
280 56
280 56
281 56
281 56
281 56
281 56
282 56
282 56
282 56
282 56
283 56
283 56
283 56
283 56
284 56
284 56
284 56
284 56
285 56
285 56
285 56
285 56
286 56
286 56
286 56
286 56
287 56
287 56
287 56
287 56
288 56
288 56
288 56
288 56
289 56
289 56
289 56
289 56
290 56
290 56
290 56
290 56
291 56
291 56
291 56
291 56
292 56
292 56
292 56
292 56
293 56
293 56
293 56
293 56
294 56
294 56
294 56
294 56
295 56
295 56
295 56
295 56
296 56
296 56
296 56
296 56
297 56
297 56
297 56
297 56
298 56
298 56
298 56
298 56
299 56
299 56
299 56
299 56
300 56
300 56
300 56
300 56
301 56
301 56
301 56
301 56
302 56
302 56
302 56
302 56
303 56
303 56
303 56
303 56
304 56
304 56
304 56
304 56
305 56
305 56
305 56
305 56
306 56
306 56
306 56
306 56
307 56
307 56
307 56
307 56
308 56
308 56
308 56
308 56
309 56
309 56
309 56
309 56
310 56
310 56
310 56
310 56
311 56
311 56
311 56
311 56
312 56
312 56
312 56
313 56
313 56
313 56
313 56
314 56
314 56
314 56
315 56
315 56
315 56
315 56
316 56
316 56
316 56
316 56
317 56
317 56
317 56
317 56
318 56
318 56
318 56
318 56
319 56
319 56
319 56
319 56
320 56
320 56
320 56
320 56
321 56
321 56
321 56
321 56
321 56
321 56
321 56
322 56
322 56
322 56
322 56
323 56
323 56
323 56
323 56
324 56
324 56
324 56
324 56
325 56
325 56
325 56
325 56
326 56
326 56
326 56
326 56
327 56
327 56
327 56
327 56
328 56
328 56
328 56
328 56
328 56
328 56
328 56
329 56
329 56
329 56
329 56
330 56
330 56
330 56
330 56
331 56
331 56
331 56
331 56
332 56
332 56
332 56
332 56
333 56
333 56
333 56
333 56
333 56
333 56
333 56
334 56
334 56
334 56
334 56
335 56
335 56
335 56
335 56
336 56
336 56
336 56
336 56
337 56
337 56
337 56
337 56
338 56
338 56
338 56
338 56
339 56
339 56
339 56
339 56
340 56
340 56
340 56
340 56
341 56
341 56
341 56
341 56
342 56
342 56
342 56
342 56
343 56
343 56
343 56
343 56
344 56
344 56
344 56
344 56
345 56
345 56
345 56
345 56
346 56
346 56
346 56
346 56
347 56
347 56
347 56
347 56
348 56
348 56
348 56
348 56
349 56
349 56
349 56
349 56
350 56
350 56
350 56
350 56
351 56
351 56
351 56
351 56
352 56
352 56
352 56
352 56
353 56
353 56
353 56
353 56
354 56
354 56
354 56
354 56
355 56
355 56
355 56
355 56
356 56
356 56
356 56
356 56
357 56
357 56
357 56
357 56
358 56
358 56
358 56
358 56
359 56
359 56
359 56
359 56
360 56
360 56
360 56
360 56
361 56
361 56
361 56
361 56
362 56
362 56
362 56
362 56
363 56
363 56
363 56
363 56
364 56
364 56
364 56
364 56
365 56
365 56
365 56
365 56
366 56
366 56
366 56
366 56
367 56
367 56
367 56
367 56
368 56
368 56
368 56
368 56
369 56
369 56
369 56
369 56
370 56
370 56
370 56
370 56
371 56
371 56
371 56
371 56
372 56
372 56
372 56
372 56
373 56
373 56
373 56
373 56
373 56
373 56
373 56
374 56
374 56
374 56
374 56
375 56
375 56
375 56
375 56
376 56
376 56
376 56
376 56
377 56
377 56
377 56
377 56
378 56
378 56
378 56
378 56
379 56
379 56
379 56
379 56
380 56
380 56
380 56
380 56
381 56
381 56
381 56
381 56
382 56
382 56
382 56
382 56
383 56
383 56
383 56
383 56
384 56
384 56
384 56
384 56
385 56
385 56
385 56
385 56
386 56
386 56
386 56
386 56
387 56
387 56
387 56
388 56
388 56
388 56
388 56
389 56
389 56
389 56
389 56
390 56
390 56
390 56
390 56
391 56
391 56
391 56
391 56
392 56
392 56
392 56
392 56
393 56
393 56
393 56
393 56
394 56
394 56
394 56
394 56
395 56
395 56
395 56
395 56
396 56
396 56
396 56
396 56
397 56
397 56
397 56
397 56
398 56
398 56
398 56
398 56
399 56
399 69
399 69
399 69
400 69
400 69
400 69
400 69
401 69
401 69
401 69
401 69
402 69
402 69
402 69
402 69
403 69
403 69
403 69
403 69
404 69
404 69
404 69
404 69
405 69
405 69
405 69
405 69
406 69
406 69
406 69
406 69
407 69
407 69
407 69
407 69
408 69
408 69
408 69
408 69
409 69
409 69
409 69
409 69
410 69
410 69
410 69
410 69
411 69
411 69
411 69
411 69
412 69
412 69
412 69
412 69
413 69
413 69
413 69
413 69
414 69
414 69
414 69
414 69
415 69
415 69
415 69
415 69
416 69
416 69
416 69
416 69
417 69
417 69
417 69
417 69
418 69
418 69
418 69
418 69
419 69
419 69
419 69
419 69
420 69
420 69
420 69
420 69
421 69
421 69
421 69
421 69
422 69
422 69
422 69
422 69
423 69
423 69
423 69
423 69
424 69
424 69
424 69
424 69
425 69
425 69
425 69
425 69
426 69
426 69
426 69
426 69
427 69
427 69
427 69
427 69
428 69
428 69
428 69
428 69
429 69
429 69
429 69
429 69
430 69
430 69
430 69
430 69
431 69
431 69
431 69
431 69
432 69
432 69
432 69
432 69
433 69
433 69
433 69
433 69
434 69
434 69
434 69
434 69
435 69
435 69
435 69
435 69
436 69
436 69
436 69
436 69
437 69
437 69
437 69
437 69
438 69
438 69
438 69
438 69
439 69
439 69
439 69
439 69
440 69
440 69
440 69
440 69
441 69
441 69
441 69
441 69
442 69
442 69
442 69
442 69
443 69
443 69
443 69
443 69
444 69
444 69
444 69
444 69
445 69
445 69
445 69
445 69
446 69
446 69
446 69
446 69
447 69
447 69
447 69
447 69
448 69
448 69
448 69
448 69
449 69
449 69
449 69
449 69
450 69
450 69
450 69
450 69
451 69
451 69
451 69
451 69
452 69
452 69
452 69
452 69
453 69
453 69
453 69
453 69
454 69
454 69
454 69
454 69
455 69
455 69
455 69
455 69
456 69
456 69
456 69
456 69
457 69
457 69
457 69
457 69
458 69
458 69
458 69
458 69
459 69
459 69
459 69
459 69
460 69
460 69
460 69
460 69
461 69
461 69
461 69
461 69
462 69
462 69
462 69
462 69
463 69
463 69
463 69
463 69
464 69
464 69
464 69
464 69
465 69
465 69
465 69
465 69
466 69
466 69
466 69
466 69
467 69
467 69
467 69
467 69
468 69
468 69
468 69
468 69
469 69
469 69
469 69
469 69
470 69
470 69
470 69
470 69
471 69
471 69
471 69
471 69
472 69
472 69
472 69
472 69
473 69
473 69
473 69
473 69
474 69
474 69
474 69
474 69
475 69
475 69
475 69
475 69
476 69
476 69
476 69
476 69
477 69
477 69
477 69
477 69
478 69
478 69
478 69
478 69
479 69
479 69
479 69
479 69
480 69
480 69
480 69
480 69
481 69
481 69
481 69
481 69
482 69
482 69
482 69
482 69
483 69
483 69
483 69
483 69
484 69
484 69
484 69
484 69
485 69
485 69
485 69
485 69
486 69
486 69
486 69
486 69
487 69
487 69
487 69
487 69
488 69
488 69
488 69
488 69
489 69
489 69
489 69
489 69
490 69
490 69
490 69
490 69
491 69
491 69
491 69
491 69
492 69
492 69
492 69
492 69
493 69
493 69
493 69
493 69
494 69
494 69
494 69
494 69
495 69
495 69
495 69
495 69
496 69
496 69
496 69
496 69
497 69
497 69
497 69
497 69
498 69
498 69
498 69
498 69
499 69
499 69
499 69
499 69
500 69
500 69
500 69
500 69
501 69
501 69
501 69
501 69
502 69
502 69
502 69
502 69
503 69
503 69
503 69
503 69
504 69
504 69
504 69
504 69
505 69
505 69
505 69
505 69
506 69
506 69
506 69
506 69
507 69
507 69
507 69
507 69
508 69
508 69
508 69
508 69
509 69
509 69
509 69
509 69
510 69
510 69
510 69
510 69
511 69
511 69
511 69
511 69
512 69
512 69
512 69
512 69
513 69
513 69
513 69
513 69
514 69
514 69
514 69
514 69
515 69
515 69
515 69
515 69
516 69
516 69
516 69
516 69
517 69
517 69
517 69
517 69
518 69
518 69
518 69
518 69
519 69
519 69
519 69
519 69
520 69
520 69
520 69
520 69
521 69
521 69
521 69
521 69
522 69
522 69
522 69
522 69
523 69
523 69
523 69
523 69
524 69
524 69
524 69
524 69
525 69
525 69
525 69
525 69
526 69
526 69
526 69
526 69
527 69
527 69
527 69
527 69
528 69
528 69
528 69
528 69
529 69
529 69
529 69
529 69
530 69
530 69
530 69
530 69
531 69
531 69
531 69
531 69
532 69
532 69
532 69
532 69
533 69
533 69
533 69
533 69
534 69
534 69
534 69
534 69
535 69
535 69
535 69
535 69
536 69
536 69
536 69
536 69
537 69
537 69
537 69
537 69
538 69
538 69
538 69
538 69
539 69
539 69
539 69
539 69
540 69
540 69
540 69
540 69
541 69
541 69
541 69
541 69
542 69
542 69
542 69
542 69
543 69
543 69
543 69
543 69
544 69
544 69
544 69
544 69
545 69
545 69
545 69
545 69
546 69
546 69
546 69
546 69
547 69
547 69
547 69
547 69
548 69
548 69
548 69
548 69
549 69
549 69
549 69
549 69
550 69
550 69
550 69
550 69
551 69
551 69
551 69
551 69
552 69
552 69
552 69
552 69
553 69
553 69
553 69
553 69
554 69
554 69
554 69
554 69
555 69
555 69
555 69
555 69
556 69
556 69
556 69
556 69
557 69
557 69
557 69
557 69
558 69
558 69
558 69
558 69
559 69
559 69
559 69
559 69
560 69
560 69
560 69
560 69
561 69
561 69
561 69
561 69
562 69
562 69
562 69
562 69
563 69
563 69
563 69
563 69
564 69
564 69
564 69
564 69
565 69
565 69
565 69
565 69
566 69
566 69
566 69
566 69
567 69
567 69
567 69
567 69
568 69
568 69
568 69
568 69
569 69
569 69
569 69
569 69
570 69
570 69
570 69
570 69
571 69
571 69
571 69
571 69
572 69
572 69
572 69
572 69
573 69
573 69
573 69
573 69
574 69
574 69
574 69
574 69
575 69
575 69
575 69
575 69
576 69
576 69
576 69
576 69
577 69
577 69
577 69
577 69
578 69
578 69
578 69
578 69
579 69
579 69
579 69
579 69
580 69
580 69
580 69
580 69
581 69
581 69
581 69
581 69
582 69
582 69
582 69
582 69
583 69
583 69
583 69
583 69
584 69
584 69
584 69
584 69
585 69
585 69
585 69
585 69
586 69
586 69
586 69
586 69
587 69
587 69
587 69
587 69
588 69
588 69
588 69
588 69
589 69
589 69
589 69
589 69
590 69
590 69
590 69
590 69
591 69
591 69
591 69
591 69
592 69
592 69
592 69
592 69
593 69
593 69
593 69
593 69
594 69
594 69
594 69
594 69
595 69
595 69
595 69
595 69
596 69
596 69
596 69
597 69
597 69
597 69
597 69
598 69
598 69
598 69
598 69
599 69
599 69
599 69
599 69
600 69
600 69
600 69
600 69
601 69
601 69
601 69
601 69
602 69
602 69
602 69
602 69
603 69
603 69
603 69
603 69
604 69
604 69
604 69
604 69
605 69
605 69
605 69
605 69
606 69
606 69
606 69
606 69
607 69
607 69
607 69
607 69
608 69
608 69
608 69
608 69
609 69
609 69
609 69
609 69
610 69
610 69
610 69
610 69
611 69
611 69
611 69
611 69
612 69
612 69
612 69
612 69
613 69
613 69
613 69
613 69
614 69
614 69
614 69
614 69
615 69
615 69
615 69
615 69
616 89
616 89
616 89
616 89
617 89
617 89
617 89
617 89
618 89
618 89
618 89
618 89
619 89
619 89
619 89
619 89
620 89
620 89
620 89
620 89
621 89
621 89
621 89
621 89
622 89
622 89
622 89
622 89
623 89
623 89
623 89
623 89
624 89
624 89
624 89
624 89
625 89
625 89
625 89
625 89
626 89
626 89
626 89
626 89
627 89
627 89
627 89
627 89
628 89
628 89
628 89
628 89
629 89
629 89
629 89
629 89
630 89
630 89
630 89
630 89
631 89
631 89
631 89
631 89
632 89
632 89
632 89
632 89
633 89
633 89
633 89
633 89
634 89
634 89
634 89
634 89
635 89
635 89
635 89
635 89
636 89
636 89
636 89
636 89
637 89
637 89
637 89
637 89
638 89
638 89
638 89
638 89
639 89
639 89
639 89
639 89
640 89
640 89
640 89
640 89
641 89
641 89
641 89
641 89
642 89
642 89
642 89
642 89
643 89
643 89
643 89
643 89
644 89
644 89
644 89
644 89
645 89
645 89
645 89
645 89
646 89
646 89
646 89
646 89
647 89
647 89
647 89
647 89
648 89
648 89
648 89
648 89
649 89
649 89
649 89
649 89
650 89
650 89
650 89
650 89
651 89
651 89
651 89
651 89
652 89
652 89
652 89
652 89
653 89
653 89
653 89
653 89
654 89
654 89
654 89
654 89
655 89
655 89
655 89
655 89
656 89
656 89
656 89
656 89
657 89
657 89
657 89
657 89
658 89
658 89
658 89
659 89
659 89
659 89
659 89
660 89
660 89
660 89
660 89
661 89
661 89
661 89
662 89
662 89
662 89
662 89
663 89
663 89
663 89
663 89
664 89
664 89
664 89
664 89
665 89
665 89
665 89
665 89
666 89
666 89
666 89
667 89
667 89
667 89
667 89
668 89
668 89
668 89
668 89
669 89
669 89
669 89
669 89
670 89
670 89
670 89
670 89
671 89
671 89
671 89
671 89
672 89
672 89
672 89
672 89
673 89
673 89
673 89
673 89
674 89
674 89
674 89
674 89
675 89
675 89
675 89
675 89
676 89
676 89
676 89
676 89
677 89
677 89
677 89
677 89
678 89
678 89
678 89
678 89
679 89
679 89
679 89
679 89
680 89
680 89
680 89
680 89
681 89
681 89
681 89
681 89
682 89
682 89
682 89
682 89
683 89
683 89
683 89
683 89
684 89
684 89
684 89
684 89
685 89
685 89
685 89
685 89
686 89
686 89
686 89
686 89
687 89
687 89
687 89
687 89
688 89
688 89
688 89
688 89
689 89
689 89
689 89
689 89
690 89
690 89
690 89
690 89
691 89
691 89
691 89
691 89
692 89
692 89
692 89
692 89
693 89
693 89
693 89
693 89
694 89
694 89
694 89
694 89
695 89
695 89
695 89
695 89
696 89
696 89
696 89
696 89
697 89
697 89
697 89
697 89
698 89
698 89
698 89
698 89
699 89
699 89
699 89
699 89
700 89
700 89
700 89
700 89
701 89
701 89
701 89
701 89
702 89
702 89
702 89
702 89
703 89
703 89
703 89
703 89
704 89
704 89
704 89
704 89
705 89
705 89
705 89
705 89
706 89
706 89
706 89
706 89
707 89
707 89
707 89
707 89
708 89
708 89
708 89
708 89
709 89
709 89
709 89
709 89
710 89
710 89
710 89
710 89
711 89
711 89
711 89
711 89
712 89
712 89
712 89
712 89
713 89
713 89
713 89
713 89
714 89
714 89
714 89
714 89
715 89
715 89
715 89
715 89
716 89
716 89
716 89
716 89
717 89
717 89
717 89
717 89
718 89
718 89
718 89
718 89
719 89
719 89
719 89
719 89
720 89
720 89
720 89
721 89
721 89
721 89
721 89
722 89
722 89
722 89
722 89
723 89
723 89
723 89
723 89
724 89
724 89
724 89
724 89
725 89
725 89
725 89
725 89
726 89
726 89
726 89
726 89
727 89
727 89
727 89
727 89
728 89
728 89
728 89
728 89
729 89
729 89
729 89
729 89
730 89
730 89
730 89
730 89
731 89
731 89
731 89
731 89
732 89
732 89
732 89
732 89
733 89
733 89
733 89
733 89
734 89
734 89
734 89
734 89
735 89
735 89
735 89
735 89
736 89
736 89
736 89
736 89
737 89
737 89
737 89
737 89
738 89
738 89
738 89
738 89
739 89
739 89
739 89
739 89
740 89
740 89
740 89
740 89
741 89
741 89
741 89
741 89
742 89
742 89
742 89
742 89
743 89
743 89
743 89
743 89
744 89
744 89
744 89
744 89
745 89
745 89
745 89
745 89
746 89
746 89
746 89
746 89
747 89
747 89
747 89
747 89
748 89
748 89
748 89
748 89
749 89
749 89
749 89
749 89
750 89
750 89
750 89
750 89
751 89
751 89
751 89
751 89
752 89
752 89
752 89
752 89
753 89
753 89
753 89
753 89
754 89
754 89
754 89
754 89
755 89
755 89
755 89
755 89
756 89
756 89
756 89
756 89
757 89
757 89
757 89
757 89
758 89
758 89
758 89
758 89
759 89
759 89
759 89
759 89
760 89
760 89
760 89
760 89
761 89
761 89
761 89
761 89
762 89
762 89
762 89
762 89
763 89
763 89
763 89
763 89
764 89
764 89
764 89
764 89
765 89
765 89
765 89
765 89
766 89
766 89
766 89
766 89
767 89
767 89
767 89
767 89
768 89
768 89
768 89
768 89
769 89
769 89
769 89
769 89
770 89
770 89
770 89
770 89
771 89
771 89
771 89
771 89
772 89
772 89
772 89
772 89
773 89
773 89
773 89
773 89
774 89
774 89
774 89
774 89
775 89
775 89
775 89
775 89
776 89
776 89
776 89
776 89
777 89
777 89
777 89
777 89
778 89
778 89
778 89
778 89
779 89
779 89
779 89
779 89
780 89
780 89
780 89
780 89
781 89
781 89
781 89
781 89
782 89
782 89
782 89
782 89
783 89
783 89
783 89
783 89
784 89
784 89
784 89
784 89
785 89
785 89
785 89
785 89
786 89
786 89
786 89
786 89
787 89
787 89
787 89
787 89
788 89
788 89
788 89
788 89
789 89
789 89
789 89
789 89
790 89
790 89
790 89
790 89
791 89
791 89
791 89
791 89
792 89
792 89
792 89
792 89
793 89
793 89
793 89
793 89
794 89
794 89
794 89
794 89
795 89
795 89
795 89
795 89
796 89
796 89
796 89
796 89
797 89
797 89
797 89
797 89
798 89
798 89
798 89
798 89
799 89
799 89
799 89
799 89
800 89
800 89
800 89
800 89
801 89
801 89
801 89
801 89
802 89
802 89
802 89
802 89
803 89
803 89
803 89
803 89
804 89
804 89
804 89
804 89
805 89
805 89
805 89
805 89
806 89
806 89
806 89
806 89
807 89
807 89
807 89
807 89
808 89
808 89
808 89
808 89
809 89
809 89
809 89
809 89
810 89
810 89
810 89
810 89
811 89
811 89
811 89
811 89
812 89
812 89
812 89
812 89
813 89
813 89
813 89
813 89
814 89
814 89
814 89
814 89
815 89
815 89
815 89
815 89
816 89
816 89
816 89
816 89
817 89
817 89
817 89
817 89
818 89
818 89
818 89
818 89
819 89
819 89
819 89
819 89
820 89
820 89
820 89
820 89
821 89
821 89
821 89
821 89
822 89
822 89
822 89
822 89
823 89
823 89
823 89
823 89
824 89
824 89
824 89
824 89
825 89
825 89
825 89
825 89
826 89
826 89
826 89
826 89
827 89
827 89
827 89
827 89
828 89
828 89
828 89
828 89
829 89
829 89
829 89
829 89
830 89
830 89
830 89
830 89
831 89
831 89
831 89
831 89
832 89
832 89
832 89
832 89
833 89
833 89
833 89
833 89
834 89
834 89
834 89
834 89
835 89
835 89
835 89
835 89
836 89
836 89
836 89
836 89
837 89
837 89
837 89
837 89
838 89
838 89
838 89
838 89
839 89
839 89
839 89
839 89
840 89
840 89
840 89
840 89
841 89
841 89
841 89
841 89
842 89
842 89
842 89
842 89
843 89
843 89
843 89
843 89
844 89
844 89
844 89
844 89
845 89
845 89
845 89
845 89
846 89
846 89
846 89
846 89
847 89
847 89
847 102
848 102
848 102
848 102
848 102
849 102
849 102
849 102
849 102
850 102
850 102
850 102
850 102
851 102
851 102
851 102
851 102
852 102
852 102
852 102
852 102
853 102
853 102
853 102
853 102
854 102
854 102
854 102
854 102
854 102
854 102
854 102
855 102
855 102
855 102
855 102
856 102
856 102
856 102
856 102
857 102
857 102
857 102
857 102
858 102
858 102
858 102
858 102
859 102
859 102
859 102
859 102
860 102
860 102
860 102
860 102
861 102
861 102
861 102
861 102
862 102
862 102
862 102
862 102
863 102
863 102
863 102
863 102
864 102
864 102
864 102
864 102
865 102
865 102
865 102
865 102
866 102
866 102
866 102
866 102
866 102
866 102
866 102
867 102
867 102
867 102
867 102
868 102
868 102
868 102
868 102
869 102
869 102
869 102
869 102
870 102
870 102
870 102
870 102
871 102
871 102
871 102
871 102
872 102
872 102
872 102
872 102
873 102
873 102
873 102
873 102
874 102
874 102
874 102
874 102
875 102
875 102
875 102
875 102
876 102
876 102
876 102
876 102
877 102
877 102
877 102
877 102
878 102
878 102
878 102
878 102
879 102
879 102
879 102
879 102
880 102
880 102
880 102
880 102
881 102
881 102
881 102
881 102
882 102
882 102
882 102
882 102
883 102
883 102
883 102
883 102
884 102
884 102
884 102
884 102
885 102
885 102
885 102
886 102
886 102
886 102
886 102
887 102
887 102
887 102
888 102
888 102
888 102
888 102
889 102
889 102
889 102
889 102
890 102
890 102
890 102
890 102
891 102
891 102
891 102
891 102
892 102
892 102
892 102
892 102
893 102
893 102
893 102
893 102
894 102
894 102
894 102
894 102
895 102
895 102
895 102
895 102
896 102
896 102
896 102
896 102
897 102
897 102
897 102
897 102
898 102
898 102
898 102
898 102
899 102
899 102
899 102
899 102
900 102
900 102
900 102
900 102
901 102
901 102
901 102
901 102
902 102
902 102
902 102
902 102
903 102
903 102
903 102
903 102
904 102
904 102
904 102
904 102
905 102
905 102
905 102
905 102
906 102
906 102
906 102
906 102
907 102
907 102
907 102
907 102
908 102
908 102
908 102
908 102
909 102
909 102
909 102
909 102
910 102
910 102
910 102
910 102
911 102
911 102
911 102
911 102
912 102
912 102
912 102
912 102
913 102
913 102
913 102
913 102
914 102
914 102
914 102
914 102
915 102
915 102
915 102
915 102
916 102
916 102
916 102
916 102
917 102
917 102
917 102
917 102
918 102
918 102
918 102
919 102
919 102
919 102
919 102
920 102
920 102
920 102
920 102
921 102
921 102
921 102
921 102
922 102
922 102
922 102
922 102
923 102
923 102
923 102
923 102
924 102
924 102
924 102
924 102
925 102
925 102
925 102
925 102
926 102
926 102
926 102
926 102
927 102
927 102
927 102
927 102
928 102
928 102
928 102
928 102
929 102
929 102
929 102
929 102
930 102
930 102
930 102
930 102
931 102
931 102
931 102
931 102
932 102
932 102
932 102
932 102
933 102
933 102
933 102
933 102
934 102
934 102
934 102
934 102
935 102
935 102
935 102
935 102
936 102
936 102
936 102
936 102
937 102
937 102
937 102
937 102
938 102
938 102
938 102
938 102
939 102
939 102
939 102
939 102
940 102
940 102
940 102
940 102
941 102
941 102
941 102
941 102
942 102
942 102
942 102
942 102
943 102
943 102
943 102
943 102
944 102
944 102
944 102
944 102
945 102
945 102
945 102
945 102
946 102
946 102
946 102
946 102
947 102
947 102
947 102
947 102
948 102
948 102
948 102
948 102
949 102
949 102
949 102
949 102
950 102
950 102
950 102
950 102
951 102
951 102
951 102
951 102
952 102
952 102
952 102
952 102
953 102
953 102
953 102
953 102
954 102
954 102
954 102
954 102
955 102
955 102
955 102
955 102
956 102
956 102
956 102
956 102
957 102
957 102
957 102
957 102
958 102
958 102
958 102
958 102
959 102
959 102
959 102
959 102
960 102
960 102
960 102
960 102
961 102
961 102
961 102
961 102
962 102
962 102
962 102
962 102
963 102
963 102
963 102
963 102
964 102
964 102
964 102
964 102
965 102
965 102
965 102
965 102
966 102
966 102
966 102
966 102
967 102
967 102
967 102
967 102
968 102
968 102
968 102
968 102
969 102
969 102
969 102
969 102
970 102
970 102
970 102
970 102
971 102
971 102
971 102
971 102
972 102
972 102
972 102
972 102
973 102
973 102
973 102
973 102
974 102
974 102
974 102
974 102
975 102
975 102
975 102
975 102
976 102
976 102
976 102
976 102
977 102
977 102
977 102
977 102
978 102
978 102
978 102
978 102
979 102
979 102
979 102
979 102
980 102
980 102
980 102
980 102
981 102
981 102
981 102
981 102
982 102
982 102
982 102
982 102
983 102
983 102
983 102
983 102
984 102
984 102
984 102
984 102
985 102
985 102
985 102
985 102
986 102
986 102
986 102
986 102
987 102
987 102
987 102
987 102
988 102
988 102
988 102
988 102
989 102
989 102
989 102
989 102
990 102
990 102
990 102
990 102
991 102
991 102
991 102
991 102
992 102
992 102
992 102
992 102
993 102
993 102
993 102
993 102
994 102
994 102
994 102
994 102
995 102
995 102
995 102
995 102
996 102
996 102
996 102
996 102
997 102
997 102
997 102
997 102
998 102
998 102
998 102
998 102
999 102
999 102
999 102
999 102
1000 102
1000 102
1000 102
1000 102
1001 102
1001 102
1001 102
1001 102
1002 102
1002 102
1002 102
1002 102
1003 102
1003 102
1003 102
1003 102
1004 102
1004 102
1004 102
1004 102
1005 102
1005 102
1005 102
1005 102
1006 102
1006 102
1006 102
1006 102
1007 102
1007 102
1007 102
1007 102
1008 102
1008 102
1008 102
1008 102
1009 102
1009 102
1009 102
1009 102
1010 102
1010 102
1010 102
1010 102
1011 102
1011 102
1011 102
1011 102
1012 102
1012 102
1012 102
1012 102
1013 102
1013 102
1013 102
1013 102
1014 102
1014 102
1014 102
1014 102
1015 102
1015 102
1015 102
1015 102
1016 102
1016 102
1016 102
1016 102
1017 102
1017 102
1017 102
1017 102
1018 102
1018 102
1018 102
1018 102
1019 102
1019 102
1019 102
1019 102
1020 102
1020 102
1020 102
1020 102
1021 102
1021 102
1021 102
1021 102
1022 102
1022 102
1022 102
1022 102
1023 102
1023 102
1023 102
1023 102
1024 102
1024 102
1024 102
1024 102
1025 102
1025 102
1025 102
1025 102
1026 102
1026 102
1026 102
1026 102
1027 102
1027 102
1027 102
1027 102
1028 102
1028 102
1028 102
1028 102
1029 102
1029 102
1029 102
1029 102
1030 102
1030 102
1030 102
1030 102
1031 102
1031 102
1031 102
1031 102
1032 102
1032 102
1032 102
1032 102
1033 102
1033 102
1033 102
1033 102
1034 102
1034 102
1034 102
1034 102
1035 102
1035 102
1035 102
1035 102
1036 102
1036 102
1036 102
1036 102
1037 102
1037 102
1037 102
1037 102
1038 102
1038 102
1038 102
1038 102
1039 102
1039 102
1039 102
1039 102
1040 102
1040 102
1040 102
1040 102
1041 102
1041 102
1041 102
1041 102
1042 102
1042 102
1042 102
1042 102
1043 102
1043 102
1043 102
1043 102
1044 102
1044 102
1044 102
1044 102
1045 102
1045 102
1045 102
1045 102
1046 102
1046 102
1046 102
1046 102
1047 102
1047 102
1047 102
1047 102
1048 102
1048 102
1048 102
1048 102
1049 102
1049 102
1049 102
1049 102
1050 102
1050 102
1050 102
1050 102
1051 102
1051 102
1051 102
1051 102
1052 102
1052 102
1052 102
1052 102
1053 102
1053 102
1053 102
1053 102
1054 102
1054 102
1054 102
1054 102
1055 102
1055 102
1055 102
1055 102
1056 102
1056 102
1056 102
1056 102
1057 102
1057 102
1057 102
1057 102
1058 102
1058 102
1058 102
1058 102
1059 102
1059 102
1059 102
1059 102
1060 102
1060 102
1060 102
1060 102
1061 102
1061 102
1061 102
1061 102
1062 102
1062 102
1062 102
1062 102
1063 102
1063 102
1063 102
1063 102
1064 102
1064 102
1064 102
1064 102
1065 102
1065 102
1065 102
1065 102
1066 102
1066 102
1066 102
1066 102
1067 102
1067 102
1067 102
1067 102
1068 102
1068 102
1068 102
1068 102
1069 102
1069 102
1069 102
1069 102
1070 102
1070 102
1070 102
1070 102
1071 102
1071 102
1071 102
1071 102
1072 102
1072 102
1072 102
1072 102
1073 102
1073 102
1073 102
1073 102
1074 102
1074 102
1074 102
1074 102
1075 102
1075 102
1075 102
1075 102
1076 102
1076 102
1076 102
1076 102
1077 102
1077 102
1077 102
1077 102
1078 102
1078 102
1078 102
1078 102
1079 102
1079 102
1079 102
1079 102
1080 102
1080 102
1080 102
1080 102
1081 102
1081 102
1081 102
1081 102
1081 102
1081 102
1081 102
1082 102
1082 102
1082 102
1082 102
1083 102
1083 102
1083 102
1083 102
1084 102
1084 102
1084 102
1084 102
1085 102
1085 102
1085 102
1085 102
1086 102
1086 102
1086 102
1086 102
1087 102
1087 102
1087 102
1087 102
1088 102
1088 102
1088 102
1088 102
1089 102
1089 102
1089 102
1089 102
1090 102
1090 102
1090 102
1090 102
1091 102
1091 102
1091 102
1091 102
1092 102
1092 102
1092 102
1092 102
1093 102
1093 102
1093 102
1093 102
1094 102
1094 102
1094 102
1094 102
1095 102
1095 102
1095 102
1095 102
1096 102
1096 102
1096 102
1096 102
1097 102
1097 102
1097 102
1097 102
1098 102
1098 102
1098 102
1098 102
1099 102
1099 102
1099 102
1099 102
1100 102
1100 102
1100 102
1100 102
1101 102
1101 102
1101 102
1101 102
1102 102
1102 102
1102 102
1102 102
1103 102
1103 102
1103 102
1103 102
1104 102
1104 102
1104 102
1104 102
1105 102
1105 102
1105 102
1105 102
1106 102
1106 102
1106 102
1106 102
1107 102
1107 102
1107 102
1107 102
1108 102
1108 102
1108 102
1108 102
1109 102
1109 102
1109 102
1109 102
1110 102
1110 102
1110 102
1110 102
1111 102
1111 102
1111 102
1111 102
1112 102
1112 102
1112 102
1112 102
1113 102
1113 102
1113 102
1113 102
1114 102
1114 102
1114 102
1114 102
1115 102
1115 102
1115 102
1115 102
1116 102
1116 102
1116 102
1116 102
1117 102
1117 102
1117 102
1117 102
1118 102
1118 102
1118 102
1118 102
1119 102
1119 102
1119 102
1119 102
1120 102
1120 102
1120 102
1120 102
1121 102
1121 102
1121 102
1121 102
1122 102
1122 102
1122 102
1122 102
1123 102
1123 102
1123 102
1123 102
1124 102
1124 102
1124 102
1124 102
1125 102
1125 102
1125 102
1125 102
1126 102
1126 102
1126 102
1126 102
1127 102
1127 102
1127 102
1127 102
1128 102
1128 102
1128 102
1128 102
1129 102
1129 102
1129 102
1129 102
1130 102
1130 102
1130 102
1130 102
1131 102
1131 102
1131 102
1131 102
1132 102
1132 102
1132 102
1132 102
1133 102
1133 102
1133 102
1133 102
1134 102
1134 102
1134 102
1134 102
1135 102
1135 102
1135 102
1135 102
1136 102
1136 102
1136 102
1136 102
1137 102
1137 102
1137 102
1137 102
1138 102
1138 102
1138 102
1138 102
1139 102
1139 102
1139 102
1139 102
1140 102
1140 102
1140 102
1140 102
1141 102
1141 102
1141 102
1141 102
1142 102
1142 102
1142 102
1142 102
1143 102
1143 102
1143 102
1143 102
1144 102
1144 102
1144 102
1144 102
1145 102
1145 102
1145 102
1145 102
1146 102
1146 102
1146 102
1146 102
1147 102
1147 102
1147 102
1147 102
1148 102
1148 102
1148 102
1148 102
1149 102
1149 102
1149 102
1149 102
1150 102
1150 102
1150 102
1150 102
1151 102
1151 102
1151 102
1151 102
1152 102
1152 102
1152 102
1152 102
1153 102
1153 102
1153 102
1153 102
1154 102
1154 102
1154 102
1154 102
1155 102
1155 102
1155 102
1155 102
1156 102
1156 102
1156 102
1156 102
1157 102
1157 102
1157 102
1157 102
1158 102
1158 102
1158 102
1158 102
1159 102
1159 102
1159 102
1159 102
1160 102
1160 102
1160 102
1160 102
1161 102
1161 102
1161 102
1161 102
1162 102
1162 102
1162 102
1162 102
1163 102
1163 102
1163 102
1163 102
1164 102
1164 102
1164 102
1164 102
1165 102
1165 102
1165 102
1165 102
1166 102
1166 102
1166 102
1166 102
1167 102
1167 102
1167 102
1167 102
1168 102
1168 102
1168 102
1168 102
1169 102
1169 102
1169 102
1169 102
1170 102
1170 102
1170 102
1170 102
1171 102
1171 102
1171 102
1171 102
1172 102
1172 102
1172 102
1172 102
1173 102
1173 102
1173 102
1173 102
1174 102
1174 102
1174 102
1174 102
1175 102
1175 102
1175 102
1175 102
1176 102
1176 102
1176 102
1176 102
1177 102
1177 102
1177 102
1177 102
1178 102
1178 102
1178 102
1178 102
1179 102
1179 102
1179 102
1179 102
1180 102
1180 102
1180 102
1180 102
1181 102
1181 102
1181 102
1181 102
1182 102
1182 102
1182 102
1182 102
1183 102
1183 102
1183 102
1183 102
1184 102
1184 102
1184 102
1184 102
1185 102
1185 102
1185 102
1185 102
1186 102
1186 102
1186 102
1186 102
1187 102
1187 102
1187 102
1187 102
1188 102
1188 102
1188 102
1188 102
1189 102
1189 102
1189 102
1189 102
1190 102
1190 102
1190 102
1190 102
1191 102
1191 102
1191 102
1191 102
1192 102
1192 102
1192 102
1192 102
1193 102
1193 102
1193 102
1193 102
1194 102
1194 102
1194 102
1194 102
1195 102
1195 102
1195 102
1195 102
1196 102
1196 102
1196 102
1196 102
1197 102
1197 102
1197 102
1197 102
1198 102
1198 102
1198 102
1198 102
1199 102
1199 102
1199 102
1199 102
1200 102
1200 102
1200 102
1200 102
1201 102
1201 102
1201 102
1201 102
1202 102
1202 102
1202 102
1202 102
1203 102
1203 102
1203 102
1203 102
1204 102
1204 102
1204 102
1204 102
1205 102
1205 102
1205 102
1205 102
1206 102
1206 102
1206 102
1206 102
1207 102
1207 102
1207 102
1207 102
1208 102
1208 102
1208 102
1208 102
1209 102
1209 102
1209 102
1209 102
1210 102
1210 102
1210 102
1210 102
1211 102
1211 102
1211 102
1211 102
1212 102
1212 102
1212 102
1212 102
1213 102
1213 102
1213 102
1213 102
1214 102
1214 102
1214 102
1214 102
1215 102
1215 102
1215 102
1215 102
1216 102
1216 102
1216 102
1217 102
1217 102
1217 102
1217 102
1218 102
1218 102
1218 102
1218 102
1219 102
1219 102
1219 102
1219 102
1220 102
1220 102
1220 102
1220 102
1221 102
1221 102
1221 102
1222 102
1222 102
1222 102
1222 102
1223 102
1223 102
1223 102
1223 102
1224 102
1224 102
1224 102
1224 117
1225 117
1225 117
1226 117
1226 117
1226 117
1226 117
1227 117
1227 117
1227 117
1227 117
1228 117
1228 117
1228 117
1228 117
1229 117
1229 117
1229 117
1229 117
1230 117
1230 117
1230 117
1230 117
1231 117
1231 117
1231 117
1231 117
1232 117
1232 117
1232 117
1232 117
1233 117
1233 117
1233 117
1233 117
1234 117
1234 117
1234 117
1234 117
1235 117
1235 117
1235 117
1235 117
1236 117
1236 117
1236 117
1236 117
1237 117
1237 117
1237 117
1237 117
1238 117
1238 117
1238 117
1238 117
1239 117
1239 117
1239 117
1239 117
1240 117
1240 117
1240 117
1240 117
1241 117
1241 117
1241 117
1241 117
1242 117
1242 117
1242 117
1242 117
1243 117
1243 117
1243 117
1243 117
1244 117
1244 117
1244 117
1244 117
1245 117
1245 117
1245 117
1245 117
1246 117
1246 117
1246 117
1246 117
1247 117
1247 117
1247 117
1247 117
1248 117
1248 117
1248 117
1248 117
1249 117
1249 117
1249 117
1249 117
1250 117
1250 117
1250 117
1250 117
1251 117
1251 117
1251 117
1251 117
1252 117
1252 117
1252 117
1252 117
1253 117
1253 117
1253 117
1253 117
1254 117
1254 117
1254 117
1254 117
1255 117
1255 117
1255 117
1255 117
1256 117
1256 117
1256 117
1256 117
1257 117
1257 117
1257 117
1257 117
1258 117
1258 117
1258 117
1258 117
1259 117
1259 117
1259 117
1259 117
1260 117
1260 117
1260 117
1260 117
1261 117
1261 117
1261 117
1261 117
1262 117
1262 117
1262 117
1262 117
1263 117
1263 117
1263 117
1263 117
1264 117
1264 117
1264 117
1264 117
1265 117
1265 117
1265 117
1265 117
1266 117
1266 117
1266 117
1266 117
1267 117
1267 117
1267 117
1267 117
1268 117
1268 117
1268 117
1268 117
1269 117
1269 117
1269 117
1269 117
1270 117
1270 117
1270 117
1270 117
1271 117
1271 117
1271 117
1271 117
1272 117
1272 117
1272 117
1272 117
1273 117
1273 117
1273 117
1273 117
1274 117
1274 117
1274 117
1274 117
1275 117
1275 117
1275 117
1275 117
1276 117
1276 117
1276 117
1276 117
1277 117
1277 117
1277 117
1277 117
1278 117
1278 117
1278 117
1278 117
1279 117
1279 117
1279 117
1279 117
1280 117
1280 117
1280 117
1280 117
1281 117
1281 117
1281 117
1281 117
1282 117
1282 117
1282 117
1282 117
1283 117
1283 117
1283 117
1283 117
1284 117
1284 117
1284 117
1284 117
1285 117
1285 117
1285 117
1285 117
1286 117
1286 117
1286 117
1286 117
1287 117
1287 117
1287 117
1287 117
1288 117
1288 117
1288 117
1288 117
1289 117
1289 117
1289 117
1289 117
1290 117
1290 117
1290 117
1290 117
1291 117
1291 117
1291 117
1291 117
1292 117
1292 117
1292 117
1292 117
1293 117
1293 117
1293 117
1293 117
1294 117
1294 117
1294 117
1294 117
1295 117
1295 117
1295 117
1295 117
1296 117
1296 117
1296 117
1296 117
1297 117
1297 117
1297 117
1297 117
1298 117
1298 117
1298 117
1298 117
1299 117
1299 117
1299 117
1299 117
1300 117
1300 117
1300 117
1300 117
1301 117
1301 117
1301 117
1301 117
1302 117
1302 117
1302 117
1302 117
1303 117
1303 117
1303 117
1303 117
1304 117
1304 117
1304 117
1304 117
1305 117
1305 117
1305 117
1305 117
1306 117
1306 117
1306 117
1306 117
1307 117
1307 117
1307 117
1307 117
1308 117
1308 117
1308 117
1308 117
1309 117
1309 117
1309 117
1309 117
1310 117
1310 117
1310 117
1310 117
1311 117
1311 117
1311 117
1311 117
1312 117
1312 117
1312 117
1312 117
1313 117
1313 117
1313 117
1313 117
1314 117
1314 117
1314 117
1314 117
1315 117
1315 117
1315 117
1315 117
1316 117
1316 117
1316 117
1316 117
1317 117
1317 117
1317 117
1317 117
1318 117
1318 117
1318 117
1318 117
1319 117
1319 117
1319 117
1319 117
1320 117
1320 117
1320 117
1320 117
1321 117
1321 117
1321 117
1321 117
1322 117
1322 117
1322 117
1322 117
1323 117
1323 117
1323 117
1323 117
1324 117
1324 117
1324 117
1324 117
1325 117
1325 117
1325 117
1325 117
1326 117
1326 117
1326 117
1326 117
1327 117
1327 117
1327 117
1327 117
1328 117
1328 117
1328 117
1328 117
1329 117
1329 117
1329 117
1329 117
1330 117
1330 117
1330 117
1330 117
1331 117
1331 117
1331 117
1331 117
1332 117
1332 117
1332 117
1332 117
1333 117
1333 117
1333 117
1333 117
1334 117
1334 117
1334 117
1334 117
1335 117
1335 117
1335 117
1335 117
1336 117
1336 117
1336 117
1336 117
1337 117
1337 117
1337 117
1337 117
1338 117
1338 117
1338 117
1338 117
1339 117
1339 117
1339 117
1339 117
1340 117
1340 117
1340 117
1340 117
1341 117
1341 117
1341 117
1341 117
1342 117
1342 117
1342 117
1342 117
1343 117
1343 117
1343 117
1343 117
1344 117
1344 117
1344 117
1344 117
1345 117
1345 117
1345 117
1345 117
1346 117
1346 117
1346 117
1346 117
1347 117
1347 117
1347 117
1347 117
1348 117
1348 117
1348 117
1348 117
1349 117
1349 117
1349 117
1349 117
1350 117
1350 117
1350 117
1350 117
1351 117
1351 117
1351 117
1351 117
1352 117
1352 117
1352 117
1352 117
1353 117
1353 117
1353 117
1353 117
1354 117
1354 117
1354 117
1354 117
1355 117
1355 117
1355 117
1355 117
1356 117
1356 117
1356 117
1357 117
1357 117
1357 117
1357 117
1358 117
1358 117
1358 117
1358 117
1359 117
1359 117
1359 117
1359 117
1360 117
1360 117
1360 117
1360 117
1361 117
1361 117
1361 117
1361 117
1362 117
1362 117
1362 117
1362 117
1363 117
1363 117
1363 117
1363 117
1364 117
1364 117
1364 117
1364 117
1365 117
1365 117
1365 117
1365 117
1366 117
1366 117
1366 117
1366 117
1367 117
1367 117
1367 117
1367 117
1368 117
1368 117
1368 117
1368 117
1369 117
1369 117
1369 117
1369 117
1370 117
1370 117
1370 117
1370 117
1371 117
1371 117
1371 117
1371 117
1372 117
1372 117
1372 117
1372 117
1373 117
1373 117
1373 117
1373 117
1374 117
1374 117
1374 117
1374 117
1375 117
1375 117
1375 117
1375 117
1376 117
1376 117
1376 117
1376 117
1377 117
1377 117
1377 117
1378 117
1378 117
1378 117
1378 117
1379 117
1379 117
1379 117
1379 117
1380 117
1380 117
1380 117
1380 117
1381 117
1381 117
1381 117
1381 117
1382 117
1382 117
1382 117
1382 117
1383 117
1383 117
1383 117
1383 117
1384 117
1384 117
1384 117
1384 117
1385 117
1385 117
1385 117
1385 117
1386 117
1386 117
1386 117
1386 117
1387 117
1387 117
1387 117
1387 117
1388 117
1388 117
1388 117
1388 117
1389 117
1389 117
1389 117
1389 117
1390 117
1390 117
1390 117
1390 117
1391 117
1391 117
1391 117
1391 117
1392 117
1392 117
1392 117
1392 117
1393 117
1393 117
1393 117
1393 117
1394 117
1394 117
1394 117
1394 117
1395 117
1395 117
1395 117
1395 117
1396 117
1396 117
1396 117
1396 117
1397 117
1397 117
1397 117
1397 117
1398 117
1398 117
1398 117
1398 117
1399 117
1399 117
1399 117
1400 117
1400 117
1400 117
1400 117
1401 117
1401 117
1401 117
1401 117
1402 117
1402 117
1402 117
1402 117
1403 117
1403 117
1403 117
1403 117
1404 117
1404 117
1404 117
1404 117
1405 117
1405 117
1405 117
1405 117
1406 117
1406 117
1406 117
1406 117
1407 117
1407 117
1407 117
1407 117
1408 117
1408 117
1408 117
1408 117
1409 117
1409 117
1409 117
1409 117
1410 117
1410 117
1410 117
1410 117
1411 117
1411 117
1411 117
1411 117
1412 117
1412 117
1412 117
1412 117
1413 117
1413 117
1413 117
1413 117
1414 117
1414 117
1414 117
1414 117
1415 117
1415 117
1415 117
1415 117
1416 117
1416 117
1416 117
1416 117
1417 117
1417 117
1417 117
1417 117
1418 117
1418 117
1418 117
1418 117
1419 117
1419 117
1419 117
1419 117
1420 117
1420 117
1420 117
1421 117
1421 117
1421 117
1421 117
1422 117
1422 117
1422 117
1422 117
1423 117
1423 117
1423 117
1423 117
1424 117
1424 117
1424 117
1424 117
1425 117
1425 117
1425 117
1425 117
1426 117
1426 117
1426 117
1426 117
1427 117
1427 117
1427 117
1427 117
1428 117
1428 117
1428 117
1428 117
1429 117
1429 117
1429 117
1429 117
1430 117
1430 117
1430 117
1430 117
1431 117
1431 117
1431 117
1431 117
1432 117
1432 117
1432 117
1432 117
1433 117
1433 117
1433 117
1433 117
1434 117
1434 117
1434 117
1434 117
1435 117
1435 117
1435 117
1435 117
1436 117
1436 117
1436 117
1436 117
1437 117
1437 117
1437 117
1437 117
1438 117
1438 117
1438 117
1438 117
1439 117
1439 117
1439 117
1439 117
1440 117
1440 117
1440 117
1440 117
1441 117
1441 117
1441 117
1442 117
1442 117
1442 117
1442 117
1443 117
1443 117
1443 117
1443 117
1443 117
1443 117
1443 117
1444 117
1444 117
1444 117
1444 117
1445 117
1445 117
1445 117
1445 117
1446 117
1446 117
1446 117
1446 117
1447 117
1447 117
1447 117
1447 117
1448 117
1448 117
1448 117
1448 117
1449 117
1449 117
1449 117
1449 117
1450 117
1450 117
1450 117
1450 117
1451 117
1451 117
1451 117
1451 117
1452 117
1452 117
1452 117
1452 117
1453 117
1453 117
1453 117
1453 117
1454 117
1454 117
1454 117
1454 117
1455 117
1455 117
1455 117
1455 117
1456 117
1456 117
1456 117
1456 117
1457 117
1457 117
1457 117
1457 117
1458 117
1458 117
1458 117
1458 117
1459 117
1459 117
1459 117
1459 117
1460 117
1460 117
1460 117
1460 117
1461 117
1461 117
1461 117
1461 117
1462 117
1462 117
1462 117
1462 117
1463 117
1463 117
1463 117
1464 117
1464 117
1464 117
1464 117
1465 117
1465 117
1465 117
1465 117
1466 117
1466 117
1466 117
1466 117
1467 117
1467 117
1467 117
1467 117
1468 117
1468 117
1468 117
1468 117
1469 117
1469 117
1469 117
1469 117
1470 117
1470 117
1470 117
1470 117
1471 117
1471 117
1471 117
1471 117
1472 117
1472 117
1472 117
1472 117
1473 117
1473 117
1473 117
1473 117
1474 117
1474 117
1474 117
1475 117
1475 117
1475 117
1475 117
1475 117
1475 117
1475 117
1476 117
1476 117
1476 117
1476 117
1477 117
1477 117
1477 117
1477 117
1478 117
1478 117
1478 117
1478 117
1479 117
1479 117
1479 117
1479 117
1480 117
1480 117
1480 117
1480 117
1481 117
1481 117
1481 117
1481 117
1482 117
1482 117
1482 117
1482 117
1483 117
1483 117
1483 117
1483 117
1484 117
1484 117
1484 117
1484 117
1485 117
1485 117
1485 117
1485 117
1486 117
1486 117
1486 117
1486 117
1487 117
1487 117
1487 117
1487 117
1488 117
1488 117
1488 117
1488 117
1489 117
1489 117
1489 117
1490 117
1490 117
1490 117
1491 117
1491 117
1491 117
1491 117
1492 117
1492 117
1492 117
1492 117
1493 117
1493 117
1493 117
1493 117
1494 117
1494 117
1494 117
1494 117
1495 117
1495 117
1495 117
1495 117
1496 117
1496 117
1496 117
1496 117
1496 117
1496 117
1496 117
1497 117
1497 117
1497 117
1497 117
1498 117
1498 117
1498 117
1498 117
1499 117
1499 117
1499 117
1499 117
1500 117
1500 117
1500 117
1500 117
1501 119
1501 119
1501 119
1501 119
1502 119
1502 119
1502 119
1502 119
1503 119
1503 119
1503 119
1503 119
1504 119
1504 119
1504 119
1504 119
1505 119
1505 119
1505 119
1505 119
1506 119
1506 119
1506 119
1506 119
1507 119
1507 119
1507 119
1507 119
1508 119
1508 119
1508 119
1508 119
1509 119
1509 119
1509 119
1509 119
1510 119
1510 119
1510 119
1511 119
1511 119
1511 119
1511 119
1512 119
1512 119
1512 119
1512 119
1513 119
1513 119
1513 119
1513 119
1514 119
1514 119
1514 119
1515 119
1515 119
1515 119
1515 119
1516 119
1516 119
1516 119
1516 119
1517 119
1517 119
1517 119
1517 119
1517 119
1517 119
1517 119
1518 119
1518 119
1518 119
1518 119
1519 119
1519 119
1519 119
1519 119
1520 119
1520 119
1520 119
1520 119
1521 119
1521 119
1521 119
1521 119
1522 119
1522 119
1522 119
1522 119
1523 119
1523 119
1523 119
1523 119
1524 119
1524 119
1524 119
1524 119
1525 119
1525 119
1525 119
1525 119
1526 119
1526 119
1526 119
1526 119
1527 119
1527 119
1527 119
1527 119
1528 119
1528 119
1528 119
1528 119
1529 119
1529 119
1529 119
1529 119
1530 119
1530 119
1530 119
1531 119
1531 119
1531 119
1532 119
1532 119
1532 119
1532 119
1533 119
1533 119
1533 119
1533 119
1534 119
1534 119
1534 119
1534 119
1535 119
1535 119
1535 119
1535 119
1536 119
1536 119
1536 119
1536 119
1537 119
1537 119
1537 119
1537 119
1538 119
1538 119
1538 119
1538 119
1539 119
1539 119
1539 119
1540 119
1540 119
1540 119
1540 119
1541 119
1541 119
1541 119
1541 119
1542 119
1542 119
1542 119
1542 119
1543 119
1543 119
1543 119
1543 119
1544 119
1544 119
1544 119
1544 119
1545 119
1545 119
1545 119
1545 119
1546 119
1546 119
1546 119
1546 119
1547 119
1547 119
1547 119
1547 119
1548 119
1548 119
1548 119
1548 119
1549 119
1549 119
1549 119
1549 119
1550 119
1550 119
1550 119
1550 119
1551 119
1551 119
1551 119
1551 119
1551 119
1551 119
1552 119
1552 119
1552 119
1552 119
1553 119
1553 119
1553 119
1553 119
1554 119
1554 119
1554 119
1554 119
1555 119
1555 119
1555 119
1555 119
1556 119
1556 119
1556 119
1556 119
1557 119
1557 119
1557 119
1557 119
1558 119
1558 119
1558 119
1559 119
1559 119
1559 119
1559 119
1560 119
1560 119
1560 119
1560 119
1561 119
1561 119
1561 119
1561 119
1562 119
1562 119
1562 119
1562 119
1563 119
1563 119
1563 119
1563 119
1564 119
1564 119
1564 119
1565 119
1565 119
1565 119
1565 119
1566 119
1566 119
1566 119
1566 119
1567 119
1567 119
1567 119
1567 119
1568 119
1568 119
1568 119
1568 119
1569 119
1569 119
1569 119
1569 119
1570 119
1570 119
1570 119
1570 119
1571 119
1571 119
1571 119
1571 119
1572 119
1572 119
1572 119
1572 119
1572 119
1572 119
1572 119
1573 119
1573 119
1573 119
1573 119
1574 119
1574 119
1574 119
1574 119
1575 119
1575 119
1575 119
1575 119
1576 119
1576 119
1576 119
1576 119
1577 119
1577 119
1577 119
1578 119
1578 119
1578 119
1578 119
1579 119
1579 119
1579 119
1579 119
1580 119
1580 119
1580 119
1580 119
1581 119
1581 119
1581 119
1581 119
1582 119
1582 119
1582 119
1582 119
1583 119
1583 119
1583 119
1583 119
1584 119
1584 119
1584 119
1584 119
1585 119
1585 119
1585 119
1585 119
1586 119
1586 119
1586 119
1586 119
1587 119
1587 119
1587 119
1587 119
1588 119
1588 119
1588 119
1588 119
1589 119
1589 120
1589 120
1589 120
1590 120
1590 120
1590 120
1590 120
1591 120
1591 120
1591 120
1591 120
1592 120
1592 120
1592 120
1592 120
1593 120
1593 120
1593 120
1593 120
1593 120
1593 120
1593 120
1594 120
1594 120
1594 120
1594 120
1595 120
1595 120
1595 120
1595 120
1596 120
1596 120
1596 120
1596 120
1597 120
1597 120
1597 120
1597 120
1598 120
1598 120
1598 120
1599 120
1599 120
1599 120
1599 120
1600 120
1600 120
1600 120
1600 120
1601 120
1601 120
1601 120
1601 120
1602 120
1602 120
1602 120
1602 120
1603 120
1603 120
1603 120
1603 120
1604 120
1604 120
1604 120
1604 120
1605 120
1605 120
1605 120
1605 120
1606 120
1606 120
1606 120
1606 120
1607 120
1607 120
1607 120
1607 120
1608 120
1608 120
1608 120
1608 120
1609 120
1609 120
1609 120
1609 120
1610 120
1610 120
1610 120
1611 120
1611 120
1611 120
1611 120
1612 120
1612 120
1612 120
1612 120
1613 120
1613 120
1613 120
1613 120
1614 120
1614 120
1614 120
1614 120
1615 120
1615 120
1615 120
1615 120
1616 120
1616 120
1616 120
1616 120
1617 120
1617 120
1617 120
1617 120
1618 120
1618 120
1618 120
1619 120
1619 120
1619 120
1619 120
1620 120
1620 120
1620 120
1621 120
1621 120
1621 120
1621 120
1622 120
1622 120
1622 120
1622 120
1623 120
1623 120
1623 120
1623 120
1624 120
1624 120
1624 120
1624 120
1625 120
1625 120
1625 120
1625 120
1626 120
1626 120
1626 120
1626 120
1627 120
1627 120
1627 120
1627 120
1627 120
1627 120
1627 120
1628 120
1628 120
1628 120
1628 120
1629 120
1629 120
1629 120
1629 120
1630 120
1630 120
1630 120
1631 120
1631 120
1631 120
1631 120
1632 120
1632 120
1632 120
1632 120
1633 120
1633 120
1633 120
1633 120
1634 120
1634 120
1634 120
1634 120
1635 120
1635 120
1635 120
1635 120
1636 120
1636 120
1636 120
1636 120
1637 120
1637 120
1637 120
1637 120
1638 120
1638 120
1638 120
1638 120
1639 120
1639 120
1639 120
1640 120
1640 120
1640 120
1641 120
1641 120
1641 120
1641 120
1642 120
1642 120
1642 120
1642 120
1643 120
1643 120
1643 120
1643 120
1644 120
1644 120
1644 120
1644 120
1645 120
1645 120
1645 120
1645 120
1646 120
1646 120
1646 120
1646 120
1647 120
1647 120
1647 120
1647 120
1647 120
1647 120
1647 120
1648 120
1648 120
1648 120
1648 120
1649 120
1649 120
1649 120
1649 120
1650 120
1650 120
1650 120
1651 120
1651 120
1651 120
1651 120
1652 120
1652 120
1652 120
1652 120
1653 120
1653 120
1653 120
1653 120
1654 120
1654 120
1654 120
1654 120
1655 120
1655 120
1655 120
1655 120
1656 120
1656 120
1656 120
1656 120
1657 120
1657 120
1657 120
1657 120
1658 120
1658 120
1658 120
1658 120
1659 120
1659 120
1659 120
1659 120
1660 120
1660 120
1660 120
1661 120
1661 120
1661 120
1661 120
1662 120
1662 120
1662 120
1662 120
1663 120
1663 120
1663 120
1663 120
1664 120
1664 120
1664 120
1664 120
1665 120
1665 120
1665 120
1665 120
1666 120
1666 120
1666 120
1666 120
1667 120
1667 120
1667 120
1667 120
1668 120
1668 120
1668 120
1668 120
1668 120
1668 120
1668 120
1669 120
1669 120
1669 120
1669 120
1670 120
1670 120
1670 120
1671 120
1671 120
1671 120
1671 120
1672 120
1672 120
1672 120
1672 120
1673 120
1673 120
1673 120
1673 120
1674 120
1674 120
1674 120
1674 120
1675 120
1675 120
1675 120
1675 120
1676 120
1676 120
1676 120
1676 120
1677 120
1677 120
1677 120
1677 120
1678 120
1678 120
1678 120
1678 120
1679 120
1679 120
1679 120
1679 120
1680 120
1680 120
1680 120
1680 120
1681 120
1681 120
1681 120
1681 120
1682 125
1682 125
1682 125
1683 125
1683 125
1683 125
1683 125
1684 125
1684 125
1684 125
1685 125
1685 125
1685 125
1685 125
1686 125
1686 125
1686 125
1686 125
1687 125
1687 125
1687 125
1687 125
1688 125
1688 125
1688 125
1688 125
1689 125
1689 125
1689 125
1689 125
1689 125
1689 125
1689 125
1690 125
1690 125
1690 125
1690 125
1691 125
1691 125
1691 125
1691 125
1692 125
1692 125
1692 125
1692 125
1693 125
1693 125
1693 125
1693 125
1694 125
1694 125
1694 125
1694 125
1695 125
1695 125
1695 125
1695 125
1696 125
1696 125
1696 125
1696 125
1697 125
1697 125
1697 125
1697 125
1698 125
1698 125
1698 125
1698 125
1699 125
1699 125
1699 125
1699 125
1700 125
1700 125
1700 125
1700 125
1701 125
1701 125
1701 125
1701 125
1702 125
1702 125
1702 125
1702 125
1703 125
1703 125
1703 125
1703 125
1704 125
1704 125
1704 125
1704 125
1705 125
1705 125
1705 125
1705 125
1706 125
1706 125
1706 125
1706 125
1707 125
1707 125
1707 125
1707 125
1708 125
1708 125
1708 125
1708 125
1709 125
1709 125
1709 125
1709 125
1710 125
1710 125
1710 125
1710 125
1711 125
1711 125
1711 125
1711 125
1712 125
1712 125
1712 125
1712 125
1713 125
1713 125
1713 125
1713 125
1714 125
1714 125
1714 125
1714 125
1715 125
1715 125
1715 125
1715 125
1716 125
1716 125
1716 125
1716 125
1717 125
1717 125
1717 125
1717 125
1718 125
1718 125
1718 125
1718 125
1719 125
1719 125
1719 125
1719 125
1720 125
1720 125
1720 125
1720 125
1721 125
1721 125
1721 125
1722 140
1722 140
1722 140
1722 140
1723 140
1724 140
1725 140
1726 140
1727 140
1728 140
1729 140
1730 140
1731 140
1732 140
1733 140
1734 140
1735 140
1736 140
1737 140
1738 140
1739 140
1740 140
1741 140
1742 140
1743 140
1744 140
1745 140
1746 140
1747 140
1748 140
1749 140
1750 140
1751 140
1752 140
1753 140
1754 140
1755 140
1756 140
1757 140
1758 140
1759 140
1760 140
1761 140
1762 140
1763 140
1764 140
1765 140
1766 140
1767 140
1768 140
1769 140
1770 140
1771 140
1772 140
1773 140
1774 140
1775 140
1776 140
1777 140
1778 140
1779 140
1780 140
1781 140
1782 140
1783 140
1784 140
1785 140
1786 140
1787 140
1788 140
1789 140
1790 140
1791 140
1792 140
1793 140
1794 140
1795 140
1796 140
1797 140
1798 140
1799 140
1800 140
