
0 0
0 0
0 0
1 0
1 0
1 0
1 0
2 0
2 0
2 0
2 0
3 0
3 0
3 0
3 0
4 0
4 0
4 0
4 0
5 0
5 0
5 0
5 0
6 0
6 0
6 0
6 0
7 0
7 0
7 0
7 0
8 0
8 0
8 0
8 0
9 0
9 0
9 0
9 0
10 0
10 0
10 0
10 0
11 0
11 0
11 0
11 0
12 0
12 0
12 0
12 0
13 0
13 0
13 0
13 0
14 0
14 0
14 0
14 0
15 0
15 0
15 0
15 0
16 0
16 0
16 0
16 0
17 0
17 0
17 0
17 0
18 0
18 0
18 0
18 0
19 0
19 0
19 0
19 0
20 0
20 0
20 0
20 0
21 0
21 0
21 0
21 0
22 0
22 0
22 0
22 0
23 0
23 0
23 0
23 0
24 0
24 0
24 0
24 0
25 0
25 0
25 0
25 0
26 0
26 0
26 0
26 0
27 0
27 0
27 0
27 0
28 0
28 0
28 0
28 0
29 0
29 0
29 0
29 0
30 0
30 0
30 0
30 0
31 0
31 0
31 0
31 0
32 0
32 0
32 0
32 0
33 0
33 0
33 0
33 0
34 0
34 0
34 0
34 0
35 0
35 0
35 0
35 0
36 0
36 0
36 0
36 0
37 0
37 0
37 0
37 0
38 0
38 0
38 0
38 0
39 0
39 0
39 0
39 0
40 0
40 0
40 0
40 0
41 0
41 0
41 0
41 0
42 0
42 0
42 0
42 0
43 0
43 0
43 0
43 0
44 0
44 0
44 0
44 0
45 0
45 0
45 0
45 0
46 0
46 0
46 0
46 0
47 0
47 0
47 0
47 0
48 0
48 0
48 0
48 0
49 0
49 0
49 0
49 0
50 0
50 0
50 0
50 0
51 0
51 0
51 0
51 0
52 0
52 0
52 0
52 0
53 0
53 0
53 0
53 0
54 0
54 0
54 0
54 0
55 0
55 0
55 0
55 0
56 0
56 0
56 0
56 0
57 0
57 0
57 0
57 0
58 0
58 0
58 0
58 0
59 0
59 0
59 0
59 0
60 0
60 0
60 0
60 0
61 0
61 0
61 0
61 0
62 0
62 0
62 0
62 0
63 0
63 0
63 0
63 0
64 0
64 0
64 0
64 0
65 0
65 0
65 0
65 0
66 0
66 0
66 0
66 0
67 0
67 0
67 0
67 0
68 0
68 0
68 0
68 0
69 0
69 0
69 0
69 0
70 0
70 0
70 0
70 0
71 0
71 0
71 0
71 0
72 0
72 0
72 0
72 0
73 0
73 0
73 0
73 0
74 0
74 0
74 0
74 0
75 0
75 0
75 0
75 0
76 0
76 0
76 0
76 0
77 0
77 0
77 0
77 0
78 0
78 0
78 0
78 0
79 0
79 0
79 0
79 0
80 0
80 0
80 0
80 0
81 0
81 0
81 0
81 0
82 10
82 10
82 10
82 10
83 10
83 10
83 10
83 10
84 10
84 10
84 10
84 10
85 10
85 10
85 10
85 10
86 10
86 10
86 10
86 10
87 10
87 10
87 10
87 10
88 10
88 10
88 10
88 10
89 10
89 10
89 10
89 10
90 10
90 10
90 10
90 10
91 10
91 10
91 10
91 10
92 10
92 10
92 10
92 10
93 10
93 10
93 10
93 10
94 10
94 10
94 10
94 10
95 10
95 10
95 10
95 10
96 10
96 10
96 10
96 10
97 10
97 10
97 10
97 10
98 10
98 10
98 10
98 10
99 10
99 10
99 10
99 10
100 10
100 10
100 10
100 10
101 10
101 10
101 10
101 10
102 10
102 10
102 10
102 10
103 10
103 10
103 10
103 10
104 10
104 10
104 10
104 10
105 10
105 10
105 10
105 10
106 10
106 10
106 10
106 10
107 10
107 10
107 10
107 10
108 10
108 10
108 10
108 10
109 10
109 10
109 10
109 10
110 10
110 10
110 10
110 10
111 10
111 10
111 10
111 10
112 10
112 10
112 10
112 10
113 10
113 10
113 10
113 10
114 10
114 10
114 10
114 10
115 10
115 10
115 10
115 10
116 10
116 10
116 10
116 10
117 10
117 10
117 10
117 10
118 10
118 10
118 10
118 10
119 10
119 10
119 10
119 10
120 10
120 10
120 10
120 10
121 10
121 10
121 21
121 21
122 21
122 21
122 21
122 21
123 21
123 21
123 21
123 21
124 21
124 21
124 21
124 21
125 21
125 21
125 21
125 21
126 21
126 21
126 21
126 21
127 21
127 21
127 21
127 21
128 21
128 21
128 21
128 21
129 21
129 21
129 21
129 21
130 21
130 21
130 21
130 21
131 21
131 21
131 21
131 21
132 21
132 21
132 21
132 21
133 21
133 21
133 21
133 21
134 21
134 21
134 21
134 21
135 21
135 21
135 21
135 21
136 21
136 21
136 21
136 21
137 21
137 21
137 21
137 21
138 21
138 21
138 21
138 21
139 21
139 21
139 21
139 21
140 21
140 21
140 21
140 21
141 21
141 21
141 21
141 21
142 21
142 21
142 21
142 21
143 34
143 34
143 34
143 34
144 34
144 34
144 34
144 34
145 34
145 34
145 34
145 34
146 34
146 34
146 34
146 34
147 34
147 34
147 34
147 34
148 34
148 34
148 34
148 34
149 34
149 34
149 34
149 34
150 34
150 34
150 34
150 34
151 34
151 34
151 34
151 34
152 34
152 34
152 34
152 34
153 34
153 34
153 34
153 34
154 34
154 34
154 34
154 34
155 34
155 34
155 34
155 35
156 35
156 35
156 35
156 35
157 35
157 35
157 35
157 35
158 35
158 35
158 35
158 35
159 35
159 35
159 35
159 35
160 35
160 35
160 35
160 35
161 35
161 35
161 35
161 35
162 35
162 35
162 35
162 35
163 35
163 35
163 35
163 35
164 35
164 35
164 35
164 35
165 35
165 35
165 35
165 35
166 35
166 35
166 35
166 35
167 35
167 35
167 35
167 35
168 35
168 35
168 35
168 35
169 35
169 35
169 35
169 35
170 35
170 35
170 35
170 35
171 35
171 35
171 35
171 35
172 35
172 35
172 35
172 35
173 35
173 35
173 35
173 35
174 35
174 35
174 35
174 35
175 35
175 35
175 35
175 35
176 35
176 35
176 35
176 35
177 35
177 35
177 35
177 35
178 35
178 35
178 35
178 35
179 35
179 35
179 35
179 35
180 35
180 35
180 35
180 35
181 35
181 35
181 35
181 35
182 35
182 35
182 35
182 35
183 35
183 35
183 35
183 35
184 35
184 35
184 35
184 35
185 35
185 35
185 35
185 35
186 35
186 35
186 35
186 35
187 35
187 35
187 35
187 35
188 35
188 35
188 35
188 35
189 35
189 35
189 35
189 35
190 35
190 35
190 35
190 35
191 35
191 35
191 35
191 35
192 35
192 35
192 35
192 35
193 35
193 35
193 35
193 35
194 35
194 35
194 35
194 35
195 35
195 35
195 35
195 35
196 35
196 35
196 35
196 35
197 35
197 35
197 35
197 35
198 35
198 35
198 35
198 35
199 35
199 35
199 35
199 35
200 35
200 35
200 35
200 35
201 35
201 35
201 35
201 35
202 35
202 35
202 35
202 35
203 35
203 35
203 35
203 35
204 35
204 35
204 35
204 35
205 35
205 35
205 35
205 35
206 35
206 35
206 35
206 35
207 35
207 35
207 35
207 35
208 35
208 35
208 35
208 35
209 35
209 35
209 35
209 35
210 35
210 35
210 35
210 35
211 35
211 35
211 35
211 35
212 35
212 35
212 35
212 35
213 35
213 35
213 35
213 35
214 35
214 35
214 35
214 35
215 35
215 35
215 35
215 35
216 35
216 35
216 35
216 35
217 35
217 35
217 35
217 35
218 35
218 35
218 35
218 35
219 35
219 35
219 35
219 35
220 35
220 35
220 35
220 35
221 35
221 35
221 35
221 35
222 35
222 35
222 35
222 35
223 35
223 35
223 35
223 35
224 35
224 35
224 35
224 35
225 35
225 35
225 35
225 35
226 35
226 35
226 35
226 35
227 35
227 35
227 35
227 35
228 35
228 35
228 35
228 35
229 35
229 35
229 35
229 35
230 35
230 35
230 35
230 35
231 35
231 35
231 35
231 35
232 35
232 35
232 35
232 35
233 35
233 35
233 35
233 35
234 35
234 35
234 35
234 35
235 35
235 35
235 35
235 35
236 35
236 35
236 35
236 35
237 35
237 35
237 35
237 35
238 35
238 35
238 35
238 35
239 35
239 35
239 35
239 35
240 35
240 35
240 35
240 35
241 35
241 35
241 35
241 35
242 35
242 35
242 35
242 35
242 35
242 35
242 35
243 35
243 56
243 56
244 56
244 56
244 56
244 56
245 56
245 56
245 56
246 56
246 56
246 56
246 56
247 56
247 56
247 56
247 56
248 56
248 56
248 56
248 56
249 56
249 56
249 56
249 56
249 56
249 56
249 56
250 56
250 56
250 56
250 56
251 56
251 56
251 56
251 56
252 56
252 56
252 56
252 56
253 56
253 56
253 56
253 56
254 56
254 56
254 56
254 56
255 56
255 56
255 56
255 56
256 56
256 56
256 56
256 56
257 56
257 56
257 56
257 56
257 56
257 56
257 56
258 56
258 56
258 56
258 56
259 56
259 56
259 56
259 56
260 56
260 56
260 56
260 56
261 56
261 56
261 56
261 56
262 56
262 56
262 56
262 56
263 56
263 56
263 56
263 56
264 56
264 56
264 56
264 56
265 56
265 56
265 56
265 56
266 56
266 56
266 56
266 56
267 56
267 56
267 56
267 56
268 56
268 56
268 56
268 56
269 56
269 56
269 56
269 56
270 56
270 56
270 56
270 56
271 56
271 56
271 56
271 56
272 56
272 56
272 56
272 56
273 56
273 56
273 56
273 56
274 56
274 56
274 56
274 56
275 56
275 56
275 56
275 56
276 56
276 56
276 56
276 56
277 56
277 56
277 56
277 56
278 56
278 56
278 56
279 56
279 56
279 56
279 56
280 56
280 56
280 56
280 56
281 56
281 56
281 56
281 56
282 56
282 56
282 56
282 56
283 56
283 56
283 56
283 56
284 56
284 56
284 56
284 56
285 56
285 56
285 56
285 56
286 56
286 56
286 56
286 56
287 56
287 56
287 56
287 56
288 56
288 56
288 56
288 56
289 56
289 56
289 56
289 56
290 56
290 56
290 56
290 56
291 56
291 56
291 56
291 56
292 56
292 56
292 56
292 56
293 56
293 56
293 56
293 56
294 56
294 56
294 56
294 56
295 56
295 56
295 56
295 56
296 56
296 56
296 56
296 56
297 56
297 56
297 56
297 56
298 56
298 56
298 56
298 56
299 56
299 56
299 56
299 56
300 56
300 56
300 56
300 56
301 56
301 56
301 56
301 56
302 56
302 56
302 56
302 56
303 56
303 56
303 56
303 89
304 89
304 89
304 89
304 89
305 89
305 89
305 89
305 89
306 89
306 89
306 89
306 89
307 89
307 89
307 89
307 89
308 89
308 89
308 89
308 89
309 89
309 89
309 89
309 89
310 89
310 89
310 89
310 89
311 89
311 89
311 89
311 89
312 89
312 89
312 89
312 89
313 89
313 89
313 89
313 89
314 89
314 89
314 89
314 89
315 89
315 89
315 89
315 89
316 89
316 89
316 89
316 89
317 89
317 89
317 89
317 89
318 89
318 89
318 89
318 89
319 89
319 89
319 89
319 89
320 89
320 89
320 89
320 89
321 89
321 89
321 89
321 89
322 89
322 89
322 89
322 89
323 89
323 89
323 89
323 89
324 89
324 89
324 89
324 89
325 89
325 89
325 89
325 89
326 89
326 89
326 89
326 89
327 89
327 89
327 89
327 89
328 89
328 89
328 89
328 89
329 89
329 89
329 89
329 89
330 89
330 89
330 89
330 89
331 89
331 89
331 89
331 89
332 89
332 89
332 89
332 89
333 89
333 89
333 89
333 89
334 89
334 89
334 89
334 89
335 89
335 89
335 89
335 89
336 89
336 89
336 89
336 89
337 89
337 89
337 89
337 89
338 89
338 89
338 89
338 89
339 89
339 89
339 89
339 89
340 89
340 89
340 89
340 89
341 89
341 89
341 89
341 89
342 89
342 89
342 89
342 89
343 89
343 89
343 89
343 89
344 89
344 89
344 89
344 89
345 89
345 89
345 89
345 89
346 89
346 89
346 89
346 89
347 89
347 89
347 89
347 89
348 89
348 89
348 89
348 89
349 89
349 89
349 89
349 89
350 89
350 89
350 89
350 89
351 89
351 89
351 89
351 89
352 89
352 89
352 89
352 89
353 89
353 89
353 89
353 89
354 89
354 89
354 89
354 89
355 89
355 89
355 89
355 89
356 89
356 89
356 89
356 89
357 89
357 89
357 89
357 89
358 89
358 89
358 89
358 89
359 89
359 89
359 89
359 89
360 89
360 89
360 89
360 89
361 89
361 89
361 89
361 89
362 89
362 89
362 89
362 89
363 89
363 89
363 89
363 89
364 89
364 89
364 89
364 89
365 89
365 89
365 89
365 89
366 89
366 89
366 89
366 89
367 89
367 89
367 89
367 89
368 89
368 89
368 89
368 89
369 89
369 89
369 89
369 89
370 89
370 89
370 89
370 89
371 89
371 89
371 89
371 89
372 89
372 89
372 89
372 89
373 89
373 89
373 89
373 89
374 89
374 89
374 89
374 89
375 89
375 89
375 89
375 89
376 89
376 89
376 89
376 89
377 89
377 89
377 89
377 89
378 89
378 89
378 89
378 89
379 89
379 89
379 89
379 89
380 89
380 89
380 89
380 89
381 89
381 89
381 89
381 89
382 89
382 89
382 89
382 89
383 89
383 89
383 89
383 89
384 89
384 89
384 89
384 89
385 89
385 89
385 89
385 89
386 89
386 89
386 89
386 89
387 89
387 89
387 89
387 89
388 89
388 89
388 89
388 89
389 89
389 89
389 89
389 89
390 89
390 89
390 89
390 89
391 89
391 89
391 89
391 89
392 89
392 89
392 89
392 89
393 89
393 89
393 89
393 89
394 89
394 89
394 89
394 89
395 89
395 89
395 89
395 89
396 89
396 89
396 89
396 89
397 89
397 89
397 89
397 89
398 89
398 89
398 89
398 89
399 89
399 89
399 89
399 89
400 89
400 89
400 89
400 89
401 89
401 89
401 89
401 89
402 89
402 89
402 89
402 89
403 89
403 89
403 89
403 89
404 89
404 89
404 89
404 89
405 89
405 89
405 89
405 89
406 89
406 89
406 89
406 89
407 89
407 89
407 89
407 89
408 89
408 89
408 89
408 89
409 89
409 89
409 89
409 89
410 89
410 89
410 89
410 89
411 89
411 89
411 89
411 89
412 89
412 89
412 89
412 89
413 89
413 89
413 89
413 89
414 89
414 89
414 89
414 89
415 89
415 89
415 89
415 89
416 89
416 89
416 89
416 89
417 89
417 89
417 89
417 89
418 89
418 89
418 89
418 89
419 89
419 89
419 89
419 89
420 89
420 89
420 89
420 89
421 89
421 89
421 89
421 89
422 89
422 89
422 89
422 89
423 89
423 89
423 89
423 89
424 89
424 89
424 89
424 89
425 89
425 89
425 89
425 89
426 89
426 89
426 89
426 89
427 89
427 89
427 89
427 89
428 89
428 89
428 89
428 89
429 89
429 89
429 89
429 89
430 89
430 89
430 89
430 89
431 89
431 89
431 89
431 89
432 89
432 89
432 89
432 89
433 89
433 89
433 89
433 89
434 89
434 89
434 89
434 89
435 89
435 89
435 89
435 89
436 89
436 89
436 89
436 89
437 89
437 89
437 89
437 89
438 89
438 89
438 89
438 89
439 89
439 89
439 89
439 89
440 89
440 89
440 89
440 89
441 89
441 89
441 89
441 89
442 89
442 89
442 89
442 89
443 89
443 89
443 89
444 89
444 89
444 89
444 89
445 89
445 89
445 89
445 89
446 89
446 89
446 89
446 89
447 89
447 89
447 89
447 89
448 89
448 89
448 89
448 89
449 89
449 89
449 89
449 89
450 89
450 89
450 89
450 89
451 89
451 89
451 89
451 89
452 89
452 89
452 89
452 89
453 89
453 89
453 89
453 89
454 89
454 89
454 89
454 89
455 89
455 89
455 89
455 89
456 89
456 89
456 89
456 89
457 89
457 89
457 89
458 89
458 89
458 89
458 89
459 89
459 89
459 89
459 89
460 89
460 89
460 89
460 89
461 89
461 89
461 89
461 89
462 89
462 89
462 89
462 89
463 89
463 89
463 89
463 89
464 89
464 89
464 89
464 89
465 89
465 89
465 89
465 89
466 89
466 89
466 89
466 89
467 89
467 89
467 89
467 89
468 89
468 89
468 89
468 89
469 89
469 89
469 89
469 89
470 90
470 90
470 90
470 90
471 90
471 90
471 90
471 90
472 90
472 90
472 90
472 90
473 90
473 90
473 90
473 90
474 90
474 90
474 90
474 90
475 90
475 90
475 90
475 90
476 90
476 90
476 90
476 90
477 90
477 90
477 90
477 90
477 90
477 90
477 90
478 90
478 90
478 90
478 90
479 90
479 90
479 90
479 90
480 90
480 90
480 90
480 90
481 90
481 90
481 90
481 90
482 90
482 90
482 90
482 90
483 90
483 90
483 90
483 90
484 90
484 90
484 90
484 90
485 90
485 90
485 90
485 90
486 90
486 90
486 90
486 90
487 90
487 90
487 90
487 90
488 90
488 90
488 90
488 90
489 90
489 90
489 90
489 90
490 90
490 90
490 90
490 90
491 90
491 90
491 90
491 90
492 90
492 90
492 90
492 90
493 90
493 90
493 90
493 90
494 90
494 90
494 90
494 90
494 90
494 90
494 90
495 90
495 90
495 90
495 90
496 90
496 90
496 90
496 90
497 90
497 90
497 90
497 90
498 90
498 90
498 90
498 90
498 90
498 90
498 90
499 90
499 90
499 90
499 90
500 90
500 90
500 90
500 90
501 90
501 90
501 90
501 90
502 90
502 90
502 90
502 90
503 90
503 90
503 90
503 90
504 90
504 90
504 90
504 90
505 90
505 90
505 90
505 90
506 90
506 90
506 90
506 90
507 90
507 90
507 90
507 90
508 90
508 90
508 90
508 90
509 90
509 90
509 90
509 90
510 90
510 90
510 90
510 90
511 90
511 90
511 90
511 90
512 90
512 90
512 90
512 90
513 90
513 90
513 90
513 90
514 90
514 90
514 90
514 90
515 90
515 90
515 90
515 90
516 90
516 90
516 90
516 90
517 90
517 90
517 90
517 90
518 90
518 90
518 90
518 90
519 90
519 90
519 90
519 90
520 90
520 90
520 90
520 90
521 90
521 90
521 90
521 90
522 90
522 90
522 90
522 90
523 90
523 90
523 90
523 90
524 90
524 90
524 90
524 90
525 90
525 90
525 90
525 90
526 90
526 90
526 90
526 90
527 90
527 90
527 90
527 90
528 90
528 90
528 90
528 90
529 90
529 90
529 90
529 90
530 90
530 90
530 90
530 90
531 90
531 90
531 90
531 90
532 90
532 90
532 90
532 90
533 90
533 90
533 90
533 90
534 90
534 90
534 90
534 90
535 90
535 90
535 90
535 90
536 90
536 90
536 90
536 90
537 90
537 90
537 90
537 90
538 90
538 90
538 90
538 90
539 90
539 90
539 90
539 90
540 90
540 90
540 90
540 90
541 90
541 90
541 90
541 90
542 90
542 90
542 90
542 90
543 90
543 90
543 90
543 90
544 90
544 90
544 90
544 90
545 90
545 90
545 90
545 90
546 90
546 90
546 90
546 90
547 90
547 90
547 90
547 90
548 90
548 90
548 90
548 90
549 90
549 90
549 90
549 90
550 90
550 90
550 90
550 90
551 90
551 90
551 90
551 90
552 90
552 90
552 90
552 90
553 90
553 90
553 90
553 90
554 90
554 90
554 90
554 90
555 90
555 90
555 90
555 90
556 90
556 90
556 90
556 90
557 90
557 90
557 90
557 90
558 90
558 90
558 90
558 90
559 90
559 90
559 90
559 90
560 90
560 90
560 90
560 90
561 90
561 90
561 90
561 90
562 90
562 90
562 90
562 90
563 90
563 90
563 90
563 90
564 90
564 90
564 90
564 90
565 90
565 90
565 90
565 90
566 90
566 90
566 90
566 90
567 90
567 90
567 90
567 90
568 90
568 90
568 90
568 90
569 90
569 90
569 90
569 90
570 90
570 90
570 90
570 90
571 90
571 90
571 90
571 90
572 90
572 90
572 90
572 90
573 90
573 90
573 90
573 90
574 90
574 90
574 90
574 90
575 90
575 90
575 90
575 90
576 90
576 90
576 90
576 90
577 90
577 90
577 90
577 90
578 90
578 90
578 90
578 90
579 90
579 90
579 90
579 90
580 90
580 90
580 90
580 90
581 90
581 90
581 90
581 90
582 90
582 90
582 90
582 90
583 90
583 90
583 90
583 90
584 90
584 90
584 90
584 90
585 90
585 90
585 90
585 90
586 90
586 90
586 90
586 90
587 90
587 90
587 90
587 90
588 90
588 90
588 90
588 90
589 90
589 90
589 90
589 90
590 90
590 90
590 90
590 90
591 90
591 90
591 90
591 90
592 90
592 90
592 90
592 90
593 90
593 91
593 91
593 91
594 91
594 91
594 91
594 91
595 91
595 91
595 91
595 91
596 91
596 91
596 91
596 91
597 91
597 91
597 91
597 91
598 91
598 91
598 91
598 91
599 91
599 91
599 91
599 91
600 91
600 91
600 91
600 91
601 91
601 91
601 91
601 91
602 91
602 91
602 91
602 91
603 91
603 91
603 91
603 91
604 91
604 91
604 91
604 91
605 91
605 91
605 91
605 91
606 91
606 91
606 91
606 91
607 91
607 91
607 91
607 91
608 91
608 91
608 91
608 91
609 91
609 91
609 91
609 91
610 91
610 91
610 91
610 91
611 91
611 91
611 91
611 91
612 91
612 91
612 91
612 91
613 91
613 91
613 91
613 91
614 91
614 91
614 91
614 91
615 91
615 91
615 91
615 91
616 91
616 91
616 91
616 91
617 91
617 91
617 91
617 91
618 91
618 91
618 91
618 91
619 91
619 91
619 91
619 91
620 91
620 91
620 91
620 91
621 91
621 91
621 91
621 91
622 91
622 91
622 91
622 91
623 91
623 91
623 91
623 91
624 91
624 91
624 91
624 91
625 91
625 91
625 91
625 91
626 91
626 91
626 91
626 91
627 91
627 91
627 91
627 91
628 91
628 91
628 91
628 91
629 91
629 91
629 91
629 91
630 91
630 91
630 91
630 91
631 91
631 91
631 91
631 91
632 91
632 91
632 91
632 91
633 91
633 91
633 91
633 91
634 91
634 91
634 91
634 91
635 91
635 91
635 91
635 91
636 91
636 91
636 91
636 91
637 91
637 91
637 91
637 91
638 91
638 91
638 91
638 91
639 91
639 91
639 91
639 91
640 91
640 91
640 91
640 91
641 91
641 91
641 91
641 91
642 91
642 91
642 91
642 91
643 91
643 91
643 91
643 91
644 91
644 91
644 91
644 91
645 91
645 91
645 91
645 91
646 91
646 91
646 91
646 91
647 91
647 91
647 91
647 91
648 91
648 91
648 91
648 91
649 91
649 91
649 91
649 91
650 91
650 91
650 91
650 91
651 91
651 91
651 91
651 91
652 91
652 91
652 91
652 91
653 91
653 91
653 91
653 91
654 91
654 91
654 91
654 91
655 91
655 91
655 91
655 91
656 91
656 91
656 91
656 91
657 91
657 91
657 91
657 91
658 91
658 91
658 91
658 91
659 91
659 91
659 91
659 91
660 91
660 91
660 91
660 91
661 91
661 91
661 91
661 91
662 91
662 91
662 91
662 91
663 91
663 91
663 91
663 91
664 91
664 91
664 91
664 91
665 91
665 91
665 91
665 91
666 91
666 91
666 91
666 91
667 91
667 91
667 91
667 91
668 91
668 91
668 91
668 91
669 91
669 91
669 91
669 91
670 91
670 91
670 91
670 91
671 91
671 91
671 91
671 91
672 91
672 91
672 91
672 91
673 91
673 91
673 91
673 91
674 91
674 91
674 91
674 91
675 91
675 91
675 91
675 91
676 91
676 91
676 91
676 91
677 91
677 91
677 91
677 91
678 91
678 91
678 91
678 91
679 91
679 91
679 91
679 91
680 91
680 91
680 91
680 91
681 91
681 91
681 91
681 91
682 91
682 91
682 91
682 91
683 91
683 91
683 91
683 91
684 91
684 91
684 91
684 91
685 91
685 91
685 91
685 91
686 91
686 91
686 91
686 91
687 91
687 91
687 91
687 91
688 91
688 91
688 91
688 91
689 91
689 91
689 91
689 91
690 91
690 91
690 91
690 91
691 91
691 91
691 91
691 91
692 91
692 91
692 91
692 91
693 91
693 91
693 91
693 91
694 91
694 91
694 91
694 91
695 91
695 91
695 91
695 91
696 91
696 91
696 91
696 91
697 91
697 91
697 91
697 91
698 91
698 91
698 91
698 91
699 91
699 91
699 91
699 91
700 91
700 91
700 91
700 91
701 91
701 91
701 91
701 91
702 91
702 91
702 91
702 91
703 91
703 91
703 91
703 91
704 91
704 91
704 91
704 91
705 91
705 91
705 91
705 91
706 91
706 91
706 91
706 91
707 91
707 91
707 91
707 91
708 91
708 91
708 91
708 91
709 91
709 91
709 91
709 91
710 91
710 91
710 91
710 91
711 91
711 91
711 91
711 91
712 91
712 91
712 91
712 91
713 91
713 91
713 91
713 91
714 91
714 91
714 91
714 91
715 91
715 91
715 91
715 91
716 91
716 91
716 91
716 91
717 91
717 91
717 91
717 91
718 91
718 91
718 91
718 91
719 91
719 91
719 91
719 91
720 91
720 91
720 91
720 91
721 91
721 91
721 91
722 91
722 91
722 91
722 91
723 91
723 91
723 91
723 91
724 91
724 91
724 91
724 91
725 91
725 91
725 91
725 91
726 91
726 91
726 91
727 91
727 91
727 91
727 91
728 91
728 91
728 91
728 91
729 91
729 91
729 91
729 91
730 91
730 91
730 91
730 91
731 91
731 91
731 91
731 91
732 91
732 91
732 91
733 91
733 91
733 91
733 91
734 91
734 91
734 91
735 91
735 91
735 91
735 91
736 91
736 91
736 91
736 91
737 91
737 91
737 91
738 91
738 91
738 91
738 91
739 91
739 91
739 91
739 91
740 91
740 91
740 91
740 91
741 91
741 91
741 91
741 91
742 91
742 91
742 91
743 91
743 91
743 91
743 91
744 91
744 91
744 91
744 91
745 91
745 91
745 91
745 91
746 91
746 91
746 91
746 91
747 91
747 91
747 91
748 91
748 91
748 91
748 91
749 91
749 91
749 91
749 91
750 91
750 91
750 91
750 91
751 91
751 91
751 91
751 91
752 91
752 91
752 91
752 91
753 91
753 91
753 91
753 91
754 91
754 91
754 91
755 91
755 91
755 91
756 91
756 91
756 91
756 91
757 91
757 91
757 91
757 91
758 91
758 91
758 91
758 91
759 91
759 91
759 91
759 91
760 91
760 91
760 91
760 91
761 91
761 91
761 91
762 91
762 91
762 91
762 91
763 91
763 91
763 91
763 91
764 91
764 91
764 91
764 91
765 91
765 91
765 91
766 91
766 91
766 91
766 91
767 91
767 91
767 91
767 91
768 91
768 91
768 91
768 91
769 91
769 91
769 91
769 91
770 91
770 91
770 91
770 91
771 91
771 91
771 91
771 91
772 91
772 91
772 91
772 91
773 91
773 91
773 91
773 91
774 91
774 91
774 91
774 91
775 91
775 91
775 91
775 91
776 91
776 91
776 91
776 91
777 91
777 91
777 91
777 91
778 91
778 91
778 91
778 91
779 91
779 91
779 91
779 91
780 91
780 91
780 91
780 91
781 91
781 91
781 91
781 91
782 91
782 91
782 91
782 91
783 91
783 91
783 91
783 91
784 91
784 91
784 91
784 91
785 91
785 91
785 91
785 91
786 91
786 91
786 91
786 91
787 91
787 91
787 91
787 91
788 91
788 91
788 91
789 91
789 91
789 91
789 91
790 91
790 91
790 91
791 91
791 91
791 91
791 91
792 91
792 91
792 91
792 91
793 91
793 91
793 91
793 91
794 91
794 91
794 91
794 91
795 91
795 91
795 91
795 91
796 91
796 91
796 91
796 91
797 91
797 91
797 91
797 91
798 91
798 91
798 91
798 91
799 91
799 91
799 91
799 91
800 91
800 91
800 91
800 91
801 91
801 91
801 91
801 91
802 91
802 91
802 91
802 91
803 91
803 91
803 91
803 91
804 91
804 91
804 91
804 91
805 91
805 91
805 91
805 91
806 91
806 91
806 91
806 91
807 91
807 91
807 91
807 91
808 91
808 91
808 91
808 91
809 91
809 91
809 91
809 91
810 91
810 91
810 91
810 91
811 91
811 91
811 91
811 91
812 91
812 91
812 91
812 91
813 91
813 91
813 91
813 91
814 91
814 91
814 91
814 91
815 91
815 91
815 91
815 91
816 91
816 91
816 91
816 91
817 91
817 91
817 91
817 91
818 91
818 91
818 91
818 91
819 91
819 91
819 91
819 91
820 91
820 91
820 91
820 91
821 91
821 91
821 91
821 91
822 91
822 91
822 91
822 91
823 91
823 91
823 91
823 91
824 91
824 91
824 91
824 91
825 91
825 91
825 91
825 91
826 91
826 91
826 91
826 91
827 91
827 91
827 91
827 91
828 91
828 91
828 91
828 91
829 91
829 91
829 91
829 91
830 91
830 91
830 91
830 91
831 91
831 91
831 91
831 91
832 91
832 91
832 91
832 91
833 91
833 91
833 91
833 91
834 91
834 91
834 91
834 91
835 91
835 91
835 91
835 91
836 91
836 91
836 91
836 91
837 91
837 91
837 91
837 91
838 91
838 91
838 91
838 91
839 91
839 91
839 91
839 91
840 91
840 91
840 91
840 91
841 91
841 91
841 91
841 91
842 91
842 91
842 91
842 91
843 91
843 91
843 91
843 91
844 91
844 91
844 91
844 91
845 91
845 91
845 91
845 91
846 91
846 91
846 91
846 91
847 91
847 91
847 91
847 91
848 91
848 91
848 91
848 91
849 91
849 91
849 91
849 91
850 91
850 91
850 91
850 91
851 91
851 91
851 91
851 91
852 91
852 91
852 91
852 91
853 91
853 91
853 91
853 91
854 91
854 91
854 91
854 91
855 91
855 91
855 91
855 91
856 91
856 91
856 91
856 91
857 91
857 91
857 91
857 91
858 91
858 91
858 91
858 91
859 91
859 91
859 91
859 91
860 91
860 91
860 91
860 91
861 91
861 91
861 91
861 91
862 91
862 91
862 91
862 91
863 91
863 91
863 91
863 91
864 91
864 91
864 91
864 91
865 91
865 91
865 91
865 91
866 91
866 91
866 91
866 91
867 91
867 91
867 91
867 91
868 91
868 91
868 91
868 91
869 91
869 91
869 91
869 91
870 91
870 91
870 91
870 91
871 91
871 91
871 91
871 91
872 91
872 91
872 91
872 91
873 91
873 91
873 91
873 91
874 91
874 91
874 91
874 91
875 91
875 91
875 91
875 91
876 91
876 91
876 91
876 91
877 91
877 91
877 91
877 91
878 91
878 91
878 91
878 91
879 91
879 91
879 91
879 91
880 91
880 91
880 91
880 91
881 91
881 91
881 91
881 91
882 91
882 91
882 91
882 91
883 91
883 91
883 91
883 91
884 91
884 91
884 91
884 91
885 91
885 91
885 91
885 91
886 92
886 92
886 92
886 92
887 92
887 92
887 92
887 92
888 92
888 92
888 92
888 92
889 92
889 92
889 92
889 92
890 92
890 92
890 92
890 92
891 92
891 92
891 92
891 92
892 92
892 92
892 92
892 92
893 92
893 92
893 92
893 92
894 92
894 92
894 92
894 92
895 92
895 92
895 92
895 92
896 92
896 92
896 92
896 92
897 92
897 92
897 92
897 92
898 92
898 92
898 92
898 92
899 92
899 92
899 92
899 92
900 92
900 92
900 92
900 92
901 92
901 92
901 92
901 92
902 92
902 92
902 92
902 92
903 92
903 92
903 92
903 92
904 92
904 92
904 92
904 92
905 92
905 92
905 92
905 92
906 92
906 92
906 92
906 92
907 92
907 92
907 92
907 92
908 92
908 92
908 92
908 92
909 92
909 92
909 92
909 92
910 92
910 92
910 92
910 92
911 92
911 92
911 92
911 92
912 92
912 92
912 92
912 92
913 92
913 92
913 92
913 92
914 92
914 92
914 92
914 92
915 92
915 92
915 92
915 92
916 92
916 92
916 92
916 92
917 92
917 92
917 92
917 92
918 92
918 92
918 92
918 92
919 92
919 92
919 92
919 92
920 92
920 92
920 92
920 92
921 92
921 92
921 92
921 92
922 92
922 92
922 92
922 92
923 92
923 92
923 92
923 96
924 96
924 96
924 96
924 96
925 96
925 96
925 96
925 96
926 96
926 96
926 96
926 96
927 96
927 96
927 96
927 96
928 96
928 96
928 96
928 96
929 96
929 96
929 96
929 96
930 96
930 96
930 96
930 96
931 96
931 96
931 96
931 96
932 96
932 96
932 96
932 96
933 96
933 96
933 96
933 96
934 96
934 96
934 96
934 96
935 96
935 96
935 96
935 96
936 96
936 96
936 96
936 96
937 96
937 96
937 96
937 96
938 96
938 96
938 96
938 96
939 96
939 96
939 96
939 96
940 96
940 96
940 96
940 96
941 96
941 96
941 96
941 96
942 96
942 96
942 96
942 96
943 96
943 96
943 96
943 96
944 96
944 96
944 96
944 96
945 96
945 96
945 96
945 96
946 96
946 96
946 96
946 96
947 96
947 96
947 96
947 96
948 96
948 96
948 96
948 96
949 96
949 96
949 96
949 96
950 96
950 96
950 96
950 96
951 96
951 96
951 96
951 96
952 96
952 96
952 96
952 96
953 96
953 96
953 96
953 96
954 96
954 96
954 96
954 96
955 96
955 96
955 96
955 96
956 96
956 96
956 96
956 96
957 96
957 96
957 96
957 96
958 96
958 96
958 96
958 96
959 96
959 96
959 96
959 96
960 96
960 96
960 96
960 96
961 96
961 96
961 96
961 96
962 96
962 96
962 96
962 96
963 96
963 96
963 96
963 96
964 96
964 96
964 96
964 96
965 96
965 96
965 96
965 96
966 96
966 96
966 96
966 96
967 96
967 96
967 96
967 96
968 96
968 96
968 96
968 96
969 96
969 96
969 96
969 96
970 96
970 96
970 96
970 96
971 96
971 96
971 96
971 96
972 96
972 96
972 96
972 96
973 96
973 96
973 96
973 96
974 96
974 96
974 96
974 96
975 96
975 96
975 96
975 96
976 96
976 96
976 96
976 96
977 96
977 96
977 96
977 96
978 96
978 96
978 96
978 96
979 96
979 96
979 96
979 96
980 96
980 96
980 96
980 96
981 96
981 96
981 96
981 96
982 96
982 96
982 96
982 96
983 96
983 96
983 96
983 96
984 96
984 96
984 96
985 96
985 96
985 96
985 96
986 96
986 96
986 96
986 96
987 97
987 97
987 97
987 97
988 97
988 97
988 97
988 97
989 97
989 97
989 97
989 97
990 97
990 97
990 97
990 97
991 97
991 97
991 97
991 97
992 97
992 97
992 97
992 97
993 97
993 97
993 97
993 97
994 97
994 97
994 97
994 97
995 97
995 97
995 97
995 97
996 97
996 97
996 97
996 97
997 97
997 97
997 97
997 97
998 97
998 97
998 97
998 97
999 97
999 97
999 97
999 97
1000 97
1000 97
1000 97
1000 97
1001 97
1001 97
1001 97
1001 97
1002 97
1002 97
1002 97
1002 97
1003 97
1003 97
1003 97
1003 97
1004 97
1004 97
1004 97
1004 97
1005 97
1005 97
1005 97
1005 97
1006 97
1006 97
1006 97
1006 97
1007 97
1007 97
1007 97
1007 97
1008 97
1008 97
1008 97
1008 97
1009 97
1009 97
1009 97
1009 97
1010 97
1010 97
1010 97
1010 97
1011 97
1011 97
1011 97
1011 97
1012 97
1012 97
1012 97
1012 97
1013 97
1013 97
1013 97
1013 97
1014 97
1014 97
1014 97
1014 97
1015 97
1015 97
1015 97
1015 97
1016 97
1016 97
1016 97
1016 97
1017 97
1017 97
1017 97
1017 97
1018 97
1018 97
1018 97
1018 97
1019 97
1019 97
1019 97
1019 97
1020 97
1020 97
1020 97
1020 97
1021 97
1021 97
1021 97
1021 97
1022 97
1022 97
1022 97
1022 97
1023 97
1023 97
1023 97
1023 97
1024 97
1024 97
1024 97
1024 97
1025 97
1025 97
1025 97
1025 97
1026 97
1026 97
1026 97
1026 97
1027 97
1027 97
1027 97
1027 97
1028 97
1028 97
1028 97
1028 97
1029 97
1029 97
1029 97
1029 97
1030 97
1030 97
1030 97
1030 97
1031 97
1031 97
1031 97
1031 97
1032 97
1032 97
1032 97
1032 97
1033 97
1033 97
1033 97
1033 97
1034 97
1034 97
1034 97
1034 97
1035 97
1035 97
1035 97
1035 97
1036 97
1036 97
1036 97
1036 97
1037 97
1037 97
1037 97
1037 97
1038 97
1038 97
1038 97
1038 97
1039 97
1039 97
1039 97
1039 97
1040 97
1040 97
1040 97
1040 97
1041 97
1041 97
1041 97
1041 97
1042 97
1042 97
1042 97
1042 97
1043 97
1043 97
1043 97
1043 97
1044 97
1044 97
1044 97
1044 97
1045 97
1045 97
1045 97
1045 97
1046 97
1046 97
1046 97
1046 97
1047 97
1047 97
1047 97
1047 97
1048 97
1048 97
1048 97
1048 97
1049 97
1049 97
1049 97
1049 97
1050 97
1050 97
1050 97
1050 97
1051 97
1051 97
1051 97
1051 97
1052 97
1052 97
1052 97
1052 97
1053 97
1053 97
1053 97
1053 97
1054 97
1054 97
1054 97
1054 97
1055 97
1055 97
1055 97
1055 97
1056 97
1056 97
1056 97
1056 97
1057 97
1057 97
1057 97
1057 97
1058 97
1058 97
1058 97
1058 97
1059 97
1059 97
1059 97
1059 97
1060 97
1060 97
1060 97
1060 97
1061 97
1061 97
1061 97
1061 97
1062 97
1062 97
1062 97
1062 97
1063 97
1063 97
1063 97
1063 97
1064 97
1064 97
1064 97
1064 97
1065 97
1065 97
1065 97
1065 97
1066 97
1066 97
1066 97
1066 97
1067 97
1067 97
1067 97
1067 97
1068 97
1068 97
1068 97
1068 97
1069 97
1069 97
1069 97
1069 97
1070 97
1070 97
1070 97
1070 97
1071 97
1071 97
1071 97
1071 97
1072 97
1072 97
1072 97
1072 97
1073 97
1073 97
1073 97
1073 97
1074 97
1074 97
1074 97
1074 97
1075 97
1075 97
1075 97
1075 97
1076 97
1076 97
1076 97
1076 97
1077 97
1077 97
1077 97
1077 97
1078 97
1078 97
1078 97
1078 97
1079 97
1079 97
1079 97
1079 97
1080 97
1080 97
1080 97
1080 97
1081 97
1081 97
1081 97
1081 97
1082 97
1082 97
1082 97
1082 97
1083 97
1083 97
1083 97
1083 97
1084 97
1084 97
1084 97
1084 97
1085 97
1085 97
1085 97
1085 97
1086 97
1086 97
1086 97
1086 97
1087 97
1087 97
1087 97
1087 97
1088 97
1088 97
1088 97
1088 97
1089 97
1089 97
1089 97
1089 97
1090 97
1090 97
1090 97
1090 97
1091 97
1091 97
1091 97
1091 97
1092 97
1092 97
1092 97
1092 97
1093 97
1093 97
1093 97
1093 97
1094 97
1094 97
1094 97
1094 97
1095 97
1095 97
1095 97
1095 97
1096 97
1096 97
1096 97
1096 97
1097 97
1097 97
1097 97
1097 97
1098 97
1098 97
1098 97
1098 97
1099 97
1099 97
1099 97
1099 97
1100 97
1100 97
1100 97
1100 97
1101 97
1101 97
1101 97
1101 97
1102 97
1102 97
1102 97
1102 97
1103 97
1103 97
1103 97
1103 97
1104 97
1104 97
1104 97
1104 97
1105 97
1105 97
1105 97
1105 97
1106 97
1106 97
1106 97
1106 97
1107 97
1107 97
1107 97
1107 97
1108 97
1108 97
1108 97
1108 97
1109 97
1109 97
1109 97
1109 97
1110 97
1110 97
1110 97
1110 97
1111 97
1111 97
1111 97
1111 97
1112 97
1112 97
1112 97
1112 97
1113 97
1113 97
1113 97
1113 97
1114 97
1114 97
1114 97
1114 97
1115 97
1115 97
1115 97
1115 97
1116 97
1116 97
1116 97
1116 97
1117 97
1117 97
1117 97
1117 97
1118 97
1118 97
1118 97
1118 97
1119 97
1119 97
1119 97
1119 97
1120 97
1120 97
1120 97
1120 97
1121 97
1121 97
1121 97
1121 97
1122 97
1122 97
1122 97
1122 97
1123 97
1123 97
1123 97
1123 97
1124 97
1124 108
1124 108
1124 108
1125 108
1125 108
1125 108
1125 108
1126 108
1126 108
1126 108
1126 108
1127 108
1127 108
1127 108
1127 108
1128 108
1128 108
1128 108
1128 108
1129 108
1129 108
1129 108
1129 108
1130 108
1130 108
1130 108
1130 108
1131 108
1131 108
1131 108
1131 108
1132 108
1132 108
1132 108
1132 108
1133 108
1133 108
1133 108
1133 108
1134 108
1134 108
1134 108
1134 108
1135 108
1135 108
1135 108
1135 108
1136 108
1136 108
1136 108
1136 108
1137 108
1137 108
1137 108
1137 108
1137 108
1137 108
1137 108
1138 108
1138 108
1138 108
1138 108
1139 108
1139 108
1139 108
1139 108
1140 108
1140 108
1140 108
1140 108
1140 108
1140 108
1140 108
1141 108
1141 108
1141 108
1141 108
1142 108
1142 108
1142 108
1142 108
1143 108
1143 108
1143 108
1143 108
1144 108
1144 108
1144 108
1144 108
1145 108
1145 108
1145 108
1145 108
1146 108
1146 108
1146 108
1146 108
1147 108
1147 108
1147 108
1147 108
1148 108
1148 108
1148 108
1148 108
1149 108
1149 108
1149 108
1149 108
1150 108
1150 108
1150 108
1150 108
1151 108
1151 108
1151 108
1151 108
1152 108
1152 108
1152 108
1152 108
1153 108
1153 108
1153 108
1153 108
1153 108
1153 108
1153 108
1154 108
1154 108
1154 108
1154 108
1155 108
1155 108
1155 108
1155 108
1156 108
1156 108
1156 108
1156 108
1157 108
1157 108
1157 108
1157 108
1158 108
1158 108
1158 108
1158 108
1159 108
1159 108
1159 108
1159 108
1160 108
1160 108
1160 108
1160 108
1161 108
1161 108
1161 108
1161 108
1162 108
1162 108
1162 108
1162 108
1163 108
1163 108
1163 108
1163 108
1164 108
1164 108
1164 108
1164 108
1165 108
1165 108
1165 108
1165 108
1166 108
1166 108
1166 108
1166 108
1167 108
1167 108
1167 108
1167 108
1168 108
1168 108
1168 108
1168 108
1169 108
1169 108
1169 108
1169 108
1170 108
1170 108
1170 108
1170 108
1171 108
1171 108
1171 108
1171 108
1172 108
1172 108
1172 108
1172 108
1173 108
1173 108
1173 108
1173 108
1174 108
1174 108
1174 108
1174 108
1175 108
1175 108
1175 108
1175 108
1176 108
1176 108
1176 108
1176 108
1177 108
1177 108
1177 108
1177 108
1178 108
1178 108
1178 108
1178 108
1179 108
1179 108
1179 108
1179 108
1180 108
1180 108
1180 108
1180 108
1181 108
1181 108
1181 108
1182 108
1182 108
1182 108
1182 108
1183 108
1183 108
1183 108
1183 108
1184 108
1184 108
1184 108
1184 108
1185 108
1185 108
1185 108
1186 108
1186 108
1186 108
1186 108
1187 108
1187 108
1187 108
1187 108
1188 108
1188 108
1188 108
1188 108
1189 108
1189 108
1189 108
1190 108
1190 108
1190 108
1190 108
1191 108
1191 108
1191 108
1191 108
1192 108
1192 108
1192 108
1192 108
1193 108
1193 108
1193 108
1193 108
1194 108
1194 108
1194 108
1194 108
1194 108
1194 108
1194 108
1195 108
1195 108
1195 108
1195 108
1196 108
1196 108
1196 108
1196 108
1197 108
1197 108
1197 108
1197 108
1198 108
1198 108
1198 108
1198 108
1199 108
1199 108
1199 108
1199 108
1200 108
1200 108
1200 108
1200 108
1201 108
1201 108
1201 108
1201 108
1202 108
1202 108
1202 108
1202 108
1203 108
1203 108
1203 108
1203 108
1204 108
1204 108
1204 108
1204 108
1205 108
1205 108
1205 108
1205 108
1206 108
1206 108
1206 108
1206 108
1207 108
1207 108
1207 108
1207 108
1208 108
1208 108
1208 108
1208 108
1209 108
1209 108
1209 108
1209 108
1210 108
1210 108
1210 108
1210 108
1211 108
1211 108
1211 108
1211 108
1212 108
1212 108
1212 108
1212 108
1213 108
1213 108
1213 108
1213 108
1214 108
1214 108
1214 108
1214 108
1215 108
1215 108
1215 108
1215 108
1216 108
1216 108
1216 108
1216 108
1217 108
1217 108
1217 108
1217 108
1218 108
1218 108
1218 108
1218 108
1219 108
1219 108
1219 108
1219 108
1220 108
1220 108
1220 108
1220 108
1221 108
1221 108
1221 108
1221 108
1222 108
1222 108
1222 108
1222 108
1223 108
1223 108
1223 108
1223 108
1224 108
1224 108
1224 108
1224 108
1225 108
1225 108
1225 108
1225 108
1226 108
1226 108
1226 108
1226 108
1227 108
1227 108
1227 108
1227 108
1228 108
1228 108
1228 108
1228 108
1229 108
1229 108
1229 108
1229 108
1230 108
1230 108
1230 108
1230 108
1231 108
1231 108
1231 108
1231 108
1232 108
1232 108
1232 108
1232 108
1233 108
1233 108
1233 108
1233 108
1234 108
1234 108
1234 108
1234 108
1235 108
1235 108
1235 108
1235 108
1236 108
1236 108
1236 108
1236 108
1237 108
1237 108
1237 108
1237 108
1238 108
1238 108
1238 108
1238 108
1239 108
1239 108
1239 108
1239 108
1240 108
1240 108
1240 108
1240 108
1241 108
1241 108
1241 108
1241 108
1242 108
1242 108
1242 108
1242 108
1243 108
1243 108
1243 108
1243 108
1244 108
1244 108
1244 108
1244 108
1245 108
1245 108
1245 108
1245 108
1246 108
1246 108
1246 108
1246 108
1247 108
1247 108
1247 108
1247 108
1248 108
1248 108
1248 108
1248 108
1249 108
1249 108
1249 108
1249 108
1250 108
1250 108
1250 108
1250 108
1251 108
1251 108
1251 108
1251 108
1252 108
1252 108
1252 108
1252 108
1253 108
1253 108
1253 108
1253 108
1254 108
1254 108
1254 108
1254 108
1255 108
1255 108
1255 108
1255 108
1256 108
1256 108
1256 108
1256 108
1257 108
1257 108
1257 108
1257 108
1258 108
1258 108
1258 108
1258 108
1259 108
1259 108
1259 108
1259 108
1260 108
1260 108
1260 108
1260 108
1261 108
1261 108
1261 108
1261 108
1262 108
1262 108
1262 108
1262 108
1263 108
1263 108
1263 108
1263 108
1264 108
1264 108
1264 108
1264 108
1265 108
1265 108
1265 108
1265 108
1266 108
1266 108
1266 108
1266 108
1267 108
1267 108
1267 108
1267 108
1268 108
1268 108
1268 108
1268 108
1269 108
1269 108
1269 108
1269 108
1270 108
1270 108
1270 108
1270 108
1271 108
1271 108
1271 108
1271 108
1272 108
1272 108
1272 108
1272 108
1273 108
1273 108
1273 108
1273 108
1274 108
1274 108
1274 108
1274 108
1275 108
1275 108
1275 108
1275 108
1276 108
1276 108
1276 108
1276 108
1277 108
1277 121
1278 121
1278 121
1278 121
1278 121
1279 121
1279 121
1279 121
1279 121
1280 121
1280 121
1280 121
1280 121
1281 121
1281 121
1281 121
1281 121
1282 121
1282 121
1282 121
1282 121
1283 121
1283 121
1283 121
1283 121
1284 121
1284 121
1284 121
1284 121
1285 121
1285 121
1285 121
1285 121
1286 121
1286 121
1286 121
1286 121
1287 121
1287 121
1287 121
1287 121
1288 121
1288 121
1288 121
1288 121
1289 121
1289 121
1289 121
1289 121
1290 121
1290 121
1290 121
1291 121
1291 121
1291 121
1291 121
1292 121
1292 121
1292 121
1292 121
1293 121
1293 121
1293 121
1293 121
1294 121
1294 121
1294 121
1294 121
1295 121
1295 121
1295 121
1295 121
1296 121
1296 121
1296 121
1296 121
1297 121
1297 121
1297 121
1297 121
1298 121
1298 121
1298 121
1298 121
1299 121
1299 121
1299 121
1299 121
1300 121
1300 121
1300 121
1300 121
1301 121
1301 121
1301 121
1301 121
1302 121
1302 121
1302 121
1302 121
1303 121
1303 121
1303 121
1303 121
1304 121
1304 121
1304 121
1304 121
1305 121
1305 121
1305 121
1305 121
1306 121
1306 121
1306 121
1306 121
1307 121
1307 121
1307 121
1307 121
1308 121
1308 121
1308 121
1308 121
1309 121
1309 121
1309 121
1309 121
1310 121
1310 121
1310 121
1310 121
1311 121
1311 121
1311 121
1311 121
1312 121
1312 121
1312 121
1312 121
1313 121
1313 121
1313 121
1313 121
1314 121
1314 121
1314 121
1314 121
1315 121
1315 121
1315 121
1315 121
1316 121
1316 121
1316 121
1316 121
1317 121
1317 121
1317 121
1318 121
1318 121
1318 121
1318 121
1319 121
1319 121
1319 121
1319 121
1320 121
1320 121
1320 121
1320 121
1321 121
1321 121
1321 121
1321 121
1322 121
1322 121
1322 121
1322 121
1323 121
1323 121
1323 121
1323 121
1324 121
1324 121
1324 121
1324 121
1325 121
1325 121
1325 121
1325 121
1326 121
1326 121
1326 121
1326 121
1327 121
1327 121
1327 121
1327 121
1328 121
1328 121
1328 121
1328 121
1329 121
1329 121
1329 121
1329 121
1330 121
1330 121
1330 121
1330 121
1331 121
1331 121
1331 121
1331 121
1332 121
1332 121
1332 121
1332 121
1333 121
1333 121
1333 121
1333 121
1334 121
1334 121
1334 121
1334 121
1335 121
1335 121
1335 121
1335 121
1336 121
1336 121
1336 121
1336 121
1337 121
1337 121
1337 121
1337 121
1338 121
1338 121
1338 121
1339 121
1339 121
1339 121
1339 121
1340 121
1340 121
1340 121
1340 121
1341 121
1341 121
1341 121
1341 121
1342 121
1342 121
1342 121
1342 121
1343 121
1343 121
1343 121
1343 121
1344 121
1344 121
1344 121
1344 121
1345 121
1345 121
1345 121
1345 121
1346 121
1346 121
1346 121
1346 121
1347 121
1347 121
1347 121
1347 121
1348 121
1348 121
1348 121
1348 121
1349 121
1349 121
1349 121
1349 121
1350 121
1350 121
1350 121
1350 121
1351 121
1351 121
1351 121
1351 121
1352 121
1352 122
1352 122
1352 122
1353 122
1353 122
1353 122
1353 122
1354 122
1354 122
1354 122
1354 122
1355 122
1355 122
1355 122
1355 122
1356 122
1356 122
1356 122
1356 122
1357 122
1357 122
1357 122
1357 122
1358 122
1358 122
1358 122
1358 122
1359 122
1359 122
1359 122
1360 122
1360 122
1360 122
1360 122
1361 122
1361 122
1361 122
1361 122
1362 122
1362 122
1362 122
1362 122
1363 122
1363 122
1363 122
1363 122
1364 122
1364 122
1364 122
1364 122
1365 122
1365 122
1365 122
1365 122
1366 122
1366 122
1366 122
1366 122
1367 122
1367 122
1367 122
1367 122
1368 122
1368 122
1368 122
1368 122
1369 122
1369 122
1369 122
1369 122
1370 122
1370 122
1370 122
1370 122
1371 122
1371 122
1371 122
1371 122
1372 122
1372 122
1372 122
1372 122
1373 122
1373 122
1373 122
1373 122
1374 122
1374 122
1374 122
1374 122
1375 122
1375 122
1375 122
1375 122
1376 122
1376 122
1376 122
1376 122
1377 122
1377 122
1377 122
1377 122
1378 122
1378 122
1378 122
1378 122
1379 122
1379 122
1379 122
1379 122
1380 122
1380 122
1380 122
1380 122
1381 122
1381 122
1381 122
1381 122
1382 122
1382 122
1382 122
1383 122
1383 122
1383 122
1383 122
1384 122
1384 122
1384 122
1384 122
1385 122
1385 122
1385 122
1385 122
1386 122
1386 122
1386 122
1386 122
1387 122
1387 122
1387 122
1387 122
1388 122
1388 122
1388 122
1388 122
1389 122
1389 122
1389 122
1389 122
1390 122
1390 122
1390 122
1390 122
1391 122
1391 122
1391 122
1391 122
1392 122
1392 122
1392 122
1392 122
1393 122
1393 122
1393 122
1393 122
1394 122
1394 122
1394 122
1394 122
1395 122
1395 122
1395 122
1395 122
1396 122
1396 122
1396 122
1396 122
1397 122
1397 122
1397 122
1397 122
1398 122
1398 122
1398 122
1398 122
1399 122
1399 122
1399 122
1399 122
1400 122
1400 122
1400 122
1400 122
1401 122
1401 122
1401 122
1401 122
1402 122
1402 122
1402 122
1402 122
1403 122
1403 122
1403 122
1404 122
1404 122
1404 122
1404 122
1405 122
1405 122
1405 122
1405 122
1406 122
1406 122
1406 122
1406 122
1407 122
1407 122
1407 122
1407 122
1408 122
1408 122
1408 122
1408 122
1409 122
1409 122
1409 122
1409 122
1410 122
1410 122
1410 122
1410 122
1411 122
1411 122
1411 122
1411 122
1412 122
1412 122
1412 122
1412 122
1413 122
1413 122
1413 122
1413 122
1414 122
1414 122
1414 122
1414 122
1415 122
1415 122
1415 122
1415 122
1416 122
1416 122
1416 122
1416 122
1417 122
1417 122
1417 122
1417 122
1418 122
1418 122
1418 122
1418 122
1419 122
1419 122
1419 122
1419 122
1420 122
1420 122
1420 122
1420 122
1421 122
1421 122
1421 122
1421 122
1422 122
1422 122
1422 122
1422 122
1423 122
1423 122
1423 122
1423 122
1424 122
1424 122
1424 122
1425 122
1425 122
1425 122
1425 122
1426 122
1426 122
1426 122
1426 122
1427 122
1427 122
1427 122
1427 122
1428 122
1428 122
1428 122
1428 122
1429 122
1429 122
1429 122
1429 122
1430 122
1430 122
1430 122
1430 122
1431 122
1431 122
1431 122
1431 122
1432 122
1432 122
1432 122
1432 122
1433 122
1433 122
1433 122
1433 122
1434 122
1434 122
1434 122
1434 122
1435 122
1435 122
1435 122
1435 122
1436 122
1436 122
1436 122
1436 122
1437 122
1437 122
1437 122
1437 122
1438 122
1438 122
1438 122
1438 122
1439 122
1439 122
1439 122
1439 122
1440 122
1440 122
1440 122
1440 122
1441 122
1441 122
1441 122
1441 122
1442 122
1442 122
1442 122
1442 122
1443 122
1443 122
1443 122
1443 122
1444 122
1444 122
1444 122
1444 122
1445 122
1445 122
1445 122
1445 122
1446 122
1446 122
1446 122
1447 122
1447 122
1447 122
1447 122
1448 122
1448 122
1448 122
1448 122
1449 122
1449 122
1449 122
1449 122
1450 122
1450 122
1450 122
1450 122
1451 122
1451 122
1451 122
1451 122
1452 122
1452 122
1452 122
1452 122
1453 122
1453 122
1453 122
1453 122
1454 122
1454 122
1454 122
1454 122
1455 122
1455 122
1455 122
1455 122
1456 122
1456 122
1456 122
1456 122
1457 122
1457 122
1457 122
1457 122
1458 122
1458 122
1458 122
1458 122
1459 122
1459 122
1459 122
1459 122
1460 122
1460 122
1460 122
1460 122
1461 122
1461 122
1461 122
1461 122
1462 122
1462 122
1462 122
1462 122
1463 122
1463 122
1463 122
1464 122
1464 122
1464 122
1464 122
1465 122
1465 122
1465 122
1465 122
1466 122
1466 122
1466 122
1466 122
1467 122
1467 122
1467 122
1467 122
1468 122
1468 122
1468 122
1469 122
1469 122
1469 122
1469 122
1470 122
1470 122
1470 122
1470 122
1471 122
1471 122
1471 122
1471 122
1472 122
1472 122
1472 122
1472 122
1473 122
1473 122
1473 122
1473 122
1474 122
1474 122
1474 122
1474 122
1475 122
1475 122
1475 122
1475 122
1476 122
1476 122
1476 122
1476 122
1477 122
1477 122
1477 122
1477 122
1478 122
1478 122
1478 122
1478 122
1479 122
1479 122
1479 122
1479 122
1480 122
1480 122
1480 122
1480 122
1481 122
1481 122
1481 122
1481 122
1482 122
1482 122
1482 122
1482 122
1483 122
1483 122
1483 122
1483 122
1484 122
1484 122
1484 122
1484 122
1485 122
1485 122
1485 122
1485 122
1485 122
1485 122
1485 122
1486 122
1486 122
1486 122
1486 122
1487 122
1487 122
1487 122
1487 122
1488 122
1488 122
1488 122
1489 122
1489 122
1489 122
1489 122
1490 122
1490 122
1490 122
1490 122
1491 122
1491 122
1491 122
1491 122
1492 122
1492 122
1492 122
1492 122
1493 122
1493 122
1493 122
1493 122
1494 122
1494 122
1494 122
1494 122
1495 122
1495 122
1495 122
1495 122
1496 122
1496 122
1496 122
1496 122
1497 122
1497 122
1497 122
1497 122
1498 122
1498 122
1498 122
1498 122
1499 122
1499 122
1499 122
1499 122
1500 122
1500 122
1500 122
1500 122
1501 122
1501 122
1501 122
1501 122
1502 122
1502 122
1502 122
1502 122
1503 122
1503 122
1503 122
1503 122
1504 122
1504 122
1504 122
1504 122
1505 122
1505 122
1505 122
1505 122
1506 122
1506 122
1506 122
1506 122
1507 122
1507 122
1507 122
1507 122
1508 122
1508 122
1508 122
1509 122
1509 122
1509 122
1509 122
1510 122
1510 122
1510 122
1510 122
1511 122
1511 122
1511 122
1512 122
1512 122
1512 122
1512 122
1513 122
1513 122
1513 122
1514 122
1514 122
1514 122
1514 122
1515 122
1515 122
1515 122
1515 122
1516 122
1516 122
1516 122
1516 122
1517 122
1517 122
1517 122
1517 122
1518 122
1518 122
1518 122
1518 122
1519 122
1519 122
1519 122
1519 122
1520 122
1520 122
1520 122
1520 122
1521 122
1521 122
1521 122
1521 122
1522 122
1522 122
1522 122
1522 122
1523 122
1523 122
1523 122
1523 122
1524 122
1524 122
1524 122
1524 122
1525 122
1525 122
1525 122
1525 122
1526 122
1526 122
1526 122
1526 122
1527 122
1527 122
1527 122
1527 122
1528 122
1528 122
1528 122
1528 122
1529 122
1529 122
1529 122
1529 122
1530 122
1530 122
1530 122
1530 122
1531 122
1531 122
1531 122
1532 122
1532 122
1532 122
1532 122
1532 122
1532 122
1532 122
1533 122
1533 122
1533 122
1533 122
1534 122
1534 122
1534 122
1534 122
1535 122
1535 122
1535 122
1535 122
1536 122
1536 122
1536 122
1536 122
1537 122
1537 122
1537 122
1537 122
1538 122
1538 122
1538 122
1538 122
1539 122
1539 122
1539 122
1539 122
1540 122
1540 122
1540 122
1540 122
1541 122
1541 122
1541 122
1541 122
1542 122
1542 122
1542 122
1542 122
1543 122
1543 122
1543 122
1543 122
1544 122
1544 122
1544 122
1544 122
1545 122
1545 122
1545 122
1545 122
1546 122
1546 122
1546 122
1546 122
1547 122
1547 122
1547 122
1547 122
1548 122
1548 122
1548 122
1548 122
1549 122
1549 122
1549 122
1549 122
1550 122
1550 122
1550 122
1550 122
1551 122
1551 122
1551 122
1552 122
1552 122
1552 122
1552 122
1552 122
1552 122
1552 122
1553 122
1553 122
1553 122
1553 122
1554 122
1554 122
1554 122
1554 122
1555 122
1555 122
1555 122
1555 122
1556 122
1556 122
1556 122
1556 122
1557 122
1557 122
1557 122
1557 122
1558 122
1558 122
1558 122
1558 122
1559 122
1559 122
1559 122
1559 122
1560 122
1560 122
1560 122
1560 122
1561 122
1561 122
1561 122
1561 122
1562 122
1562 122
1562 122
1562 122
1563 122
1563 122
1563 122
1563 122
1564 122
1564 122
1564 122
1564 122
1565 122
1565 122
1565 122
1565 122
1566 122
1566 122
1566 122
1566 122
1567 122
1567 122
1567 122
1567 122
1568 122
1568 122
1568 122
1568 122
1569 122
1569 122
1569 122
1569 122
1570 122
1570 122
1570 122
1570 122
1571 122
1571 122
1571 122
1572 122
1572 122
1572 122
1572 122
1572 122
1572 122
1572 122
1573 122
1573 122
1573 122
1573 122
1574 122
1574 122
1574 122
1574 122
1575 122
1575 122
1575 122
1575 122
1576 122
1576 122
1576 122
1576 122
1577 122
1577 122
1577 122
1577 122
1578 122
1578 122
1578 122
1578 122
1579 122
1579 122
1579 122
1579 122
1580 122
1580 122
1580 122
1580 122
1581 122
1581 122
1581 122
1581 122
1582 122
1582 122
1582 122
1582 122
1583 122
1583 122
1583 122
1583 122
1584 122
1584 122
1584 122
1584 122
1585 122
1585 122
1585 122
1585 122
1586 122
1586 122
1586 122
1586 122
1587 122
1587 122
1587 122
1587 122
1588 122
1588 122
1588 122
1588 122
1589 122
1589 122
1589 122
1589 122
1590 122
1590 122
1590 122
1590 122
1591 122
1591 122
1591 122
1591 122
1592 122
1592 122
1592 122
1592 122
1592 122
1593 122
1593 122
1593 122
1593 122
1594 122
1594 122
1594 122
1594 122
1595 122
1595 122
1595 122
1595 122
1596 122
1596 122
1596 122
1596 122
1597 122
1597 122
1597 122
1597 122
1598 122
1598 122
1598 122
1598 122
1599 122
1599 122
1599 122
1599 122
1600 122
1600 122
1600 122
1600 122
1601 122
1601 122
1601 122
1601 123
1602 123
1602 123
1602 123
1602 123
1603 123
1603 123
1603 123
1603 123
1604 123
1604 123
1604 123
1604 123
1605 123
1605 123
1605 123
1605 123
1606 123
1606 123
1606 123
1606 123
1607 123
1607 123
1607 123
1607 123
1608 123
1608 123
1608 123
1608 123
1609 123
1609 123
1609 123
1609 123
1610 123
1610 123
1610 123
1610 123
1611 123
1611 123
1611 123
1611 123
1612 123
1612 123
1612 123
1613 123
1613 123
1613 123
1614 123
1614 123
1614 123
1614 123
1615 123
1615 123
1615 123
1616 123
1616 123
1616 123
1616 123
1617 123
1617 123
1617 123
1617 123
1618 123
1618 123
1618 123
1618 123
1619 123
1619 123
1619 123
1619 123
1620 123
1620 123
1620 123
1620 123
1621 123
1621 123
1621 123
1621 123
1622 123
1622 123
1622 123
1622 123
1623 123
1623 123
1623 123
1623 123
1624 123
1624 123
1624 123
1624 123
1625 123
1625 123
1625 123
1625 123
1626 123
1626 123
1626 123
1626 123
1627 123
1627 123
1627 123
1627 123
1628 123
1628 123
1628 123
1628 123
1629 123
1629 123
1629 123
1629 123
1630 123
1630 123
1630 123
1630 123
1631 123
1631 123
1631 123
1631 123
1632 123
1632 123
1632 123
1632 123
1633 123
1633 123
1633 123
1634 123
1634 123
1634 123
1634 123
1635 123
1635 123
1635 123
1636 123
1636 123
1636 123
1636 123
1637 123
1637 123
1637 123
1637 123
1638 123
1638 123
1638 123
1638 123
1639 123
1639 123
1639 123
1639 123
1640 123
1640 123
1640 123
1640 123
1641 123
1641 123
1641 123
1641 123
1642 123
1642 123
1642 123
1642 123
1643 123
1643 123
1643 123
1643 123
1644 123
1644 123
1644 123
1644 123
1645 123
1645 123
1645 123
1645 123
1646 123
1646 123
1646 123
1646 123
1647 123
1647 123
1647 123
1647 123
1648 123
1648 123
1648 123
1648 123
1649 123
1649 123
1649 123
1649 123
1650 123
1650 123
1650 123
1650 123
1651 123
1651 123
1651 123
1652 123
1652 123
1652 123
1652 123
1653 123
1653 123
1653 123
1654 123
1654 123
1654 123
1654 123
1655 123
1655 123
1655 123
1655 123
1656 123
1656 123
1656 123
1656 123
1657 123
1657 123
1657 123
1657 123
1658 123
1658 123
1658 123
1659 123
1659 123
1659 123
1659 123
1660 123
1660 123
1660 123
1660 123
1661 123
1661 123
1661 123
1661 123
1662 123
1662 123
1662 123
1662 123
1663 123
1663 123
1663 123
1663 123
1664 123
1664 123
1664 123
1664 123
1665 123
1665 123
1665 123
1665 123
1665 123
1665 123
1665 123
1666 123
1666 123
1666 123
1666 123
1667 123
1667 123
1667 123
1667 123
1668 123
1668 123
1668 123
1668 123
1669 123
1669 123
1669 123
1669 123
1670 123
1670 123
1670 123
1670 123
1671 123
1671 123
1671 123
1672 123
1672 123
1672 123
1672 123
1673 123
1673 123
1673 123
1673 123
1674 123
1674 123
1674 123
1674 123
1675 123
1675 123
1675 123
1675 123
1676 123
1676 123
1676 123
1676 123
1677 123
1677 123
1677 123
1677 123
1678 123
1678 123
1678 123
1679 123
1679 123
1679 123
1680 123
1680 123
1680 123
1680 123
1681 123
1681 123
1681 123
1681 123
1682 123
1682 123
1682 123
1682 123
1683 123
1683 123
1683 123
1683 123
1684 123
1684 123
1684 123
1684 123
1684 123
1684 123
1684 123
1685 123
1685 123
1685 123
1685 123
1686 123
1686 123
1686 123
1686 123
1687 123
1687 123
1687 123
1687 123
1688 123
1688 123
1688 123
1688 123
1689 123
1689 123
1689 123
1689 123
1690 123
1690 123
1690 123
1690 123
1691 123
1691 123
1691 123
1692 123
1692 123
1692 123
1692 123
1693 123
1693 123
1693 123
1693 123
1694 123
1694 123
1694 123
1694 123
1695 123
1695 123
1695 123
1695 123
1696 123
1696 123
1696 123
1696 123
1697 123
1697 123
1697 123
1697 123
1698 123
1698 123
1698 123
1699 123
1699 123
1699 123
1699 123
1700 123
1700 123
1700 123
1701 123
1701 123
1701 123
1701 123
1702 123
1702 123
1702 123
1702 123
1703 123
1703 123
1703 123
1703 123
1704 123
1704 123
1704 123
1704 123
1704 123
1704 123
1704 123
1705 123
1705 123
1705 123
1705 123
1706 123
1706 123
1706 123
1706 123
1707 123
1707 123
1707 123
1707 123
1708 123
1708 123
1708 123
1708 123
1709 123
1709 123
1709 123
1709 123
1710 123
1710 123
1710 123
1710 123
1711 123
1711 123
1711 123
1711 123
1712 123
1712 123
1712 123
1713 123
1713 123
1713 123
1713 123
1714 123
1714 123
1714 123
1714 123
1715 123
1715 123
1715 123
1715 123
1716 123
1716 123
1716 123
1716 123
1717 123
1717 123
1717 123
1717 123
1718 123
1718 123
1718 123
1719 123
1719 123
1719 123
1719 123
1720 123
1720 123
1720 123
1720 123
1721 123
1721 123
1721 123
1722 123
1722 123
1722 123
1722 123
1723 123
1723 123
1723 123
1723 123
1724 123
1724 123
1724 123
1724 123
1725 123
1725 123
1725 123
1725 123
1726 123
1726 123
1726 123
1726 123
1727 123
1727 123
1727 123
1727 123
1728 123
1728 123
1728 123
1728 123
1729 123
1729 123
1729 123
1729 123
1730 123
1730 123
1730 123
1730 123
1731 123
1731 123
1731 123
1731 123
1732 123
1732 123
1732 123
1732 123
1733 123
1733 123
1733 123
1734 123
1734 123
1734 123
1734 123
1735 123
1735 123
1735 123
1735 123
1736 123
1736 123
1736 123
1736 123
1737 123
1737 123
1737 123
1737 123
1738 123
1738 123
1738 123
1738 123
1739 123
1739 123
1739 123
1740 123
1740 123
1740 123
1740 123
1741 123
1741 123
1741 123
1741 123
1742 123
1742 123
1742 123
1742 123
1743 123
1743 123
1743 123
1743 123
1744 123
1744 123
1744 123
1744 123
1745 123
1745 123
1745 123
1745 123
1746 123
1746 123
1746 123
1746 123
1747 123
1747 123
1747 123
1747 123
1748 123
1748 123
1748 123
1748 123
1749 123
1749 123
1749 123
1749 123
1750 123
1750 123
1750 123
1750 123
1751 123
1751 123
1751 123
1751 123
1752 123
1752 123
1752 123
1752 123
1753 123
1753 123
1753 123
1753 123
1754 123
1754 123
1754 123
1754 123
1755 123
1755 123
1755 123
1755 123
1755 123
1755 123
1756 123
1756 123
1756 123
1756 123
1757 123
1757 123
1757 123
1757 123
1758 123
1758 123
1758 123
1759 123
1759 123
1759 123
1759 123
1760 123
1760 123
1760 123
1760 123
1761 123
1761 123
1761 123
1761 123
1762 123
1762 123
1762 123
1762 123
1763 123
1763 123
1763 123
1763 123
1764 123
1764 123
1764 123
1764 123
1765 123
1765 123
1765 123
1765 123
1766 123
1766 123
1766 123
1766 123
1767 123
1767 123
1767 123
1767 123
1768 123
1768 123
1768 123
1768 123
1769 123
1769 123
1769 123
1769 123
1770 123
1770 123
1770 123
1770 123
1771 123
1771 123
1771 123
1771 123
1772 123
1772 123
1772 123
1772 123
1773 123
1773 123
1773 123
1773 123
1774 123
1774 123
1774 123
1774 123
1775 123
1775 123
1775 123
1775 123
1776 123
1776 123
1776 123
1777 123
1777 123
1777 123
1777 123
1778 123
1778 123
1778 123
1779 123
1779 123
1779 123
1779 123
1780 123
1780 123
1780 123
1780 123
1781 123
1781 123
1781 123
1781 123
1782 123
1782 123
1782 123
1782 123
1783 123
1783 123
1783 123
1783 123
1784 123
1784 123
1784 123
1784 123
1785 123
1785 123
1785 123
1785 123
1786 123
1786 123
1786 123
1786 123
1787 123
1787 123
1787 123
1787 123
1788 123
1788 123
1788 123
1788 123
1789 123
1789 123
1789 123
1789 123
1790 123
1790 123
1790 123
1790 123
1791 123
1791 123
1791 123
1791 123
1792 123
1792 123
1792 123
1792 123
1793 123
1793 123
1793 123
1793 123
1794 123
1794 123
1794 123
1794 123
1795 123
1795 123
1795 123
1795 123
1796 123
1796 123
1796 123
1796 123
1797 123
1797 123
1797 123
1797 123
1798 123
1798 123
1799 123
1799 123
1799 123
1799 123
1800 123
1800 123
1800 123
1800 123
1801 123
1801 123
1801 123
1801 123
1802 123
1802 123
1802 123
1802 123
1803 123
1803 123
1803 123
1803 123
1804 123
1804 123
1804 123
1804 123
1805 123
1805 123
1805 123
1805 123
1806 123
1806 123
1806 123
1806 123
1807 123
1807 123
1807 123
1807 123
1808 123
1808 123
1808 123
1808 123
1808 123
1808 123
1808 123
1809 123
1809 123
1809 123
1809 123
1810 123
1810 123
1810 123
1810 123
1811 123
1811 123
1811 123
1811 123
1812 123
1812 123
1812 123
1812 123
1813 123
1813 123
1813 123
1813 123
1814 123
1814 123
1814 123
1814 123
1815 123
1815 123
1815 123
1815 123
1816 123
1816 123
1816 123
1816 123
1817 123
1817 123
1817 123
1817 123
1818 123
1818 123
1818 123
1818 123
1819 123
1819 123
1819 123
1820 123
1820 123
1820 123
1820 123
1821 123
1821 123
1821 123
1821 123
1822 123
1822 123
1822 123
1822 123
1823 123
1823 123
1823 123
1823 123
1824 123
1824 123
1824 123
1824 123
1825 123
1825 123
1825 123
1825 123
1826 123
1826 123
1826 123
1826 123
1827 123
1827 123
1827 123
1827 123
1828 123
1828 123
1828 123
1828 123
1829 123
1829 123
1829 123
1829 123
1830 123
1830 123
1830 123
1830 123
1831 123
1831 123
1831 123
1832 123
1832 123
1832 123
1832 123
1833 123
1833 123
1833 123
1833 123
1834 123
1834 123
1834 123
1834 123
1835 123
1835 123
1835 123
1835 123
1836 123
1836 123
1836 123
1836 123
1837 123
1837 123
1837 123
1837 123
1838 123
1838 123
1838 123
1839 123
1839 123
1839 123
1839 123
1840 123
1840 123
1840 123
1840 123
1841 123
1841 123
1841 123
1842 123
1842 123
1842 123
1842 123
1843 123
1843 123
1843 123
1843 123
1844 123
1844 123
1844 123
1844 123
1845 123
1845 123
1845 123
1845 123
1846 123
1846 123
1846 123
1846 123
1847 123
1847 123
1847 123
1847 123
1848 123
1848 123
1848 123
1848 123
1849 123
1849 123
1849 123
1849 123
1850 123
1850 123
1850 123
1850 123
1851 123
1851 123
1851 123
1851 123
1852 123
1852 123
1852 123
1852 123
1853 123
1853 123
1853 123
1854 123
1854 123
1854 123
1854 123
1855 123
1855 123
1855 123
1855 123
1856 123
1856 123
1856 123
1856 123
1857 123
1857 123
1857 123
1857 123
1858 123
1858 123
1858 123
1858 123
1859 123
1859 123
1859 123
1859 123
1860 123
1860 123
1860 123
1860 123
1861 123
1861 123
1861 123
1862 123
1862 123
1862 123
1863 123
1863 123
1863 123
1863 123
1864 123
1864 123
1864 123
1864 123
1865 123
1865 123
1865 123
1865 123
1866 123
1866 123
1866 123
1866 123
1867 123
1867 123
1867 123
1867 123
1868 123
1868 123
1868 123
1868 123
1869 123
1869 123
1869 123
1869 123
1870 123
1870 123
1870 123
1870 123
1871 123
1871 123
1871 123
1871 123
1872 123
1872 123
1872 123
1872 123
1873 123
1873 123
1873 123
1873 123
1874 123
1874 123
1874 123
1875 123
1875 123
1875 123
1875 123
1876 123
1876 123
1876 123
1876 123
1877 123
1877 123
1877 123
1877 123
1878 123
1878 123
1878 123
1878 123
1879 123
1879 123
1879 123
1879 123
1880 123
1880 123
1880 123
1880 123
1881 123
1881 123
1881 123
1882 123
1882 123
1882 123
1882 123
1883 123
1883 123
1883 123
1883 123
1884 123
1884 123
1884 123
1884 123
1885 123
1885 123
1885 123
1885 123
1886 123
1886 123
1886 123
1886 123
1887 123
1887 123
1887 123
1887 123
1888 123
1888 123
1888 123
1888 123
1889 123
1889 123
1889 123
1889 123
1890 123
1890 123
1890 123
1891 123
1891 123
1891 123
1891 123
1892 123
1892 123
1892 123
1892 123
1893 123
1893 123
1893 123
1893 123
1894 123
1894 123
1894 123
1894 123
1895 123
1895 123
1895 123
1895 123
1896 123
1896 123
1896 123
1897 123
1897 123
1897 123
1897 123
1898 123
1898 123
1898 123
1898 123
1899 123
1899 123
1899 123
1899 123
1900 123
1900 123
1900 123
1900 123
1901 123
1901 123
1901 123
1901 123
1902 123
1902 123
1902 123
1902 123
1903 123
1903 123
1903 123
1903 123
1904 123
1904 123
1904 123
1904 123
1905 123
1905 123
1905 123
1905 123
1906 123
1906 123
1906 123
1906 123
1907 123
1907 123
1907 123
1907 123
1908 123
1908 123
1908 123
1908 123
1909 123
1909 123
1909 123
1909 123
1910 123
1910 123
1910 123
1910 123
1911 123
1911 123
1911 123
1911 123
1912 123
1912 123
1912 123
1912 123
1913 123
1913 123
1913 123
1913 123
1914 123
1914 123
1914 123
1914 123
1915 123
1915 123
1915 123
1915 123
1916 123
1916 123
1916 123
1916 123
1917 123
1917 123
1917 123
1917 123
1918 123
1918 123
1918 123
1918 123
1919 123
1919 123
1919 123
1920 123
1920 123
1920 123
1920 123
1921 123
1921 123
1921 123
1921 123
1922 123
1922 123
1922 123
1922 123
1923 123
1923 123
1923 123
1923 123
1924 123
1924 123
1924 123
1924 123
1925 123
1925 123
1925 123
1925 123
1926 123
1926 123
1926 123
1926 123
1927 123
1927 123
1927 123
1927 123
1928 123
1928 123
1928 123
1928 123
1929 123
1929 123
1929 123
1929 123
1930 123
1930 123
1930 123
1930 123
1931 123
1931 123
1931 123
1931 123
1932 123
1932 123
1932 123
1932 123
1933 123
1933 123
1933 123
1933 123
1934 123
1934 123
1934 123
1935 123
1935 123
1935 123
1935 123
1936 123
1936 123
1936 123
1936 123
1937 123
1937 123
1937 123
1937 123
1938 123
1938 123
1938 123
1938 123
1939 123
1939 123
1939 123
1939 123
1939 123
1939 123
1939 123
1940 123
1940 123
1941 123
1941 123
1941 123
1941 123
1942 123
1942 123
1942 123
1942 123
1943 123
1943 123
1943 123
1943 123
1944 123
1944 123
1944 123
1944 123
1945 123
1945 123
1945 123
1945 123
1946 123
1946 123
1946 123
1946 123
1947 123
1947 123
1947 123
1947 123
1948 123
1948 123
1948 123
1948 123
1949 123
1949 123
1949 123
1949 123
1950 123
1950 123
1950 123
1950 123
1951 123
1951 123
1951 123
1951 123
1952 123
1952 123
1952 123
1952 123
1953 123
1953 123
1953 123
1953 123
1954 123
1954 123
1954 123
1954 123
1955 123
1955 123
1955 123
1955 123
1956 123
1956 123
1956 123
1956 123
1957 123
1957 123
1957 123
1957 123
1958 123
1958 123
1958 123
1958 123
1959 123
1959 123
1959 123
1959 123
1960 123
1960 123
1960 123
1960 123
1960 123
1960 123
1960 123
1961 123
1961 123
1961 123
1962 123
1962 123
1962 123
1962 123
1963 123
1963 123
1963 123
1963 123
1964 123
1964 123
1964 123
1964 123
1965 123
1965 123
1965 123
1965 123
1966 123
1966 123
1966 123
1966 123
1967 123
1967 123
1967 123
1967 123
1968 123
1968 123
1968 123
1968 123
1969 123
1969 123
1969 123
1969 123
1970 123
1970 123
1970 123
1971 123
1971 123
1971 123
1971 123
1972 123
1972 123
1972 123
1972 123
1973 123
1973 123
1973 123
1973 123
1974 123
1974 123
1974 123
1974 123
1975 123
1975 123
1975 123
1975 123
1976 123
1976 123
1976 123
1976 123
1977 123
1977 123
1977 123
1977 123
1978 123
1978 123
1978 123
1978 123
1979 123
1979 123
1979 123
1979 123
1980 123
1980 123
1980 123
1980 123
1981 123
1981 123
1981 123
1981 123
1982 123
1982 123
1982 123
1982 123
1982 123
1982 123
1983 123
1983 123
1983 123
1983 123
1984 123
1984 123
1984 123
1984 123
1985 123
1985 123
1985 123
1985 123
1986 123
1986 123
1986 123
1986 123
1987 123
1987 123
1987 123
1987 123
1988 123
1988 123
1988 123
1988 123
1989 123
1989 123
1989 123
1989 123
1990 123
1990 123
1990 123
1990 123
1991 123
1991 123
1991 123
1991 123
1992 123
1992 123
1992 123
1992 123
1993 123
1993 123
1993 123
1993 123
1994 123
1994 123
1994 123
1995 123
1995 123
1995 123
1995 123
1996 123
1996 123
1996 123
1996 123
1997 123
1997 123
1997 123
1997 123
1998 123
1998 123
1998 123
1998 123
1999 123
1999 123
1999 123
1999 123
2000 123
2000 123
2000 123
2000 123
2001 123
2001 123
2001 123
2001 123
2002 123
2002 123
2002 123
2002 123
2003 123
2003 123
2003 123
2003 123
2003 123
2003 123
2004 123
2004 123
2004 123
2004 123
2005 123
2005 123
2005 123
2005 123
2006 123
2006 123
2006 123
2006 123
2007 123
2007 123
2007 123
2007 123
2008 123
2008 123
2008 123
2008 123
2009 123
2009 123
2009 123
2009 123
2010 123
2010 123
2010 123
2010 123
2011 123
2011 123
2011 123
2011 123
2012 123
2012 123
2012 123
2012 123
2013 123
2013 123
2013 123
2013 123
2014 123
2014 123
2014 123
2014 123
2015 123
2015 123
2015 123
2015 123
2016 123
2016 123
2016 123
2016 123
2017 123
2017 123
2017 123
2017 123
2018 123
2018 123
2018 123
2018 123
2019 123
2019 123
2019 123
2019 123
2020 123
2020 123
2020 123
2020 123
2021 123
2021 123
2021 123
2022 123
2022 123
2022 123
2022 123
2023 123
2023 123
2023 123
2023 123
2024 123
2024 123
2024 123
2024 123
2024 123
2024 123
2025 123
2025 123
2025 123
2025 123
2026 123
2026 123
2026 123
2026 123
2027 123
2027 123
2027 123
2027 123
2028 123
2028 123
2028 123
2028 123
2029 123
2029 123
2029 123
2029 123
2030 123
2030 123
2030 123
2030 123
2031 123
2031 123
2031 123
2031 123
2032 123
2032 123
2032 123
2033 123
2033 123
2033 123
2033 123
2034 123
2034 123
2034 123
2034 123
2035 123
2035 123
2035 123
2035 123
2036 123
2036 123
2036 123
2036 123
2037 123
2037 123
2037 123
2037 123
2038 123
2038 123
2038 123
2038 123
2039 123
2039 123
2039 123
2039 123
2040 123
2040 123
2040 123
2040 123
2041 123
2041 123
2041 123
2041 123
2042 123
2042 123
2042 123
2042 123
2043 123
2043 123
2043 123
2044 123
2044 123
2044 123
2044 123
2045 123
2045 123
2045 123
2046 123
2046 123
2046 123
2046 123
2047 123
2047 123
2047 123
2047 123
2048 123
2048 123
2048 123
2048 123
2049 123
2049 123
2049 123
2049 123
2050 123
2050 123
2050 123
2050 123
2051 123
2051 123
2051 123
2051 123
2052 123
2052 123
2052 123
2052 123
2053 123
2053 123
2053 123
2054 123
2054 123
2054 123
2054 123
2055 123
2055 123
2055 123
2055 123
2056 123
2056 123
2056 123
2056 123
2057 123
2057 123
2057 123
2057 123
2058 123
2058 123
2058 123
2058 123
2059 123
2059 123
2059 123
2059 123
2060 123
2060 123
2060 123
2060 123
2061 123
2061 123
2061 123
2061 123
2062 123
2062 123
2062 123
2062 123
2063 123
2063 123
2063 123
2063 123
2064 123
2064 123
2064 123
2064 123
2065 123
2065 123
2065 123
2065 123
2066 123
2066 123
2066 123
2066 123
2067 123
2067 123
2067 123
2068 123
2068 123
2068 123
2068 123
2069 123
2069 123
2069 123
2069 123
2070 123
2070 123
2070 123
2070 123
2071 123
2071 123
2071 123
2071 123
2072 123
2072 123
2072 123
2073 123
2073 123
2073 123
2073 123
2074 123
2074 123
2074 123
2074 123
2075 123
2075 123
2075 123
2075 123
2076 123
2076 123
2076 123
2076 123
2077 123
2077 123
2077 123
2077 123
2078 123
2078 123
2078 123
2078 123
2079 123
2079 123
2079 123
2079 123
2080 123
2080 123
2080 123
2080 123
2081 123
2081 123
2081 123
2081 123
2082 123
2082 123
2082 123
2082 123
2083 123
2083 123
2083 123
2083 123
2084 123
2084 123
2084 123
2084 123
2084 123
2084 123
2084 123
2085 123
2085 123
2085 123
2085 123
2086 123
2086 123
2086 123
2086 123
2087 123
2087 123
2087 123
2087 123
2088 123
2088 123
2088 123
2089 123
2089 123
2089 123
2089 123
2090 123
2090 123
2090 123
2090 123
2091 123
2091 123
2091 123
2091 123
2092 123
2092 123
2092 123
2093 123
2093 123
2093 123
2093 123
2094 123
2094 123
2094 123
2094 123
2095 123
2095 123
2095 123
2095 123
2096 123
2096 123
2096 123
2096 123
2097 123
2097 123
2097 123
2097 123
2098 123
2098 123
2098 123
2098 123
2099 123
2099 123
2099 123
2099 123
2100 123
2100 123
2100 123
2100 123
2101 123
2101 123
2101 123
2101 123
2102 123
2102 123
2102 123
2102 123
2103 123
2103 123
2103 123
2103 123
2104 123
2104 123
2104 123
2104 123
2104 123
2104 123
2104 123
2105 123
2105 123
2105 123
2105 123
2106 123
2106 123
2106 123
2107 123
2107 123
2107 123
2107 123
2108 123
2108 123
2108 123
2109 123
2109 123
2109 123
2109 123
2110 123
2110 123
2110 123
2110 123
2111 123
2111 123
2111 123
2111 123
2112 123
2112 123
2112 123
2112 123
2113 123
2113 123
2113 123
2114 123
2114 123
2114 123
2114 123
2115 123
2115 123
2115 123
2115 123
2116 123
2116 123
2116 123
2116 123
2117 123
2117 123
2117 123
2117 123
2118 123
2118 123
2118 123
2118 123
2119 123
2119 123
2119 123
2119 123
2120 123
2120 123
2120 123
2120 123
2121 123
2121 123
2121 123
2121 123
2122 123
2122 123
2122 123
2122 123
2123 123
2123 123
2123 123
2123 123
2124 123
2124 123
2124 123
2124 123
2124 123
2124 123
2124 123
2125 123
2125 123
2125 123
2125 123
2126 123
2126 123
2126 123
2127 123
2127 123
2127 123
2127 123
2128 123
2128 123
2128 123
2128 123
2129 123
2129 123
2129 123
2130 123
2130 123
2130 123
2130 123
2131 123
2131 123
2131 123
2131 123
2132 123
2132 123
2132 123
2132 123
2133 123
2133 123
2133 123
2134 123
2134 123
2134 123
2134 123
2135 123
2135 123
2135 123
2135 123
2136 123
2136 123
2136 123
2136 123
2137 123
2137 123
2137 123
2137 123
2138 123
2138 123
2138 123
2138 123
2139 123
2139 123
2139 123
2139 123
2140 123
2140 123
2140 123
2140 123
2141 123
2141 123
2141 123
2141 123
2142 123
2142 123
2142 123
2142 123
2143 123
2143 123
2143 123
2143 123
2144 123
2144 123
2144 123
2144 123
2145 123
2145 123
2145 123
2145 123
2146 123
2146 123
2146 123
2146 123
2147 123
2147 123
2147 123
2147 123
2147 123
2147 123
2148 123
2148 123
2148 123
2148 123
2149 123
2149 123
2149 123
2149 123
2150 123
2150 123
2150 123
2150 123
2151 123
2151 123
2151 123
2152 123
2152 123
2152 123
2152 123
2153 123
2153 123
2153 123
2154 123
2154 123
2154 123
2154 123
2155 123
2155 123
2155 123
2155 123
2156 123
2156 123
2156 123
2156 123
2157 123
2157 123
2157 123
2157 123
2158 123
2158 123
2158 123
2158 123
2159 123
2159 123
2159 123
2159 123
2160 123
2160 123
2160 123
2160 123
2161 123
2161 123
2161 123
2161 123
2162 123
2162 123
2162 123
2162 123
2163 123
2163 123
2163 123
2163 123
2164 123
2164 123
2164 123
2164 123
2165 123
2165 123
2165 123
2165 123
2166 123
2166 123
2166 123
2166 123
2167 123
2167 123
2167 123
2167 123
2168 123
2168 123
2168 123
2168 123
2168 123
2168 123
2169 123
2169 123
2169 123
2169 123
2170 123
2170 123
2170 123
2170 123
2171 123
2171 123
2171 123
2172 123
2172 123
2172 123
2172 123
2173 123
2173 123
2173 123
2173 123
2174 123
2174 123
2174 123
2175 123
2175 123
2175 123
2175 123
2176 123
2176 123
2176 123
2176 123
2177 123
2177 123
2177 123
2177 123
2178 123
2178 123
2178 123
2178 123
2179 123
2179 123
2179 123
2179 123
2180 123
2180 123
2180 123
2180 123
2181 123
2181 123
2181 123
2181 123
2182 123
2182 123
2182 123
2182 123
2183 123
2183 123
2183 123
2183 123
2184 123
2184 123
2184 123
2184 123
2185 123
2185 123
2185 123
2185 123
2186 123
2186 123
2186 123
2186 123
2187 123
2187 123
2187 123
2187 123
2188 123
2188 123
2188 123
2189 123
2189 123
2189 123
2189 123
2190 123
2190 123
2190 123
2190 123
2191 123
2191 123
2191 123
2192 123
2192 123
2192 123
2192 123
2193 123
2193 123
2193 123
2193 123
2194 123
2194 123
2194 123
2194 123
2195 123
2195 123
2195 123
2195 123
2196 123
2196 123
2196 123
2196 123
2197 123
2197 123
2197 123
2197 123
2198 123
2198 123
2198 123
2198 123
2199 123
2199 123
2199 123
2200 123
2200 123
2200 123
2200 123
2201 123
2201 123
2201 123
2201 123
2202 123
2202 123
2202 123
2202 123
2203 123
2203 123
2203 123
2203 123
2204 123
2204 123
2204 123
2204 123
2205 123
2205 123
2205 123
2205 123
2206 123
2206 123
2206 123
2206 123
2207 123
2207 123
2207 123
2207 123
2208 123
2208 123
2208 123
2208 123
2209 123
2209 123
2209 123
2209 123
2210 123
2210 123
2210 123
2211 123
2211 123
2211 123
2211 123
2211 123
2211 123
2211 123
2212 123
2212 123
2212 123
2212 123
2213 123
2213 123
2213 123
2213 123
2214 123
2214 123
2214 123
2214 123
2215 123
2215 123
2215 123
2215 123
2216 123
2216 123
2216 123
2216 123
2217 123
2217 123
2217 123
2217 123
2218 123
2218 123
2218 123
2218 123
2219 123
2219 123
2219 123
2219 123
2220 123
2220 123
2220 123
2220 123
2221 123
2221 123
2221 123
2221 123
2222 123
2222 123
2222 123
2222 123
2223 123
2223 123
2223 123
2223 123
2224 123
2224 123
2224 123
2224 123
2225 123
2225 123
2225 123
2225 123
2226 123
2226 123
2226 123
2226 123
2227 123
2227 123
2227 123
2227 123
2228 123
2228 123
2228 123
2228 123
2229 123
2229 123
2229 123
2229 123
2230 123
2230 123
2230 123
2231 123
2231 123
2231 123
2231 123
2232 123
2232 123
2232 123
2233 123
2233 123
2233 123
2234 123
2234 123
2234 123
2234 123
2235 123
2235 123
2235 123
2235 123
2236 123
2236 123
2236 123
2236 123
2237 123
2237 123
2237 123
2237 123
2238 123
2238 123
2238 123
2238 123
2239 123
2239 123
2239 123
2239 123
2240 123
2240 123
2240 123
2240 123
2241 123
2241 123
2241 123
2241 123
2242 123
2242 123
2242 123
2242 123
2243 123
2243 123
2243 123
2243 123
2244 123
2244 123
2244 123
2244 123
2245 123
2245 123
2245 123
2245 123
2246 123
2246 123
2246 123
2246 123
2247 123
2247 123
2247 123
2247 123
2248 123
2248 123
2248 123
2248 123
2249 123
2249 123
2249 123
2249 123
2250 123
2250 123
2250 123
2250 123
2251 123
2251 123
2251 123
2251 123
2252 123
2252 123
2252 123
2253 123
2253 123
2253 123
2253 123
2254 123
2254 123
2254 123
2254 123
2255 123
2255 123
2255 123
2256 123
2256 123
2256 123
2257 123
2257 123
2257 123
2257 123
2258 123
2258 123
2258 123
2258 123
2259 123
2259 123
2259 123
2259 123
2260 123
2260 123
2260 123
2260 123
2261 123
2261 123
2261 123
2261 123
2262 123
2262 123
2262 123
2262 123
2263 123
2263 123
2263 123
2263 123
2264 123
2264 123
2264 123
2264 123
2265 123
2265 123
2265 123
2265 123
2266 123
2266 123
2266 123
2266 123
2267 123
2267 123
2267 123
2267 123
2268 123
2268 123
2268 123
2268 123
2269 123
2269 123
2269 123
2269 123
2270 123
2270 123
2270 123
2270 123
2271 123
2271 123
2271 123
2271 123
2272 123
2272 123
2272 123
2272 123
2273 123
2273 123
2273 123
2273 123
2274 123
2274 123
2274 123
2274 123
2275 123
2275 123
2275 123
2275 123
2276 123
2276 123
2276 123
2276 123
2277 123
2277 123
2277 123
2278 123
2278 123
2278 123
2278 123
2279 123
2279 123
2279 123
2279 123
2280 123
2280 123
2280 123
2280 123
2281 123
2281 123
2281 123
2281 123
2282 123
2282 123
2282 123
2282 123
2283 123
2283 123
2283 123
2283 123
2284 123
2284 123
2284 123
2285 123
2285 123
2285 123
2285 123
2286 123
2286 123
2286 123
2286 123
2287 123
2287 123
2287 123
2287 123
2288 123
2288 123
2288 123
2288 123
2289 123
2289 123
2289 123
2289 123
2290 123
2290 123
2290 123
2290 123
2291 123
2291 123
2291 123
2291 123
2292 123
2292 123
2292 123
2292 123
2293 123
2293 123
2293 123
2293 123
2294 123
2294 123
2294 123
2294 123
2295 123
2295 123
2295 123
2295 123
2296 123
2296 123
2296 123
2296 123
2297 123
2297 123
2297 123
2297 123
2298 123
2298 123
2298 123
2298 123
2299 123
2299 123
2299 123
2300 123
2300 123
2300 123
2300 123
2301 123
2301 123
2301 123
2301 123
2302 123
2302 123
2302 123
2302 123
2303 123
2303 123
2303 123
2303 123
2304 123
2304 123
2304 123
2304 123
2305 123
2305 123
2305 123
2305 123
2306 123
2306 123
2306 123
2306 123
2307 123
2307 123
2307 123
2307 123
2308 123
2308 123
2308 123
2308 123
2309 123
2309 123
2309 123
2309 123
2310 123
2310 123
2310 123
2310 123
2311 123
2311 123
2311 123
2312 123
2312 123
2312 123
2312 123
2313 123
2313 123
2313 123
2313 123
2314 123
2314 123
2314 123
2314 123
2315 123
2315 123
2315 123
2315 123
2316 123
2316 123
2316 123
2316 123
2317 123
2317 123
2317 123
2317 123
2318 123
2318 123
2318 123
2318 123
2319 123
2319 123
2319 123
2319 123
2320 123
2320 123
2320 123
2320 123
2321 123
2321 123
2321 123
2322 123
2322 123
2322 123
2322 123
2323 123
2323 123
2323 123
2323 123
2324 123
2324 123
2324 123
2324 123
2325 123
2325 123
2325 123
2325 123
2326 123
2326 123
2326 123
2326 123
2327 123
2327 123
2327 123
2327 123
2328 123
2328 123
2328 123
2328 123
2329 123
2329 123
2329 123
2329 123
2330 123
2330 123
2330 123
2330 123
2331 123
2331 123
2331 123
2331 123
2332 123
2332 123
2332 123
2332 123
2333 123
2333 123
2333 123
2333 123
2334 123
2334 123
2334 123
2334 123
2335 123
2335 123
2335 123
2335 123
2336 123
2336 123
2336 123
2336 123
2337 123
2337 123
2337 123
2337 123
2338 123
2338 123
2338 123
2338 123
2339 123
2339 123
2339 123
2339 123
2340 123
2340 123
2340 123
2341 123
2341 123
2341 123
2341 123
2342 123
2342 123
2342 123
2342 123
2343 123
2343 123
2343 123
2344 123
2344 123
2344 123
2344 123
2344 123
2344 123
2344 123
2345 123
2345 123
2345 123
2345 123
2346 123
2346 123
2346 123
2346 123
2347 123
2347 123
2347 123
2347 123
2348 123
2348 123
2348 123
2348 123
2349 123
2349 123
2349 123
2349 123
2350 123
2350 123
2350 123
2350 123
2351 123
2351 123
2351 123
2351 123
2352 123
2352 123
2352 123
2352 123
2353 123
2353 123
2353 123
2353 123
2354 123
2354 123
2354 123
2354 123
2355 123
2355 123
2355 123
2355 123
2356 123
2356 123
2356 123
2356 123
2357 123
2357 123
2357 123
2357 123
2358 123
2358 123
2358 123
2358 123
2359 123
2359 123
2359 123
2359 123
2360 123
2360 123
2360 123
2360 123
2361 123
2361 123
2361 123
2361 123
2362 123
2362 123
2362 123
2363 123
2363 123
2363 123
2364 123
2364 123
2364 123
2364 123
2365 123
2365 123
2365 123
2365 123
2366 123
2366 123
2366 123
2366 123
2367 123
2367 123
2367 123
2367 123
2368 123
2368 123
2368 123
2368 123
2369 123
2369 123
2369 123
2369 123
2370 123
2370 123
2370 123
2370 123
2371 123
2371 123
2371 123
2371 123
2372 123
2372 123
2372 123
2373 123
2373 123
2373 123
2373 123
2374 123
2374 123
2374 123
2374 123
2375 123
2375 123
2375 140
2375 140