
0 0
0 0
0 0
1 0
1 0
1 0
1 0
2 0
2 0
2 0
2 0
3 0
3 0
3 0
3 0
4 0
4 0
4 0
4 0
5 0
5 0
5 1
5 1
6 1
6 1
6 1
6 1
7 1
7 1
7 1
7 1
8 1
8 1
8 1
8 1
9 1
9 1
9 1
9 1
10 1
10 1
10 1
10 1
11 1
11 1
11 1
11 1
12 1
12 1
12 1
12 1
13 1
13 1
13 1
13 1
14 1
14 1
14 1
14 1
15 1
15 1
15 1
15 1
16 1
16 1
16 1
16 1
17 1
17 1
17 1
17 1
18 1
18 1
18 1
18 1
19 1
19 1
19 1
19 1
20 1
20 1
20 1
20 1
21 1
21 1
21 1
21 1
22 1
22 1
22 1
22 1
23 1
23 1
23 1
23 1
24 1
24 1
24 1
24 1
25 1
25 1
25 1
25 1
26 1
26 1
26 1
26 1
27 1
27 1
27 1
27 1
28 1
28 1
28 1
28 1
29 1
29 1
29 1
29 1
30 1
30 1
30 1
30 1
31 1
31 1
31 1
31 1
32 1
32 1
32 1
32 1
33 1
33 1
33 1
33 1
34 1
34 1
34 1
34 1
35 1
35 1
35 1
35 1
36 1
36 1
36 1
36 1
37 1
37 1
37 1
37 1
38 1
38 1
38 1
38 1
39 1
39 1
39 1
39 1
40 1
40 1
40 1
40 1
41 1
41 1
41 1
41 1
42 1
42 1
42 1
42 1
43 1
43 1
43 1
43 1
44 1
44 1
44 1
44 1
45 1
45 1
45 1
45 1
46 1
46 1
46 1
46 1
47 1
47 1
47 1
47 1
48 1
48 1
48 1
48 1
49 1
49 1
49 1
49 1
50 1
50 1
50 1
50 1
51 1
51 1
51 1
51 1
52 1
52 1
52 1
52 11
53 11
53 11
53 11
53 11
54 11
54 11
54 11
54 11
55 11
55 11
55 11
55 11
56 11
56 11
56 11
56 11
57 11
57 11
57 11
57 11
58 11
58 11
58 11
58 11
59 11
59 11
59 11
59 11
60 11
60 11
60 11
60 11
61 11
61 11
61 11
61 11
62 11
62 11
62 11
62 11
63 11
63 11
63 11
63 11
64 11
64 11
64 11
64 11
65 11
65 11
65 11
65 11
66 11
66 11
66 11
66 11
67 11
67 11
67 11
67 11
68 11
68 11
68 11
68 11
69 11
69 11
69 11
69 11
70 11
70 11
70 11
70 11
71 11
71 11
71 11
71 11
72 11
72 11
72 11
72 11
73 11
73 11
73 11
73 11
74 11
74 11
74 11
74 11
75 11
75 11
75 11
75 11
76 11
76 11
76 11
76 11
77 11
77 11
77 11
77 11
78 11
78 11
78 11
78 11
79 11
79 11
79 11
79 11
80 11
80 11
80 11
80 11
81 11
81 11
81 11
81 11
82 11
82 11
82 11
82 11
83 11
83 11
83 11
83 11
84 11
84 11
84 11
84 11
85 11
85 11
85 11
85 11
86 11
86 11
86 11
86 11
87 11
87 11
87 11
87 11
88 11
88 11
88 11
88 11
89 11
89 11
89 11
89 11
90 11
90 11
90 11
90 11
91 11
91 11
91 11
91 11
92 11
92 11
92 11
92 11
93 11
93 11
93 11
93 11
94 11
94 11
94 11
94 11
95 11
95 11
95 11
95 11
96 11
96 11
96 11
96 11
97 12
97 12
97 12
97 12
98 12
98 12
98 12
98 12
99 12
99 12
99 12
99 12
100 12
100 12
100 12
100 12
101 12
101 12
101 12
101 12
102 12
102 12
102 12
102 12
103 12
103 12
103 12
103 12
104 12
104 12
104 12
104 12
105 12
105 12
105 12
105 12
106 12
106 12
106 12
106 12
107 12
107 12
107 12
107 12
108 12
108 12
108 12
108 12
109 12
109 12
109 12
109 12
110 12
110 12
110 12
110 12
111 12
111 12
111 12
111 12
112 12
112 12
112 12
112 12
113 12
113 12
113 12
113 12
114 12
114 12
114 12
114 12
115 12
115 12
115 12
115 12
116 12
116 12
116 12
116 12
117 12
117 12
117 12
117 12
118 12
118 12
118 12
118 12
119 12
119 12
119 12
119 12
120 12
120 12
120 12
120 12
121 12
121 12
121 12
121 12
122 12
122 12
122 12
122 12
123 12
123 12
123 12
123 12
124 12
124 12
124 12
124 12
125 12
125 12
125 12
125 12
126 12
126 12
126 12
126 12
127 12
127 12
127 12
127 12
128 12
128 12
128 12
128 12
129 12
129 12
129 12
129 12
130 12
130 12
130 12
130 12
131 12
131 12
131 12
131 12
132 12
132 12
132 12
132 12
133 12
133 12
133 12
133 12
134 12
134 12
134 12
134 12
135 12
135 12
135 12
135 12
136 12
136 12
136 12
136 12
137 12
137 12
137 12
137 12
138 12
138 12
138 12
138 12
139 12
139 12
139 12
139 12
140 12
140 12
140 12
140 12
141 12
141 12
141 12
141 12
142 12
142 12
142 12
142 12
143 12
143 12
143 12
143 12
144 12
144 12
144 12
144 12
145 12
145 12
145 12
145 12
146 12
146 12
146 12
146 12
147 12
147 12
147 12
147 12
148 12
148 12
148 12
148 12
149 12
149 12
149 12
149 12
150 12
150 12
150 12
150 12
151 12
151 12
151 12
151 12
152 12
152 12
152 12
152 12
153 12
153 12
153 12
153 12
154 12
154 13
154 13
154 13
155 13
155 13
155 13
155 13
156 13
156 13
156 13
156 13
157 13
157 13
157 13
157 13
158 13
158 13
158 13
158 13
159 13
159 13
159 13
159 13
160 13
160 13
160 13
160 13
161 13
161 13
161 13
161 13
162 13
162 13
162 13
162 13
163 13
163 13
163 13
163 13
164 13
164 13
164 13
164 13
165 13
165 13
165 13
165 13
166 13
166 13
166 13
166 13
167 13
167 13
167 46
167 46
168 46
168 46
168 46
168 46
169 46
169 46
169 46
169 46
170 46
170 46
170 46
170 46
171 46
171 46
171 46
171 46
172 46
172 46
172 46
172 46
173 46
173 46
173 46
173 46
174 46
174 46
174 46
174 46
175 46
175 46
175 46
175 46
176 46
176 46
176 46
176 46
177 46
177 46
177 46
177 46
178 46
178 46
178 46
178 46
179 46
179 46
179 46
179 46
180 46
180 46
180 46
180 46
181 46
181 46
181 46
181 46
182 46
182 46
182 46
182 46
183 46
183 46
183 46
183 46
184 46
184 46
184 46
184 46
185 46
185 46
185 46
185 46
186 46
186 46
186 46
186 46
187 46
187 46
187 46
187 46
188 46
188 46
188 46
188 46
189 46
189 46
189 46
189 46
190 46
190 46
190 46
190 46
191 46
191 46
191 46
191 46
192 46
192 46
192 46
192 46
193 46
193 46
193 46
193 46
194 46
194 46
194 46
194 66
195 66
195 66
195 66
195 66
196 66
196 66
196 66
196 66
197 66
197 66
197 66
197 66
198 66
198 66
198 66
198 66
199 66
199 66
199 66
199 66
200 66
200 66
200 66
200 66
201 66
201 66
201 66
201 66
202 66
202 66
202 66
202 66
203 66
203 66
203 66
203 66
204 66
204 66
204 66
204 66
205 66
205 66
205 66
205 66
206 66
206 66
206 66
206 66
207 66
207 66
207 66
207 66
208 66
208 66
208 66
208 66
209 66
209 66
209 66
209 66
210 66
210 66
210 66
210 66
211 66
211 66
211 66
211 66
212 66
212 66
212 66
212 66
213 66
213 66
213 66
213 66
214 66
214 66
214 66
214 66
215 66
215 66
215 66
215 66
216 66
216 66
216 66
216 66
217 66
217 66
217 66
217 66
218 66
218 66
218 66
218 66
219 66
219 66
219 66
219 66
220 66
220 66
220 66
220 66
221 66
221 66
221 66
221 66
222 66
222 66
222 66
222 66
223 66
223 66
223 66
223 66
224 66
224 66
224 66
224 66
225 66
225 66
225 66
225 66
226 66
226 66
226 66
226 66
227 66
227 66
227 66
227 66
228 66
228 66
228 66
228 66
229 66
229 66
229 66
229 66
230 66
230 66
230 66
230 66
231 66
231 66
231 66
231 66
232 66
232 66
232 66
232 66
233 66
233 66
233 66
233 66
234 66
234 66
234 66
234 66
235 66
235 66
235 66
235 66
236 66
236 66
236 66
236 66
237 66
237 66
237 66
237 66
238 66
238 66
238 66
238 66
239 66
239 66
239 66
239 66
240 66
240 66
240 66
240 66
241 66
241 66
241 66
241 66
241 66
241 66
241 66
242 66
242 66
242 66
242 66
243 66
243 66
243 66
243 66
244 66
244 66
244 66
245 66
245 66
245 66
245 66
246 66
246 66
246 66
246 66
247 66
247 66
247 66
247 66
248 66
248 66
248 66
248 66
249 66
249 66
249 66
249 66
250 66
250 66
250 66
250 66
251 66
251 66
251 66
251 66
252 66
252 66
252 66
252 66
253 66
253 66
253 66
253 66
254 66
254 66
254 66
254 66
255 66
255 66
255 66
255 66
256 66
256 66
256 66
256 66
257 66
257 66
257 66
257 66
258 66
258 66
258 66
258 66
259 66
259 66
259 66
259 66
260 66
260 66
260 66
261 66
261 66
261 66
261 66
262 66
262 66
262 66
262 66
263 66
263 66
263 66
263 66
264 66
264 66
264 66
264 66
265 66
265 66
265 66
265 66
266 66
266 66
266 66
266 66
267 66
267 66
267 66
267 66
268 66
268 66
268 66
268 66
269 66
269 66
269 66
269 66
270 66
270 66
270 66
270 66
271 66
271 66
271 66
272 66
272 66
272 66
272 66
273 66
273 66
273 66
273 66
274 66
274 66
274 66
274 66
275 66
275 66
275 66
275 66
276 66
276 66
276 66
276 66
277 66
277 66
277 66
277 66
278 66
278 66
278 66
278 66
279 66
279 66
279 66
279 66
280 66
280 66
280 66
280 66
281 66
281 66
281 66
281 66
282 66
282 66
282 66
282 66
283 66
283 66
283 66
283 66
284 66
284 66
284 66
284 66
285 66
285 66
285 66
285 66
286 66
286 66
286 66
286 66
287 66
287 66
287 66
287 66
288 66
288 66
288 66
288 66
289 66
289 66
289 66
289 66
290 66
290 66
290 66
290 66
291 66
291 66
291 66
291 66
292 66
292 66
292 66
292 66
293 66
293 66
293 66
293 66
294 66
294 66
294 66
294 66
295 66
295 66
295 66
295 66
296 66
296 66
296 66
296 66
297 66
297 66
297 66
297 66
298 66
298 66
298 66
298 66
299 66
299 66
299 66
299 66
300 66
300 66
300 66
300 66
301 66
301 66
301 66
301 66
302 66
302 66
302 66
302 66
303 66
303 66
303 66
303 66
304 66
304 66
304 66
304 66
305 66
305 66
305 66
305 66
306 66
306 66
306 66
306 66
307 66
307 66
307 66
307 66
308 66
308 66
308 66
308 66
309 66
309 66
309 66
309 66
310 66
310 66
310 66
310 66
311 66
311 66
311 66
311 66
312 66
312 66
312 66
312 66
313 66
313 66
313 66
313 66
314 66
314 66
314 66
314 66
315 66
315 66
315 66
315 66
316 66
316 66
316 66
316 66
317 66
317 66
317 66
317 66
318 66
318 66
318 66
318 66
319 66
319 66
319 66
319 66
320 66
320 66
320 66
320 66
321 66
321 66
321 66
321 66
322 66
322 66
322 66
322 66
323 66
323 66
323 66
323 66
324 66
324 66
324 66
324 66
325 66
325 66
325 66
325 66
326 66
326 66
326 66
326 66
327 66
327 66
327 66
327 66
328 66
328 66
328 66
328 66
329 66
329 66
329 66
329 66
330 66
330 66
330 66
330 66
331 66
331 66
331 66
331 67
332 67
332 67
332 67
332 67
333 67
333 67
333 67
333 67
334 67
334 67
334 67
334 67
335 67
335 67
335 67
335 67
336 67
336 67
336 67
336 67
337 67
337 67
337 67
337 67
338 67
338 67
338 67
338 67
339 67
339 67
339 67
339 67
340 67
340 67
340 67
340 67
341 67
341 67
341 67
341 67
342 67
342 67
342 67
342 67
343 67
343 67
343 67
343 67
344 67
344 67
344 67
344 67
345 67
345 67
345 67
345 67
346 67
346 67
346 67
346 67
347 67
347 67
347 67
347 67
348 67
348 67
348 67
348 67
349 67
349 67
349 67
349 67
350 67
350 67
350 67
350 67
351 67
351 67
351 67
351 67
352 67
352 67
352 67
352 67
353 67
353 67
353 67
353 67
354 67
354 67
354 67
354 67
355 67
355 67
355 67
355 67
356 67
356 67
356 67
356 67
357 67
357 67
357 67
357 67
358 67
358 67
358 67
358 67
359 67
359 67
359 67
359 67
360 67
360 67
360 67
360 67
361 67
361 67
361 67
361 67
362 67
362 67
362 67
362 67
363 67
363 67
363 67
363 67
364 67
364 67
364 67
364 67
365 67
365 67
365 67
365 67
366 67
366 67
366 67
366 67
367 67
367 67
367 67
367 67
368 67
368 67
368 67
368 67
369 67
369 67
369 67
369 67
370 67
370 67
370 67
370 67
371 67
371 67
371 67
371 67
372 67
372 67
372 67
372 67
373 67
373 67
373 67
373 67
374 67
374 67
374 67
374 67
375 67
375 67
375 67
375 67
376 67
376 67
376 67
376 67
377 67
377 67
377 67
377 67
378 67
378 67
378 67
378 67
379 67
379 67
379 67
379 67
380 67
380 67
380 67
380 67
381 67
381 67
381 67
381 67
382 67
382 67
382 67
382 67
383 67
383 67
383 67
383 67
384 67
384 67
384 67
384 67
385 67
385 67
385 67
385 67
386 67
386 67
386 67
386 67
387 67
387 67
387 67
387 67
388 67
388 67
388 67
388 67
389 67
389 67
389 67
389 67
390 67
390 67
390 67
390 67
391 67
391 67
391 67
391 67
392 67
392 67
392 67
392 67
393 67
393 67
393 67
393 67
394 67
394 67
394 67
394 67
395 67
395 67
395 67
395 67
396 67
396 67
396 67
396 67
397 67
397 67
397 67
397 67
398 67
398 67
398 67
398 67
399 67
399 67
399 67
399 67
400 67
400 67
400 67
400 67
401 67
401 67
401 67
401 67
402 67
402 67
402 67
402 67
403 67
403 67
403 67
403 67
404 67
404 67
404 67
404 67
405 67
405 67
405 67
405 67
406 67
406 67
406 67
406 67
407 67
407 67
407 67
407 67
408 67
408 67
408 67
408 67
409 67
409 67
409 67
409 67
410 67
410 67
410 67
410 67
411 67
411 67
411 67
411 67
412 67
412 67
412 67
412 67
413 67
413 67
413 67
413 67
414 67
414 67
414 67
414 67
415 67
415 67
415 67
415 67
416 67
416 67
416 67
416 67
417 67
417 67
417 67
417 67
418 67
418 67
418 67
418 67
419 67
419 67
419 67
419 67
420 67
420 67
420 67
420 67
421 67
421 67
421 67
421 67
422 67
422 67
422 67
422 67
423 67
423 67
423 67
423 67
424 67
424 67
424 67
424 67
425 67
425 67
425 67
425 67
426 67
426 67
426 67
426 67
427 67
427 67
427 67
427 67
428 67
428 67
428 67
428 67
429 67
429 67
429 67
429 67
430 67
430 67
430 67
430 67
431 67
431 67
431 67
431 67
432 67
432 67
432 67
432 67
433 67
433 67
433 67
433 67
434 67
434 67
434 67
434 67
435 67
435 67
435 67
435 67
436 67
436 67
436 67
436 67
437 67
437 67
437 67
437 67
438 67
438 67
438 67
438 67
439 67
439 67
439 67
439 67
440 67
440 67
440 67
440 67
441 67
441 67
441 67
441 67
442 67
442 67
442 67
442 67
443 67
443 67
443 67
443 67
444 67
444 67
444 67
444 67
445 67
445 67
445 67
445 67
446 67
446 67
446 67
446 67
447 67
447 67
447 67
447 67
448 67
448 67
448 67
448 67
449 67
449 67
449 67
449 67
450 67
450 67
450 67
450 67
451 67
451 67
451 67
451 67
452 67
452 67
452 67
452 67
453 67
453 67
453 67
453 67
454 67
454 67
454 67
454 67
455 67
455 67
455 67
455 67
456 67
456 67
456 67
456 67
457 67
457 67
457 67
457 67
458 67
458 67
458 67
458 67
459 67
459 67
459 67
459 67
460 67
460 67
460 67
460 67
461 67
461 67
461 67
461 67
462 67
462 67
462 67
462 67
463 67
463 67
463 67
463 67
464 67
464 67
464 67
464 67
465 67
465 67
465 67
465 67
466 67
466 67
466 67
466 67
467 67
467 67
467 67
467 67
468 67
468 67
468 67
468 67
469 67
469 67
469 67
469 67
470 67
470 67
470 67
470 67
471 67
471 67
471 67
471 67
472 67
472 67
472 67
472 67
473 67
473 67
473 67
473 67
474 67
474 67
474 67
474 67
475 67
475 67
475 67
475 67
476 67
476 67
476 67
476 67
477 67
477 67
477 67
477 67
478 67
478 67
478 67
478 67
479 67
479 67
479 67
479 67
480 67
480 67
480 67
480 67
481 67
481 67
481 67
481 67
482 67
482 67
482 67
482 67
483 67
483 67
483 67
483 67
484 67
484 67
484 67
484 67
485 67
485 67
485 67
485 67
486 67
486 67
486 67
486 67
487 67
487 67
487 67
487 67
488 67
488 67
488 67
488 67
489 67
489 67
489 67
489 67
490 67
490 67
490 67
490 67
491 67
491 67
491 67
491 67
492 67
492 67
492 67
492 67
493 67
493 67
493 67
493 67
494 67
494 67
494 67
494 67
495 67
495 67
495 67
495 67
496 67
496 67
496 67
496 67
497 67
497 67
497 67
497 67
498 67
498 67
498 67
498 67
499 67
499 67
499 67
499 67
500 67
500 67
500 67
500 67
501 67
501 67
501 67
501 67
502 67
502 67
502 67
502 67
503 67
503 67
503 67
503 67
504 67
504 67
504 67
504 67
505 67
505 67
505 67
505 67
506 67
506 67
506 67
506 67
507 67
507 67
507 67
507 67
508 67
508 67
508 67
508 67
509 67
509 67
509 67
509 67
510 67
510 67
510 67
510 67
511 67
511 67
511 67
511 67
512 67
512 67
512 67
512 67
513 67
513 67
513 67
513 67
514 67
514 67
514 67
514 67
515 67
515 67
515 67
515 67
516 67
516 67
516 67
516 67
517 67
517 67
517 67
517 67
518 67
518 67
518 67
518 67
519 67
519 67
519 67
519 67
520 67
520 67
520 67
520 67
521 67
521 67
521 67
521 67
522 67
522 67
522 67
522 67
523 67
523 67
523 67
523 67
524 67
524 67
524 67
524 67
525 67
525 67
525 67
525 67
526 67
526 67
526 67
526 67
527 67
527 67
527 67
527 67
528 67
528 67
528 67
528 67
529 67
529 67
529 67
529 67
530 67
530 67
530 67
530 67
531 67
531 67
531 67
531 67
532 67
532 67
532 67
532 67
533 67
533 67
533 67
533 67
534 67
534 67
534 67
534 67
535 67
535 67
535 67
535 67
536 67
536 67
536 67
536 67
537 67
537 67
537 67
537 67
538 67
538 67
538 67
538 68
539 68
539 68
539 68
539 68
540 68
540 68
540 68
540 68
541 68
541 68
541 68
541 68
542 68
542 68
542 68
542 68
543 68
543 68
543 68
543 68
544 68
544 68
544 68
544 68
545 68
545 68
545 68
545 68
546 68
546 68
546 68
546 68
547 68
547 68
547 68
547 68
548 68
548 68
548 68
548 68
549 68
549 68
549 68
549 68
550 68
550 68
550 68
550 68
551 68
551 68
551 68
551 68
552 68
552 68
552 68
552 68
553 68
553 68
553 68
553 68
554 68
554 68
554 68
554 68
555 68
555 68
555 68
555 68
556 68
556 68
556 68
556 68
557 68
557 68
557 68
557 68
558 68
558 68
558 68
558 68
559 68
559 68
559 68
559 68
560 68
560 68
560 68
560 68
561 68
561 68
561 68
561 68
562 68
562 68
562 68
562 68
563 82
563 82
563 82
563 82
564 82
564 82
564 82
564 82
565 82
565 82
565 82
565 82
566 82
566 82
566 82
566 82
567 82
567 82
567 82
567 82
568 82
568 82
568 82
568 82
569 82
569 82
569 82
569 82
570 82
570 82
570 82
570 82
571 82
571 82
571 82
571 82
572 82
572 82
572 82
572 82
573 82
573 82
573 82
573 82
574 82
574 82
574 82
574 82
575 82
575 82
575 82
575 82
576 82
576 82
576 82
576 82
577 82
577 82
577 82
577 82
578 82
578 82
578 82
578 82
579 82
579 82
579 82
579 82
580 82
580 82
580 82
580 82
581 82
581 82
581 82
581 82
582 82
582 82
582 82
582 82
583 82
583 82
583 82
583 82
584 82
584 82
584 82
584 82
585 82
585 82
585 82
585 82
586 82
586 82
586 82
586 82
587 82
587 82
587 82
587 82
588 82
588 82
588 82
588 82
589 82
589 82
589 82
589 82
590 82
590 82
590 82
590 82
591 82
591 82
591 82
591 82
592 82
592 82
592 82
592 82
593 82
593 82
593 82
593 82
594 82
594 82
594 82
594 82
595 82
595 82
595 82
595 82
596 82
596 82
596 82
596 82
597 82
597 82
597 82
597 82
598 82
598 82
598 82
598 82
599 82
599 82
599 82
599 82
600 82
600 82
600 82
600 82
601 82
601 82
601 82
601 82
602 82
602 82
602 82
602 82
603 82
603 82
603 82
603 82
604 82
604 82
604 82
604 82
605 82
605 82
605 82
605 82
606 82
606 82
606 82
606 82
607 82
607 82
607 82
607 82
608 82
608 82
608 82
608 82
609 82
609 82
609 82
609 82
610 82
610 82
610 82
610 82
611 82
611 82
611 82
611 82
612 82
612 82
612 82
612 82
613 82
613 82
613 82
613 82
614 82
614 82
614 82
614 82
615 82
615 82
615 82
615 82
616 82
616 82
616 82
616 82
617 82
617 82
617 82
617 82
618 82
618 82
618 82
618 82
619 82
619 82
619 82
619 82
620 82
620 82
620 82
620 82
621 82
621 82
621 82
621 82
621 82
621 82
621 82
622 82
622 82
622 82
622 82
623 82
623 82
623 82
623 82
624 82
624 82
624 82
624 82
624 82
624 82
624 82
625 82
625 82
625 82
625 82
626 82
626 82
626 82
626 82
627 82
627 82
627 82
627 82
628 82
628 82
628 82
628 82
629 82
629 82
629 82
629 82
629 82
629 82
629 82
630 82
630 82
630 82
630 82
631 82
631 82
631 82
631 82
632 82
632 82
632 82
632 82
633 82
633 82
633 82
633 82
634 82
634 82
634 82
634 82
635 82
635 82
635 82
635 82
636 82
636 82
636 82
636 82
637 82
637 82
637 82
637 82
638 82
638 82
638 82
638 82
639 82
639 82
639 82
639 82
640 82
640 82
640 82
640 82
641 82
641 82
641 82
641 82
642 82
642 82
642 82
642 82
643 82
643 82
643 82
643 82
644 82
644 82
644 82
644 82
645 82
645 82
645 82
645 82
646 82
646 82
646 82
646 82
647 82
647 82
647 82
647 82
648 82
648 82
648 82
648 82
649 82
649 82
649 82
649 82
650 82
650 82
650 82
650 82
651 82
651 82
651 82
651 82
652 82
652 82
652 82
652 82
653 82
653 82
653 82
653 82
654 82
654 82
654 82
654 82
655 82
655 82
655 82
655 82
656 82
656 82
656 82
656 82
657 82
657 82
657 82
657 82
658 82
658 82
658 82
658 82
659 82
659 82
659 82
659 82
660 82
660 82
660 82
660 82
661 82
661 82
661 82
661 82
662 82
662 82
662 82
662 82
663 82
663 82
663 82
663 82
664 82
664 82
664 82
664 82
665 82
665 82
665 82
665 82
666 82
666 82
666 82
666 82
667 82
667 82
667 82
667 82
668 82
668 82
668 82
668 82
669 82
669 82
669 82
669 82
670 82
670 82
670 82
670 82
671 82
671 82
671 82
671 82
672 82
672 82
672 82
672 82
673 82
673 82
673 82
673 82
674 82
674 82
674 82
674 82
675 82
675 82
675 82
675 82
676 82
676 82
676 82
676 82
677 82
677 82
677 82
677 82
678 82
678 82
678 82
678 82
679 82
679 82
679 82
679 82
680 82
680 82
680 82
680 82
681 82
681 82
681 82
681 82
682 82
682 82
682 82
682 82
683 82
683 82
683 82
683 82
684 82
684 82
684 82
684 82
685 82
685 82
685 82
685 82
686 82
686 82
686 82
686 82
687 82
687 82
687 82
687 82
688 82
688 82
688 82
688 82
689 82
689 82
689 82
689 82
690 82
690 82
690 82
690 82
691 82
691 82
691 82
691 82
692 82
692 82
692 82
692 82
693 82
693 82
693 82
693 82
694 82
694 82
694 82
694 82
695 82
695 82
695 82
695 82
696 82
696 82
696 82
696 82
697 82
697 82
697 82
697 82
698 82
698 82
698 82
698 82
699 82
699 82
699 82
699 82
700 82
700 82
700 82
700 82
701 82
701 82
701 82
701 82
702 82
702 82
702 82
702 82
703 82
703 82
703 82
703 82
704 82
704 82
704 82
704 82
705 82
705 82
705 82
705 82
706 82
706 82
706 82
706 82
707 82
707 82
707 82
707 82
708 82
708 82
708 82
708 82
709 82
709 82
709 82
709 82
710 82
710 82
710 82
710 82
711 82
711 82
711 82
711 82
712 82
712 82
712 82
712 82
713 82
713 82
713 82
713 82
714 82
714 82
714 82
714 82
715 82
715 82
715 82
715 82
716 82
716 82
716 82
716 82
717 82
717 82
717 82
717 82
718 82
718 82
718 82
718 82
719 82
719 82
719 82
719 82
720 82
720 82
720 82
720 82
721 82
721 82
721 82
721 82
722 82
722 82
722 82
722 82
723 82
723 82
723 82
723 82
724 82
724 82
724 82
724 82
725 82
725 82
725 82
725 82
726 82
726 82
726 82
726 82
727 82
727 82
727 82
727 82
728 82
728 82
728 82
728 82
729 82
729 82
729 82
729 82
730 82
730 82
730 82
730 82
731 82
731 82
731 82
731 82
732 82
732 82
732 82
732 82
733 82
733 82
733 82
733 82
734 82
734 82
734 82
734 82
735 82
735 82
735 82
735 82
736 82
736 82
736 82
736 82
737 82
737 82
737 82
737 82
738 82
738 82
738 82
738 82
739 82
739 82
739 82
740 82
740 82
740 82
740 82
741 82
741 82
741 82
741 82
742 82
742 82
742 82
742 82
743 82
743 82
743 82
743 82
744 82
744 82
744 82
745 82
745 82
745 82
745 82
746 82
746 82
746 82
746 82
747 82
747 82
747 82
747 82
748 82
748 82
748 82
748 82
749 82
749 82
749 82
749 82
750 82
750 82
750 82
750 82
751 82
751 82
751 82
751 82
752 82
752 82
752 82
753 82
753 82
753 82
753 82
754 82
754 82
754 82
754 82
755 82
755 82
755 82
755 82
756 82
756 82
756 82
756 82
757 82
757 82
757 82
757 82
758 82
758 82
758 82
758 82
759 82
759 82
759 82
759 82
760 82
760 82
760 82
760 82
761 82
761 82
761 82
761 82
762 82
762 82
762 82
762 82
763 82
763 82
763 82
763 82
764 82
764 82
764 82
764 82
765 82
765 82
765 82
765 82
766 82
766 82
766 82
766 82
767 82
767 82
767 82
767 82
768 82
768 82
768 82
768 82
769 82
769 82
769 82
769 82
770 82
770 82
770 82
770 82
771 82
771 82
771 82
771 82
772 82
772 82
772 82
772 82
773 82
773 82
773 82
773 82
774 82
774 82
774 82
774 82
775 82
775 82
775 82
775 82
776 82
776 82
776 82
777 82
777 82
777 82
777 82
778 82
778 82
778 82
778 82
779 82
779 82
779 82
780 82
780 82
780 82
780 82
781 82
781 82
781 82
781 82
782 82
782 82
782 82
782 82
783 82
783 82
783 82
784 82
784 82
784 82
784 82
785 82
785 82
785 82
785 82
786 82
786 82
786 82
786 82
787 82
787 82
787 82
787 82
788 82
788 82
788 82
788 82
789 82
789 82
789 82
789 82
790 82
790 82
790 82
790 82
791 82
791 82
791 82
792 82
792 82
792 82
792 82
793 82
793 82
793 82
793 82
794 82
794 82
794 82
794 82
795 82
795 82
795 82
795 82
796 82
796 82
796 82
796 82
797 82
797 82
797 82
797 82
798 82
798 82
798 82
798 82
799 82
799 82
799 82
800 82
800 82
800 82
800 82
801 82
801 82
801 82
801 82
802 82
802 82
802 82
802 82
803 82
803 82
803 82
803 82
804 82
804 82
804 82
804 82
805 82
805 82
805 82
805 82
806 82
806 82
806 82
806 82
807 82
807 82
807 82
807 82
808 82
808 82
808 82
808 82
809 82
809 82
809 82
809 82
810 82
810 82
810 82
810 82
811 82
811 82
811 82
811 82
812 82
812 82
812 82
812 82
813 82
813 82
813 82
813 82
814 82
814 82
814 82
814 82
815 82
815 82
815 82
815 82
816 82
816 82
816 82
816 82
817 82
817 82
817 82
817 82
818 82
818 82
818 82
818 82
819 82
819 82
819 82
819 82
820 82
820 82
820 82
820 82
821 82
821 82
821 82
821 82
822 82
822 82
822 82
822 82
823 82
823 82
823 82
823 82
824 82
824 82
824 82
824 82
825 82
825 82
825 82
825 82
826 82
826 82
826 82
826 82
827 82
827 82
827 82
827 82
828 82
828 82
828 82
828 82
829 82
829 82
829 82
829 82
830 82
830 82
830 82
830 82
831 82
831 82
831 82
831 82
832 82
832 82
832 82
832 82
833 82
833 82
833 82
833 82
834 82
834 82
834 82
834 82
835 82
835 82
835 82
835 82
836 82
836 82
836 82
836 82
837 82
837 82
837 82
837 82
838 82
838 82
838 82
838 82
839 82
839 82
839 82
839 82
840 82
840 82
840 82
840 82
841 82
841 82
841 82
841 82
842 82
842 82
842 82
842 82
843 82
843 82
843 82
843 82
844 82
844 82
844 82
844 82
845 82
845 82
845 82
845 82
846 82
846 82
846 82
846 82
847 82
847 82
847 82
847 82
848 82
848 82
848 82
848 82
849 82
849 82
849 82
849 82
850 82
850 82
850 82
850 82
851 82
851 82
851 82
851 82
852 82
852 82
852 82
852 82
853 82
853 82
853 82
853 82
854 82
854 82
854 82
854 82
855 82
855 82
855 82
855 82
856 82
856 82
856 82
856 82
857 82
857 82
857 82
857 82
858 82
858 82
858 82
858 82
859 82
859 82
859 82
859 82
860 82
860 82
860 82
860 82
861 82
861 82
861 82
861 82
862 82
862 82
862 82
862 82
863 82
863 82
863 82
863 82
864 82
864 82
864 82
864 82
865 82
865 82
865 82
865 82
866 82
866 82
866 82
866 82
867 82
867 82
867 82
867 82
868 82
868 82
868 82
868 82
869 82
869 82
869 82
869 82
870 82
870 82
870 82
870 82
871 82
871 82
871 82
871 82
872 82
872 82
872 82
872 82
873 82
873 82
873 82
873 82
874 82
874 82
874 82
874 82
875 82
875 82
875 82
875 82
876 82
876 82
876 82
876 82
877 82
877 82
877 82
877 82
878 82
878 82
878 82
878 82
879 82
879 82
879 82
879 82
880 82
880 82
880 82
880 82
881 82
881 82
881 82
881 82
882 82
882 82
882 82
882 82
883 82
883 82
883 82
883 82
884 82
884 82
884 82
884 82
885 82
885 82
885 82
885 82
886 82
886 82
886 82
886 82
887 82
887 82
887 82
887 82
888 82
888 82
888 82
888 82
889 82
889 82
889 82
889 82
890 82
890 82
890 82
890 82
891 82
891 82
891 82
891 82
892 82
892 82
892 82
892 82
893 82
893 82
893 82
893 82
894 82
894 82
894 82
894 82
895 82
895 82
895 82
895 82
896 82
896 82
896 82
896 82
897 82
897 82
897 82
897 82
898 82
898 82
898 82
898 82
899 82
899 82
899 82
899 82
900 82
900 82
900 82
900 82
901 82
901 82
901 82
901 82
902 82
902 82
902 82
902 82
903 82
903 82
903 82
903 82
904 82
904 82
904 82
904 82
905 82
905 82
905 82
905 82
906 82
906 82
906 82
906 82
907 82
907 82
907 82
907 82
908 82
908 82
908 82
908 82
909 82
909 82
909 82
909 82
910 82
910 82
910 82
910 82
911 82
911 82
911 82
911 82
912 82
912 82
912 82
912 82
913 82
913 82
913 82
913 82
914 82
914 82
914 82
914 82
915 82
915 82
915 82
915 82
916 82
916 82
916 82
916 82
917 82
917 82
917 82
917 82
918 82
918 82
918 82
918 82
919 82
919 82
919 82
919 82
920 82
920 82
920 82
920 82
921 82
921 82
921 82
921 82
922 82
922 82
922 82
922 82
923 82
923 82
923 82
923 82
924 82
924 82
924 82
924 82
925 82
925 82
925 82
925 82
926 82
926 82
926 82
926 82
927 82
927 82
927 82
927 82
928 82
928 82
928 82
928 82
929 82
929 82
929 82
929 82
930 82
930 82
930 82
930 82
931 82
931 82
931 82
931 82
932 82
932 82
932 82
932 82
933 82
933 82
933 82
933 82
934 82
934 82
934 82
934 82
935 82
935 82
935 82
935 82
936 82
936 82
936 82
936 82
937 82
937 82
937 82
937 82
938 82
938 82
938 82
938 82
939 82
939 82
939 82
939 82
940 82
940 82
940 82
940 82
941 82
941 82
941 82
941 82
942 82
942 82
942 82
942 82
943 82
943 82
943 82
943 82
944 82
944 82
944 82
944 82
945 82
945 82
945 82
945 82
946 82
946 82
946 82
946 82
947 82
947 82
947 82
947 82
948 82
948 82
948 82
948 82
949 82
949 82
949 82
949 82
950 82
950 82
950 82
950 82
951 82
951 82
951 82
951 82
952 82
952 82
952 82
952 82
953 82
953 82
953 82
953 82
954 82
954 82
954 82
954 82
955 82
955 82
955 82
955 82
956 82
956 82
956 82
956 82
957 82
957 82
957 82
957 82
958 82
958 82
958 82
958 82
959 82
959 82
959 82
959 82
960 82
960 82
960 82
960 82
961 82
961 82
961 82
961 82
962 82
962 82
962 82
962 82
963 82
963 82
963 82
963 82
964 82
964 82
964 82
964 82
965 82
965 82
965 82
965 82
966 82
966 82
966 82
966 82
967 82
967 82
967 82
967 82
968 82
968 82
968 82
968 82
969 82
969 82
969 82
969 82
970 82
970 82
970 82
970 82
971 82
971 82
971 82
971 82
972 82
972 82
972 82
972 82
973 82
973 82
973 82
973 82
974 82
974 82
974 82
974 82
975 82
975 82
975 82
975 82
976 82
976 82
976 82
976 82
977 82
977 82
977 82
977 82
978 82
978 82
978 82
978 82
979 82
979 82
979 82
979 82
980 82
980 82
980 82
980 82
981 82
981 82
981 82
981 82
982 82
982 82
982 82
982 82
983 82
983 82
983 82
983 82
984 82
984 82
984 82
984 82
985 82
985 82
985 82
985 82
986 82
986 82
986 82
986 82
987 82
987 82
987 82
987 82
988 82
988 82
988 82
988 82
989 82
989 82
989 82
989 82
990 82
990 82
990 82
990 82
991 82
991 82
991 82
991 82
992 82
992 82
992 82
992 82
993 82
993 82
993 82
993 82
994 82
994 82
994 82
994 82
995 82
995 82
995 82
995 82
996 82
996 82
996 82
996 82
997 82
997 82
997 82
997 82
998 82
998 82
998 82
998 82
999 82
999 82
999 82
999 82
1000 82
1000 82
1000 82
1000 82
1001 82
1001 82
1001 82
1001 82
1002 82
1002 82
1002 82
1002 82
1003 82
1003 82
1003 82
1003 82
1004 82
1004 82
1004 82
1004 82
1005 82
1005 82
1005 82
1005 82
1006 82
1006 82
1006 82
1006 82
1007 82
1007 82
1007 82
1007 82
1008 82
1008 82
1008 82
1008 82
1009 82
1009 82
1009 82
1009 82
1010 82
1010 82
1010 82
1010 82
1011 82
1011 82
1011 82
1011 82
1012 82
1012 82
1012 82
1012 82
1013 82
1013 82
1013 82
1013 82
1014 82
1014 82
1014 82
1014 82
1015 82
1015 82
1015 82
1015 82
1016 82
1016 82
1016 82
1016 82
1017 82
1017 82
1017 82
1017 82
1018 82
1018 82
1018 82
1018 82
1019 82
1019 82
1019 82
1019 82
1020 82
1020 82
1020 82
1020 82
1021 82
1021 82
1021 82
1021 82
1022 82
1022 82
1022 82
1022 82
1023 82
1023 82
1023 82
1023 82
1024 82
1024 82
1024 82
1024 82
1025 82
1025 82
1025 82
1025 82
1026 82
1026 82
1026 82
1026 82
1027 82
1027 82
1027 82
1027 82
1028 82
1028 82
1028 82
1028 82
1029 82
1029 82
1029 82
1029 82
1030 82
1030 82
1030 82
1030 82
1031 82
1031 82
1031 82
1031 82
1032 82
1032 82
1032 82
1032 82
1033 82
1033 82
1033 82
1033 82
1034 82
1034 82
1034 82
1034 82
1035 82
1035 82
1035 82
1035 82
1036 82
1036 82
1036 82
1036 82
1037 82
1037 82
1037 82
1037 82
1038 82
1038 82
1038 82
1038 82
1039 82
1039 82
1039 82
1039 82
1040 82
1040 82
1040 82
1040 82
1041 82
1041 82
1041 82
1041 82
1042 82
1042 82
1042 82
1042 82
1043 82
1043 82
1043 82
1043 82
1044 82
1044 82
1044 82
1044 82
1045 82
1045 82
1045 82
1045 82
1046 82
1046 82
1046 82
1046 82
1047 82
1047 82
1047 82
1047 82
1048 82
1048 82
1048 82
1048 82
1049 82
1049 82
1049 82
1049 82
1050 82
1050 82
1050 82
1050 82
1051 82
1051 82
1051 82
1051 82
1052 82
1052 82
1052 82
1052 82
1053 82
1053 82
1053 82
1053 82
1054 82
1054 82
1054 82
1054 82
1055 82
1055 82
1055 82
1055 82
1056 82
1056 82
1056 82
1056 82
1057 82
1057 82
1057 82
1057 82
1058 82
1058 82
1058 82
1058 82
1059 82
1059 82
1059 82
1059 82
1060 82
1060 82
1060 82
1060 82
1061 82
1061 82
1061 82
1061 82
1062 82
1062 82
1062 82
1062 82
1063 82
1063 82
1063 82
1063 82
1064 82
1064 82
1064 82
1064 82
1065 82
1065 82
1065 82
1065 82
1066 82
1066 82
1066 82
1066 82
1067 82
1067 82
1067 82
1067 82
1068 82
1068 82
1068 82
1068 82
1069 82
1069 82
1069 82
1069 82
1070 82
1070 82
1070 82
1070 82
1071 82
1071 82
1071 82
1071 82
1072 82
1072 82
1072 82
1072 82
1073 82
1073 82
1073 82
1073 82
1074 82
1074 82
1074 82
1074 82
1075 82
1075 82
1075 82
1075 82
1076 82
1076 82
1076 82
1076 82
1077 82
1077 82
1077 82
1077 82
1078 82
1078 82
1078 82
1078 82
1079 82
1079 82
1079 82
1079 82
1080 82
1080 82
1080 82
1080 82
1081 82
1081 82
1081 82
1081 82
1082 82
1082 82
1082 82
1082 82
1083 82
1083 82
1083 82
1083 82
1084 82
1084 82
1084 82
1084 82
1085 82
1085 82
1085 82
1085 82
1086 82
1086 82
1086 82
1086 82
1086 82
1086 82
1086 82
1087 82
1087 82
1087 82
1087 82
1088 82
1088 82
1088 82
1088 82
1089 82
1089 82
1089 82
1089 82
1090 82
1090 82
1090 82
1090 82
1091 82
1091 82
1091 82
1091 82
1092 82
1092 82
1092 82
1092 82
1093 82
1093 82
1093 82
1093 82
1094 82
1094 82
1094 82
1094 82
1095 82
1095 82
1095 82
1095 82
1096 82
1096 82
1096 82
1096 82
1097 82
1097 82
1097 82
1097 82
1098 82
1098 82
1098 82
1098 82
1099 82
1099 82
1099 82
1099 82
1100 82
1100 82
1100 82
1100 82
1101 82
1101 82
1101 82
1101 82
1102 82
1102 82
1102 82
1102 82
1103 82
1103 82
1103 82
1103 82
1104 82
1104 82
1104 82
1104 82
1105 82
1105 82
1105 82
1105 82
1106 82
1106 82
1106 82
1106 82
1107 82
1107 82
1107 82
1107 82
1108 82
1108 82
1108 82
1108 82
1109 82
1109 82
1109 82
1109 82
1110 82
1110 82
1110 82
1110 82
1111 82
1111 82
1111 82
1111 82
1112 82
1112 82
1112 82
1112 82
1113 82
1113 82
1113 82
1113 82
1114 82
1114 82
1114 82
1114 82
1115 82
1115 82
1115 82
1115 82
1116 82
1116 82
1116 82
1116 82
1117 82
1117 82
1117 82
1117 82
1118 82
1118 82
1118 82
1118 82
1119 82
1119 82
1119 82
1119 82
1120 82
1120 82
1120 82
1120 82
1121 82
1121 82
1121 82
1121 82
1122 82
1122 82
1122 82
1122 82
1123 82
1123 82
1123 82
1123 82
1124 82
1124 82
1124 82
1124 82
1125 82
1125 82
1125 82
1125 82
1126 82
1126 82
1126 82
1126 82
1127 82
1127 82
1127 82
1127 82
1128 82
1128 82
1128 82
1128 82
1129 82
1129 82
1129 82
1129 82
1130 82
1130 82
1130 82
1130 82
1131 82
1131 82
1131 82
1131 82
1132 82
1132 82
1132 82
1132 82
1133 82
1133 82
1133 82
1133 82
1134 82
1134 82
1134 82
1134 82
1135 82
1135 82
1135 82
1135 82
1136 82
1136 82
1136 82
1136 82
1137 82
1137 82
1137 82
1137 82
1138 82
1138 82
1138 82
1138 82
1139 82
1139 82
1139 82
1139 82
1140 82
1140 82
1140 82
1140 82
1141 82
1141 82
1141 82
1141 82
1142 82
1142 82
1142 82
1142 82
1143 82
1143 82
1143 82
1143 82
1144 82
1144 82
1144 82
1144 82
1145 82
1145 82
1145 82
1145 82
1146 82
1146 102
1146 102
1146 102
1147 102
1147 102
1147 102
1147 102
1148 102
1148 102
1148 102
1148 102
1149 102
1149 102
1149 102
1149 102
1150 102
1150 102
1150 102
1150 102
1151 102
1151 102
1151 102
1151 102
1152 102
1152 102
1152 102
1152 102
1153 102
1153 102
1153 102
1153 102
1154 102
1154 102
1154 102
1154 102
1155 102
1155 102
1155 102
1155 102
1156 102
1156 102
1156 102
1156 102
1157 102
1157 102
1157 102
1157 102
1158 102
1158 102
1158 102
1158 102
1159 102
1159 102
1159 102
1159 102
1160 102
1160 102
1160 102
1160 102
1161 102
1161 102
1161 102
1161 102
1162 102
1162 102
1162 102
1162 102
1163 102
1163 102
1163 102
1163 102
1164 102
1164 102
1164 102
1164 102
1165 102
1165 102
1165 102
1165 102
1166 102
1166 102
1166 102
1166 102
1167 102
1167 102
1167 102
1167 102
1168 102
1168 102
1168 102
1168 102
1169 102
1169 102
1169 102
1169 102
1170 102
1170 102
1170 102
1170 102
1171 102
1171 102
1171 102
1171 102
1172 102
1172 102
1172 102
1172 102
1173 102
1173 102
1173 102
1173 102
1174 102
1174 102
1174 102
1174 102
1175 102
1175 102
1175 102
1175 102
1176 102
1176 102
1176 102
1176 102
1177 102
1177 102
1177 102
1177 102
1178 102
1178 102
1178 102
1178 102
1179 102
1179 102
1179 102
1179 102
1180 102
1180 102
1180 102
1180 102
1181 102
1181 102
1181 102
1181 102
1182 102
1182 102
1182 102
1182 102
1183 102
1183 102
1183 102
1183 102
1184 102
1184 102
1184 102
1184 102
1185 102
1185 102
1185 102
1185 102
1186 102
1186 102
1186 102
1186 102
1187 102
1187 102
1187 102
1187 102
1188 102
1188 102
1188 102
1188 102
1189 102
1189 102
1189 102
1189 102
1190 102
1190 102
1190 102
1190 102
1191 102
1191 102
1191 102
1191 102
1192 102
1192 102
1192 102
1192 102
1193 102
1193 102
1193 102
1193 102
1194 102
1194 102
1194 102
1194 102
1195 102
1195 102
1195 102
1195 102
1196 102
1196 102
1196 102
1196 102
1197 102
1197 102
1197 102
1197 102
1198 102
1198 102
1198 102
1198 102
1199 102
1199 102
1199 102
1199 102
1200 102
1200 102
1200 102
1200 102
1201 102
1201 102
1201 102
1201 102
1202 102
1202 102
1202 102
1202 102
1203 102
1203 102
1203 102
1203 102
1204 102
1204 102
1204 102
1204 102
1205 102
1205 102
1205 102
1205 102
1206 102
1206 102
1206 102
1206 102
1207 102
1207 102
1207 102
1207 102
1208 102
1208 102
1208 102
1208 102
1209 102
1209 102
1209 102
1209 102
1210 102
1210 102
1210 102
1210 102
1211 102
1211 102
1211 102
1211 102
1212 102
1212 102
1212 102
1212 102
1213 102
1213 102
1213 102
1213 102
1214 102
1214 102
1214 102
1214 102
1215 102
1215 102
1215 102
1215 102
1216 102
1216 102
1216 102
1216 102
1217 102
1217 102
1217 102
1217 102
1218 102
1218 102
1218 102
1218 102
1219 102
1219 102
1219 102
1219 102
1220 102
1220 102
1220 102
1220 102
1221 102
1221 102
1221 102
1221 102
1222 102
1222 102
1222 102
1222 102
1223 102
1223 102
1223 102
1223 102
1224 102
1224 102
1224 102
1224 102
1225 102
1225 102
1225 102
1225 102
1226 102
1226 102
1226 102
1226 102
1227 102
1227 102
1227 102
1227 102
1228 102
1228 102
1228 102
1228 102
1229 102
1229 102
1229 102
1229 102
1230 102
1230 102
1230 102
1230 102
1231 102
1231 102
1231 102
1231 102
1232 102
1232 102
1232 102
1232 102
1233 102
1233 102
1233 102
1233 102
1234 102
1234 102
1234 102
1234 102
1235 102
1235 102
1235 102
1235 102
1236 102
1236 102
1236 102
1236 102
1237 102
1237 102
1237 102
1237 102
1238 102
1238 102
1238 102
1238 102
1239 102
1239 102
1239 102
1239 102
1240 102
1240 102
1240 102
1240 102
1241 102
1241 102
1241 102
1241 102
1242 102
1242 102
1242 102
1242 102
1243 102
1243 102
1243 102
1243 102
1244 102
1244 102
1244 102
1244 102
1245 102
1245 102
1245 102
1245 102
1246 102
1246 102
1246 102
1246 102
1247 102
1247 102
1247 102
1247 102
1248 102
1248 102
1248 102
1248 102
1249 102
1249 102
1249 102
1249 102
1250 102
1250 102
1250 102
1250 102
1251 102
1251 102
1251 102
1251 102
1252 102
1252 102
1252 102
1252 102
1253 102
1253 102
1253 102
1253 102
1254 102
1254 102
1254 102
1255 102
1255 102
1255 102
1255 102
1256 102
1256 102
1256 102
1256 102
1257 102
1257 102
1257 102
1257 102
1258 102
1258 102
1258 102
1258 102
1259 102
1259 102
1259 102
1259 102
1260 102
1260 102
1260 102
1260 102
1261 102
1261 102
1261 102
1261 102
1262 102
1262 102
1262 102
1262 102
1263 102
1263 102
1263 102
1263 102
1264 102
1264 102
1264 102
1264 102
1265 102
1265 102
1265 102
1265 102
1266 102
1266 102
1266 102
1266 102
1267 102
1267 102
1267 102
1267 102
1268 102
1268 102
1268 102
1268 102
1269 102
1269 102
1269 102
1269 102
1270 102
1270 102
1270 102
1270 102
1271 102
1271 102
1271 102
1271 102
1272 102
1272 102
1272 102
1272 102
1273 102
1273 102
1273 102
1273 102
1274 102
1274 102
1274 102
1274 102
1275 102
1275 102
1275 102
1275 102
1276 102
1276 102
1276 102
1276 102
1277 102
1277 102
1277 102
1277 102
1278 102
1278 102
1278 102
1278 102
1279 102
1279 102
1279 102
1279 102
1280 102
1280 102
1280 102
1280 102
1281 102
1281 102
1281 102
1281 102
1282 102
1282 102
1282 102
1282 102
1283 102
1283 102
1283 102
1283 102
1284 102
1284 102
1284 102
1284 102
1285 102
1285 102
1285 102
1285 102
1286 102
1286 102
1286 102
1286 102
1287 102
1287 102
1287 102
1287 102
1288 102
1288 102
1288 102
1288 102
1289 102
1289 102
1289 102
1289 102
1290 102
1290 102
1290 102
1290 102
1291 102
1291 102
1291 102
1291 102
1292 102
1292 102
1292 102
1292 102
1293 102
1293 102
1293 102
1293 102
1294 102
1294 102
1294 102
1294 102
1295 102
1295 102
1295 102
1295 102
1296 102
1296 102
1296 102
1296 102
1297 102
1297 102
1297 102
1297 102
1298 102
1298 102
1298 102
1298 102
1299 102
1299 102
1299 102
1299 102
1300 102
1300 102
1300 102
1301 102
1301 102
1301 102
1301 102
1302 102
1302 102
1302 102
1302 102
1303 102
1303 102
1303 102
1303 102
1304 102
1304 102
1304 102
1304 102
1305 102
1305 102
1305 102
1305 102
1306 102
1306 102
1306 102
1306 102
1307 102
1307 102
1307 102
1307 102
1308 102
1308 102
1308 102
1308 102
1309 102
1309 102
1309 102
1309 102
1310 102
1310 102
1310 102
1310 102
1311 102
1311 102
1311 102
1311 102
1312 102
1312 102
1312 102
1312 102
1313 102
1313 102
1313 102
1313 102
1314 102
1314 102
1314 102
1314 102
1315 102
1315 115
1316 115
1316 115
1316 115
1316 115
1317 115
1317 115
1317 115
1317 115
1318 115
1318 115
1318 115
1318 115
1319 115
1319 115
1319 115
1319 115
1320 115
1320 115
1320 115
1320 115
1321 115
1321 115
1321 115
1321 115
1322 115
1322 115
1322 115
1322 115
1323 115
1323 115
1323 115
1323 115
1324 115
1324 115
1324 115
1324 115
1325 115
1325 115
1325 115
1326 115
1326 115
1326 115
1326 115
1327 115
1327 115
1327 115
1327 115
1328 115
1328 115
1328 115
1328 115
1329 115
1329 115
1329 115
1329 115
1330 115
1330 115
1330 115
1330 115
1331 115
1331 115
1331 115
1331 115
1332 115
1332 115
1332 115
1332 115
1333 115
1333 115
1333 115
1333 115
1334 115
1334 115
1334 115
1334 115
1335 115
1335 115
1335 115
1335 115
1336 115
1336 115
1336 115
1336 115
1337 115
1337 115
1337 115
1337 115
1338 115
1338 115
1338 115
1338 115
1339 115
1339 115
1339 115
1339 115
1340 115
1340 115
1340 115
1340 115
1341 115
1341 115
1341 115
1341 115
1342 115
1342 115
1342 115
1342 115
1343 115
1343 115
1343 115
1343 115
1344 115
1344 115
1344 115
1344 115
1345 115
1345 115
1345 115
1345 115
1346 115
1346 115
1346 115
1346 115
1347 115
1347 115
1347 115
1347 115
1348 115
1348 115
1348 115
1348 115
1349 115
1349 115
1349 115
1349 115
1350 115
1350 115
1350 115
1350 115
1351 115
1351 115
1351 115
1351 115
1352 115
1352 115
1352 115
1352 115
1353 115
1353 115
1353 115
1353 115
1354 115
1354 115
1354 115
1354 115
1355 115
1355 115
1355 115
1355 115
1356 115
1356 115
1356 115
1356 115
1357 115
1357 115
1357 115
1357 115
1358 115
1358 115
1358 115
1358 115
1359 115
1359 115
1359 115
1359 115
1360 115
1360 115
1360 115
1360 115
1361 115
1361 115
1361 115
1361 115
1362 115
1362 115
1362 115
1362 115
1363 115
1363 115
1363 115
1363 115
1364 115
1364 115
1364 115
1365 115
1365 115
1365 115
1365 115
1366 115
1366 115
1366 115
1366 115
1367 115
1367 115
1367 115
1367 115
1368 115
1368 115
1368 115
1368 115
1369 115
1369 115
1369 115
1369 115
1370 115
1370 115
1370 115
1370 115
1371 115
1371 115
1371 115
1371 115
1372 115
1372 115
1372 115
1372 115
1373 115
1373 115
1373 115
1373 115
1374 115
1374 115
1374 115
1374 115
1375 115
1375 115
1375 115
1375 115
1376 115
1376 115
1376 115
1376 115
1377 115
1377 115
1377 115
1377 115
1378 115
1378 115
1378 115
1378 115
1379 115
1379 115
1379 115
1379 115
1380 115
1380 115
1380 115
1380 115
1381 115
1381 115
1381 115
1381 115
1382 115
1382 115
1382 115
1382 115
1383 115
1383 115
1383 115
1383 115
1384 115
1384 115
1384 115
1384 115
1385 115
1385 115
1385 115
1385 115
1386 115
1386 115
1386 115
1387 115
1387 115
1387 115
1387 115
1388 115
1388 115
1388 115
1388 115
1389 115
1389 115
1389 115
1389 115
1390 115
1390 115
1390 115
1390 115
1391 115
1391 115
1391 115
1391 115
1392 115
1392 115
1392 115
1392 115
1393 115
1393 115
1393 115
1393 115
1394 115
1394 115
1394 115
1394 115
1395 115
1395 115
1395 115
1395 115
1396 115
1396 115
1396 115
1396 115
1397 115
1397 115
1397 115
1397 115
1398 115
1398 115
1398 115
1398 115
1399 115
1399 115
1399 115
1399 115
1400 115
1400 115
1400 115
1400 115
1401 115
1401 115
1401 115
1401 115
1402 115
1402 115
1402 115
1402 115
1403 115
1403 115
1403 115
1403 115
1404 115
1404 115
1404 115
1404 115
1405 115
1405 115
1405 115
1405 115
1406 115
1406 115
1406 115
1406 115
1407 115
1407 115
1407 115
1407 115
1408 115
1408 115
1408 115
1408 115
1409 115
1409 115
1409 115
1409 115
1410 115
1410 115
1410 115
1410 115
1411 115
1411 115
1411 115
1411 115
1412 115
1412 115
1412 115
1413 115
1413 115
1413 115
1413 115
1414 115
1414 115
1414 115
1414 115
1415 115
1415 115
1415 115
1415 115
1416 115
1416 115
1416 115
1416 115
1417 115
1417 115
1417 115
1417 115
1418 115
1418 115
1418 115
1418 115
1419 115
1419 115
1419 115
1419 115
1420 115
1420 115
1420 115
1420 115
1421 115
1421 115
1421 115
1421 115
1422 115
1422 115
1422 115
1422 115
1423 115
1423 115
1423 115
1423 115
1424 115
1424 115
1424 115
1424 115
1425 115
1425 115
1425 115
1425 115
1426 115
1426 115
1426 115
1426 115
1427 115
1427 115
1427 115
1427 115
1428 115
1428 115
1428 115
1428 115
1429 115
1429 115
1429 115
1429 115
1430 115
1430 115
1430 115
1430 115
1431 115
1431 115
1431 115
1431 115
1432 115
1432 115
1432 115
1432 115
1433 115
1433 115
1433 115
1433 115
1434 115
1434 115
1434 115
1434 115
1435 115
1435 115
1435 115
1435 115
1436 115
1436 115
1436 115
1436 115
1437 115
1437 115
1437 115
1437 115
1438 115
1438 115
1438 115
1438 115
1439 115
1439 115
1439 115
1439 115
1440 115
1440 115
1440 115
1440 115
1441 115
1441 115
1441 115
1441 115
1442 115
1442 115
1442 115
1442 115
1443 115
1443 115
1443 115
1443 115
1444 115
1444 115
1444 115
1444 115
1445 115
1445 115
1445 115
1445 115
1446 115
1446 115
1446 115
1446 115
1447 115
1447 115
1447 115
1447 115
1448 115
1448 115
1448 115
1448 115
1449 115
1449 115
1449 115
1449 115
1450 115
1450 115
1450 115
1450 115
1451 115
1451 115
1451 115
1451 115
1452 115
1452 115
1452 115
1452 115
1453 115
1453 115
1453 115
1453 115
1454 115
1454 115
1454 115
1454 115
1455 115
1455 115
1455 115
1455 115
1456 115
1456 115
1456 115
1456 115
1457 115
1457 115
1457 115
1457 115
1458 115
1458 115
1458 115
1458 115
1459 115
1459 115
1459 115
1459 115
1460 115
1460 115
1460 115
1460 115
1461 115
1461 115
1461 115
1461 115
1462 115
1462 115
1462 115
1462 115
1463 115
1463 115
1463 115
1463 115
1464 115
1464 115
1464 115
1464 115
1465 115
1465 115
1465 115
1465 115
1466 115
1466 115
1466 115
1466 115
1467 115
1467 115
1467 115
1467 115
1468 115
1468 115
1468 115
1468 115
1469 115
1469 115
1469 115
1469 115
1470 115
1470 115
1470 115
1470 115
1471 115
1471 115
1471 115
1471 115
1472 115
1472 115
1472 115
1472 115
1473 115
1473 115
1473 115
1473 115
1474 115
1474 115
1474 115
1474 115
1475 115
1475 115
1475 115
1475 115
1476 115
1476 115
1476 115
1476 115
1477 115
1477 115
1477 115
1477 115
1478 115
1478 115
1478 115
1478 115
1479 115
1479 115
1479 115
1479 115
1480 115
1480 115
1480 115
1480 115
1481 115
1481 115
1481 115
1481 115
1482 115
1482 115
1482 115
1482 115
1483 115
1483 115
1483 115
1483 115
1484 115
1484 115
1484 115
1484 115
1485 115
1485 115
1485 115
1486 115
1486 115
1486 115
1486 115
1487 115
1487 115
1487 115
1487 115
1488 115
1488 115
1488 115
1488 115
1489 115
1489 115
1489 115
1489 115
1490 115
1490 115
1490 115
1490 115
1491 115
1491 115
1491 115
1491 115
1492 115
1492 115
1492 115
1492 115
1493 115
1493 115
1493 115
1493 115
1494 115
1494 115
1494 115
1494 115
1495 115
1495 115
1495 115
1495 115
1496 115
1496 115
1496 115
1496 115
1497 115
1497 115
1497 115
1497 115
1498 115
1498 115
1498 115
1498 115
1499 115
1499 115
1499 115
1499 115
1500 115
1500 115
1500 115
1500 115
1501 115
1501 115
1501 115
1501 115
1502 115
1502 115
1502 115
1502 115
1503 115
1503 115
1503 115
1503 115
1504 115
1504 115
1504 115
1504 115
1505 115
1505 115
1505 115
1505 115
1506 115
1506 115
1506 115
1506 115
1507 115
1507 115
1507 115
1508 115
1508 115
1508 115
1508 115
1509 115
1509 115
1509 115
1509 115
1510 115
1510 115
1510 115
1510 115
1511 115
1511 115
1511 115
1511 115
1512 115
1512 115
1512 115
1512 115
1513 115
1513 115
1513 115
1513 115
1514 115
1514 115
1514 115
1514 115
1515 115
1515 115
1515 115
1516 115
1516 115
1516 115
1516 115
1517 115
1517 115
1517 115
1517 115
1518 115
1518 115
1518 115
1518 115
1519 115
1519 115
1519 115
1519 115
1520 115
1520 115
1520 115
1520 115
1520 115
1520 115
1520 115
1521 115
1521 115
1521 115
1521 115
1522 115
1522 115
1522 115
1523 115
1523 115
1523 115
1523 115
1524 115
1524 115
1524 115
1524 115
1525 115
1525 115
1525 115
1525 115
1526 115
1526 115
1526 115
1526 115
1527 115
1527 115
1527 115
1527 115
1528 115
1528 115
1528 115
1528 115
1529 115
1529 115
1529 115
1529 115
1530 115
1530 115
1530 115
1530 115
1531 115
1531 115
1531 115
1531 115
1532 115
1532 115
1532 115
1532 115
1533 115
1533 115
1533 115
1533 115
1534 115
1534 115
1534 115
1534 115
1535 115
1535 115
1535 115
1535 115
1536 115
1536 115
1536 115
1536 115
1537 115
1537 115
1537 115
1537 115
1538 115
1538 115
1538 115
1538 115
1539 115
1539 115
1539 115
1539 115
1540 115
1540 115
1540 115
1540 115
1541 115
1541 115
1541 115
1542 115
1542 115
1542 115
1542 115
1543 115
1543 115
1543 115
1544 115
1544 115
1544 115
1544 115
1545 115
1545 115
1545 115
1545 115
1546 115
1546 115
1546 115
1546 115
1547 115
1547 115
1547 115
1547 115
1548 115
1548 115
1548 115
1548 115
1549 115
1549 115
1549 115
1549 115
1550 115
1550 115
1550 115
1550 115
1551 115
1551 115
1551 115
1551 115
1552 115
1552 115
1552 115
1552 115
1552 115
1552 115
1552 115
1553 115
1553 115
1553 115
1553 115
1554 115
1554 115
1554 115
1554 115
1555 115
1555 115
1555 115
1555 115
1556 115
1556 115
1556 115
1556 115
1557 115
1557 115
1557 115
1557 115
1558 115
1558 115
1558 115
1558 115
1559 115
1559 115
1559 115
1559 115
1560 115
1560 115
1560 115
1560 115
1561 115
1561 115
1561 115
1561 115
1562 115
1562 115
1562 115
1563 115
1563 115
1563 115
1563 115
1564 115
1564 115
1564 115
1564 115
1565 115
1565 115
1565 115
1566 115
1566 115
1566 115
1566 115
1567 115
1567 115
1567 115
1567 115
1568 115
1568 115
1568 115
1568 115
1569 115
1569 115
1569 115
1569 115
1570 115
1570 115
1570 115
1570 115
1571 115
1571 115
1571 115
1571 115
1572 115
1572 115
1572 115
1572 115
1573 115
1573 115
1573 115
1573 115
1574 115
1574 115
1574 115
1574 115
1575 115
1575 115
1575 115
1575 115
1576 115
1576 115
1576 115
1576 115
1577 115
1577 115
1577 115
1577 115
1578 115
1578 115
1578 115
1578 115
1579 115
1579 115
1579 115
1579 115
1580 115
1580 115
1580 115
1580 115
1581 115
1581 115
1581 115
1581 115
1581 115
1581 115
1581 115
1582 115
1582 115
1582 115
1583 115
1583 115
1583 115
1583 115
1584 115
1584 115
1584 115
1584 115
1585 115
1585 115
1585 115
1585 115
1586 115
1586 115
1586 115
1587 115
1587 115
1587 115
1588 115
1588 115
1588 115
1588 115
1589 115
1589 115
1589 115
1589 115
1590 115
1590 115
1590 115
1590 115
1591 115
1591 115
1591 115
1591 115
1592 115
1592 115
1592 115
1592 115
1593 115
1593 115
1593 115
1593 115
1594 115
1594 115
1594 115
1594 115
1595 115
1595 115
1595 115
1595 115
1596 115
1596 115
1596 115
1596 115
1597 115
1597 115
1597 115
1597 115
1598 115
1598 115
1598 115
1598 115
1599 115
1599 115
1599 115
1599 115
1600 115
1600 115
1600 115
1600 115
1601 115
1601 115
1601 115
1601 115
1602 115
1602 115
1602 115
1602 115
1603 115
1603 115
1603 115
1604 115
1604 115
1604 115
1604 115
1605 115
1605 115
1605 115
1605 115
1606 115
1606 115
1606 115
1606 115
1607 115
1607 115
1607 115
1607 115
1608 115
1608 115
1608 115
1609 115
1609 115
1609 115
1609 115
1610 115
1610 115
1610 115
1610 115
1610 115
1610 115
1610 115
1611 115
1611 115
1611 115
1612 115
1612 115
1612 115
1612 115
1613 115
1613 115
1613 115
1613 115
1614 115
1614 115
1614 115
1614 115
1615 115
1615 115
1615 115
1615 115
1616 115
1616 115
1616 115
1616 115
1617 115
1617 115
1617 115
1617 115
1618 115
1618 115
1618 115
1618 115
1619 115
1619 115
1619 115
1619 115
1620 115
1620 115
1620 115
1620 115
1621 115
1621 115
1621 115
1621 115
1622 115
1622 115
1622 115
1622 115
1623 115
1623 115
1623 115
1623 115
1624 115
1624 115
1624 115
1625 115
1625 115
1625 115
1625 115
1626 115
1626 115
1626 115
1626 115
1627 115
1627 115
1627 115
1628 115
1628 115
1628 115
1628 115
1629 115
1629 115
1629 115
1629 115
1630 115
1630 115
1630 115
1630 115
1631 115
1631 115
1631 115
1631 115
1632 115
1632 115
1632 115
1632 115
1633 115
1633 115
1633 115
1633 115
1634 115
1634 115
1634 115
1634 115
1635 115
1635 115
1635 115
1635 115
1636 115
1636 115
1636 115
1637 115
1637 115
1637 115
1637 115
1638 115
1638 115
1638 115
1638 115
1639 115
1639 115
1639 115
1639 115
1640 115
1640 115
1640 115
1640 115
1641 115
1641 115
1641 115
1641 115
1642 115
1642 115
1642 115
1642 115
1643 115
1643 115
1643 115
1643 115
1644 115
1644 115
1644 115
1644 115
1644 115
1644 115
1645 115
1645 115
1645 115
1645 115
1646 115
1646 115
1646 115
1646 115
1647 115
1647 115
1647 115
1648 115
1648 115
1648 115
1648 115
1649 115
1649 115
1649 115
1649 115
1650 115
1650 115
1650 115
1650 115
1651 115
1651 115
1651 115
1651 115
1652 115
1652 115
1652 115
1652 115
1653 115
1653 115
1653 115
1653 115
1654 115
1654 115
1654 115
1654 115
1655 115
1655 115
1655 115
1655 115
1656 115
1656 115
1656 115
1656 115
1657 115
1657 115
1657 115
1658 115
1658 115
1658 115
1658 115
1659 115
1659 115
1659 115
1659 115
1660 115
1660 115
1660 115
1660 115
1661 115
1661 115
1661 115
1661 115
1662 115
1662 115
1662 115
1662 115
1663 115
1663 115
1663 115
1663 115
1664 115
1664 115
1664 115
1664 115
1665 115
1665 115
1665 115
1665 115
1665 115
1665 115
1666 115
1666 115
1666 115
1666 115
1667 115
1667 115
1667 115
1668 115
1668 115
1668 115
1668 115
1669 115
1669 115
1669 115
1669 115
1670 115
1670 115
1670 115
1670 115
1671 115
1671 115
1671 115
1671 115
1672 115
1672 115
1672 115
1672 115
1673 115
1673 115
1673 115
1673 115
1674 115
1674 115
1674 115
1674 115
1675 115
1675 115
1675 115
1675 115
1676 115
1676 115
1676 115
1676 115
1677 115
1677 115
1677 115
1678 115
1678 115
1678 115
1678 115
1679 115
1679 115
1679 115
1679 115
1680 115
1680 115
1680 115
1680 115
1681 115
1681 115
1681 115
1681 115
1682 115
1682 115
1682 115
1682 115
1683 115
1683 115
1683 115
1683 115
1684 115
1684 115
1684 115
1684 115
1685 115
1685 115
1685 115
1685 115
1686 115
1686 115
1686 115
1686 115
1686 115
1686 115
1686 115
1687 115
1687 115
1687 115
1688 115
1688 115
1688 115
1688 115
1689 115
1689 115
1689 115
1689 115
1690 115
1690 115
1690 115
1690 115
1691 115
1691 115
1691 115
1692 115
1692 115
1692 115
1692 115
1693 115
1693 115
1693 115
1693 115
1694 115
1694 115
1694 115
1694 115
1695 115
1695 115
1695 115
1695 115
1696 115
1696 115
1696 115
1697 115
1697 115
1697 115
1697 115
1698 115
1698 115
1698 115
1698 115
1699 115
1699 115
1699 115
1699 115
1700 115
1700 115
1700 115
1700 115
1701 115
1701 115
1701 115
1701 115
1702 115
1702 115
1702 115
1702 115
1703 115
1703 115
1703 115
1703 115
1704 115
1704 115
1704 115
1704 115
1705 115
1705 115
1705 115
1705 115
1706 115
1706 115
1706 115
1706 115
1707 115
1707 115
1707 115
1707 115
1707 115
1707 115
1708 115
1708 115
1708 115
1708 116
1709 116
1709 116
1709 116
1709 116
1710 116
1710 116
1710 116
1710 116
1711 116
1711 116
1711 116
1711 116
1712 116
1712 116
1712 116
1712 116
1713 116
1713 116
1713 116
1713 116
1714 116
1714 116
1714 116
1714 116
1715 116
1715 116
1715 116
1715 116
1716 116
1716 116
1717 116
1717 116
1717 116
1717 116
1718 116
1718 116
1718 116
1718 116
1719 116
1719 116
1719 116
1719 116
1720 116
1720 116
1720 116
1720 116
1721 116
1721 116
1721 116
1721 116
1722 116
1722 116
1722 116
1722 116
1723 116
1723 116
1723 116
1723 116
1724 116
1724 116
1724 116
1724 116
1725 116
1725 116
1725 116
1725 116
1726 116
1726 116
1726 116
1726 116
1727 116
1727 116
1727 116
1727 116
1727 116
1727 116
1728 116
1728 116
1728 116
1728 116
1729 116
1729 116
1729 116
1729 116
1730 116
1730 116
1730 116
1730 116
1731 116
1731 116
1731 116
1731 116
1732 116
1732 116
1732 116
1732 116
1733 116
1733 116
1733 116
1733 116
1734 116
1734 116
1734 116
1734 116
1735 116
1735 116
1735 116
1735 116
1736 116
1736 116
1736 116
1737 116
1737 116
1737 116
1737 116
1738 116
1738 116
1738 116
1738 116
1739 116
1739 116
1739 116
1739 116
1740 116
1740 116
1740 116
1740 116
1741 116
1741 116
1741 116
1741 116
1742 116
1742 116
1742 116
1742 116
1743 116
1743 116
1743 116
1743 116
1744 116
1744 116
1744 116
1744 116
1745 116
1745 116
1745 116
1745 116
1746 116
1746 116
1746 116
1746 116
1747 116
1747 116
1747 116
1747 116
1747 116
1747 116
1748 116
1748 116
1748 116
1748 116
1749 116
1749 116
1749 116
1749 116
1750 116
1750 116
1750 116
1750 116
1751 116
1751 116
1751 116
1751 116
1752 116
1752 116
1752 116
1752 116
1753 116
1753 116
1753 116
1753 116
1754 116
1754 116
1754 116
1754 116
1755 116
1755 116
1755 116
1755 116
1756 116
1756 116
1756 116
1757 116
1757 116
1757 116
1758 116
1758 116
1758 116
1758 116
1759 116
1759 116
1759 116
1759 116
1760 116
1760 116
1760 116
1760 116
1761 116
1761 116
1761 116
1761 116
1762 116
1762 116
1762 116
1762 116
1763 116
1763 116
1763 116
1763 116
1764 116
1764 116
1764 116
1764 116
1765 116
1765 116
1765 116
1765 116
1766 116
1766 116
1766 116
1766 116
1767 116
1767 116
1767 116
1767 116
1767 116
1767 116
1768 116
1768 116
1768 116
1768 116
1769 116
1769 116
1769 116
1769 116
1770 116
1770 116
1770 116
1770 116
1771 116
1771 116
1771 116
1771 116
1772 116
1772 116
1772 116
1772 116
1773 116
1773 116
1773 116
1773 116
1774 116
1774 116
1774 116
1774 116
1775 116
1775 116
1775 116
1775 116
1776 116
1776 116
1776 116
1776 116
1777 116
1777 116
1777 116
1778 116
1778 116
1778 116
1778 116
1779 116
1779 116
1779 116
1779 116
1780 116
1780 116
1780 116
1781 116
1781 116
1781 116
1781 116
1782 116
1782 116
1782 116
1782 116
1783 116
1783 116
1783 116
1783 116
1784 116
1784 116
1784 116
1784 116
1785 116
1785 116
1785 116
1785 116
1786 116
1786 116
1786 116
1786 116
1787 116
1787 116
1787 116
1787 116
1787 116
1787 116
1788 116
1788 116
1788 116
1788 116
1789 116
1789 116
1789 116
1789 116
1790 116
1790 116
1790 116
1790 116
1791 116
1791 116
1791 116
1791 116
1792 116
1792 116
1792 116
1792 116
1793 116
1793 116
1793 116
1793 116
1794 116
1794 116
1794 116
1794 116
1795 116
1795 116
1795 116
1795 116
1796 116
1796 116
1796 116
1797 116
1797 116
1797 116
1797 116
1798 116
1798 116
1798 116
1798 116
1799 116
1799 116
1799 116
1799 116
1800 116
1800 116
1800 116
1800 116
1801 116
1801 116
1801 116
1801 116
1802 116
1802 116
1802 116
1802 116
1803 116
1803 116
1803 116
1803 116
1804 116
1804 116
1804 116
1804 116
1805 116
1805 116
1805 116
1805 116
1806 116
1806 116
1806 116
1806 116
1807 116
1807 116
1807 116
1807 116
1808 116
1808 116
1808 116
1808 116
1809 116
1809 116
1809 116
1810 116
1810 116
1810 116
1810 116
1811 116
1811 116
1811 116
1811 116
1812 116
1812 116
1812 116
1812 116
1813 116
1813 116
1813 116
1813 116
1814 116
1814 116
1814 116
1814 116
1815 116
1815 116
1815 116
1815 116
1816 116
1816 116
1816 116
1817 116
1817 116
1817 116
1817 116
1818 116
1818 116
1818 116
1818 116
1819 116
1819 116
1819 116
1819 116
1820 116
1820 116
1820 116
1820 116
1821 116
1821 116
1821 116
1821 116
1822 116
1822 116
1822 116
1822 116
1823 116
1823 116
1823 116
1823 116
1824 116
1824 116
1824 116
1824 116
1825 116
1825 116
1825 116
1825 116
1826 116
1826 116
1826 116
1826 116
1827 116
1827 116
1827 116
1827 116
1828 116
1828 116
1828 116
1828 116
1829 116
1829 116
1829 116
1829 116
1830 116
1830 116
1830 116
1830 116
1831 116
1831 116
1831 116
1832 116
1832 116
1832 116
1832 116
1833 116
1833 116
1833 116
1833 116
1834 116
1834 116
1834 116
1834 116
1835 116
1835 116
1835 116
1835 116
1836 116
1836 116
1836 116
1837 116
1837 116
1837 116
1837 116
1838 116
1838 116
1838 116
1838 116
1839 116
1839 116
1839 116
1839 116
1840 116
1840 116
1840 116
1840 116
1841 116
1841 116
1841 116
1841 116
1842 116
1842 116
1842 116
1842 116
1843 116
1843 116
1843 116
1843 116
1844 116
1844 116
1844 116
1844 116
1845 116
1845 116
1845 116
1845 116
1846 116
1846 116
1846 116
1846 116
1847 116
1847 116
1847 116
1847 116
1848 116
1848 116
1848 116
1849 116
1849 116
1849 116
1849 116
1850 116
1850 116
1850 116
1850 116
1851 116
1851 116
1851 116
1851 116
1852 116
1852 116
1852 116
1852 116
1853 116
1853 116
1853 116
1854 116
1854 116
1854 116
1854 116
1855 116
1855 116
1855 116
1855 116
1856 116
1856 116
1856 116
1856 116
1857 116
1857 116
1857 116
1857 116
1858 116
1858 116
1858 116
1858 116
1859 116
1859 116
1859 116
1859 116
1860 116
1860 116
1860 116
1860 116
1861 116
1861 116
1861 116
1862 116
1862 116
1862 116
1862 116
1863 116
1863 116
1863 116
1863 116
1864 116
1864 116
1864 116
1864 116
1865 116
1865 116
1865 116
1865 116
1866 116
1866 116
1866 116
1866 116
1867 116
1867 116
1867 116
1867 116
1868 116
1868 116
1868 116
1869 116
1869 116
1869 116
1869 116
1870 116
1870 116
1870 116
1870 116
1871 116
1871 116
1871 116
1871 116
1872 116
1872 116
1872 116
1872 116
1873 116
1873 116
1873 116
1873 116
1874 116
1874 116
1874 116
1874 116
1875 116
1875 116
1875 116
1876 116
1876 116
1876 116
1876 116
1877 116
1877 116
1877 116
1877 116
1878 116
1878 116
1878 116
1878 116
1879 116
1879 116
1879 116
1879 116
1880 116
1880 116
1880 116
1880 116
1881 116
1881 116
1881 116
1881 116
1882 116
1882 116
1882 116
1882 116
1883 116
1883 116
1883 116
1883 116
1884 116
1884 116
1884 116
1885 116
1885 116
1885 116
1885 116
1886 116
1886 116
1886 116
1886 116
1887 116
1887 116
1887 116
1887 116
1888 116
1888 116
1888 116
1888 116
1889 116
1889 116
1889 116
1890 116
1890 116
1890 116
1890 116
1891 116
1891 116
1891 116
1891 116
1892 116
1892 116
1892 116
1892 116
1893 116
1893 116
1893 116
1893 116
1894 116
1894 116
1894 116
1894 116
1895 116
1895 116
1895 116
1895 116
1895 116
1895 116
1895 116
1896 116
1896 116
1896 116
1897 116
1897 116
1897 116
1897 116
1898 116
1898 116
1898 116
1898 116
1899 116
1899 116
1899 116
1899 116
1900 116
1900 116
1900 116
1900 116
1901 116
1901 116
1901 116
1901 116
1902 116
1902 116
1902 116
1902 116
1903 116
1903 116
1903 116
1903 116
1904 116
1904 116
1904 116
1904 116
1905 116
1905 116
1905 116
1906 116
1906 116
1906 116
1906 116
1907 116
1907 116
1907 116
1907 116
1908 116
1908 116
1908 116
1908 116
1909 116
1909 116
1909 116
1909 116
1910 116
1910 116
1910 116
1910 116
1911 116
1911 116
1911 116
1911 116
1912 116
1912 116
1912 116
1912 116
1913 116
1913 116
1913 116
1913 116
1914 116
1914 116
1914 116
1914 116
1915 116
1915 116
1915 116
1915 116
1916 116
1916 116
1916 116
1916 116
1917 116
1917 116
1917 116
1917 116
1918 116
1918 116
1919 116
1919 116
1919 116
1919 116
1919 116
1919 116
1919 116
1920 116
1920 116
1920 116
1920 116
1921 116
1921 116
1921 116
1921 116
1922 116
1922 116
1922 116
1922 116
1923 116
1923 116
1923 116
1923 116
1924 116
1924 116
1924 116
1924 116
1925 116
1925 116
1925 116
1925 116
1926 116
1926 116
1926 116
1927 116
1927 116
1927 116
1927 116
1928 116
1928 116
1928 116
1928 116
1929 116
1929 116
1929 116
1929 116
1930 116
1930 116
1930 116
1930 116
1931 116
1931 116
1931 116
1931 116
1932 116
1932 116
1932 116
1932 116
1933 116
1933 116
1933 116
1933 116
1934 116
1934 116
1934 116
1934 116
1935 116
1935 116
1935 116
1935 116
1936 116
1936 116
1936 116
1936 116
1937 116
1937 116
1937 116
1937 117
1938 117
1938 117
1938 117
1938 117
1939 117
1939 117
1939 117
1940 117
1940 117
1940 117
1940 117
1941 117
1941 117
1941 117
1941 117
1942 117
1942 117
1942 117
1942 117
1943 117
1943 117
1943 117
1943 117
1944 117
1944 117
1944 117
1944 117
1945 117
1945 117
1945 117
1946 117
1946 117
1946 117
1946 117
1947 117
1947 117
1947 117
1947 117
1948 117
1948 117
1948 117
1949 117
1949 117
1949 117
1949 117
1950 117
1950 117
1950 117
1950 117
1951 117
1951 117
1951 117
1951 117
1952 117
1952 117
1952 117
1952 117
1953 117
1953 117
1953 117
1953 117
1954 117
1954 117
1954 117
1954 117
1955 117
1955 117
1955 117
1955 117
1956 117
1956 117
1956 117
1956 117
1957 117
1957 117
1957 117
1957 117
1958 117
1958 117
1958 117
1958 117
1959 117
1959 117
1959 117
1959 117
1960 117
1960 117
1960 117
1960 117
1961 117
1961 117
1961 117
1962 117
1962 117
1962 117
1962 117
1963 117
1963 117
1963 117
1963 117
1964 117
1964 117
1964 117
1964 117
1965 117
1965 117
1965 117
1965 117
1966 117
1966 117
1966 117
1967 117
1967 117
1967 117
1967 117
1968 117
1968 117
1968 117
1968 117
1969 117
1969 117
1969 117
1970 117
1970 117
1970 117
1970 117
1971 117
1971 117
1971 117
1971 117
1972 117
1972 117
1972 117
1972 117
1973 117
1973 117
1973 117
1973 117
1974 117
1974 117
1974 117
1974 117
1975 117
1975 117
1975 117
1975 117
1976 117
1976 117
1976 117
1976 117
1977 117
1977 117
1977 117
1977 117
1978 117
1978 117
1978 117
1978 117
1979 117
1979 117
1979 117
1979 117
1980 117
1980 117
1980 117
1980 117
1981 117
1981 117
1981 117
1981 117
1982 117
1982 117
1982 117
1982 117
1983 117
1983 117
1983 117
1984 117
1984 117
1984 117
1984 117
1985 117
1985 117
1985 117
1985 117
1986 117
1986 117
1986 117
1986 117
1987 117
1987 117
1987 117
1987 117
1988 117
1988 117
1988 117
1989 117
1989 117
1989 117
1989 117
1990 117
1990 117
1990 117
1991 117
1991 117
1991 117
1991 117
1992 117
1992 117
1992 117
1992 117
1993 117
1993 117
1993 117
1993 117
1994 117
1994 117
1994 117
1994 117
1995 117
1995 117
1995 117
1995 117
1996 117
1996 117
1996 117
1996 117
1997 117
1997 117
1997 117
1997 117
1998 117
1998 117
1998 117
1998 117
1999 117
1999 117
1999 117
1999 117
2000 117
2000 117
2000 117
2000 117
2001 117
2001 117
2001 117
2001 117
2002 117
2002 117
2002 117
2002 117
2003 117
2003 117
2003 117
2003 117
2004 117
2004 117
2004 117
2004 117
2005 117
2005 117
2005 117
2006 117
2006 117
2006 117
2006 117
2007 117
2007 117
2007 117
2007 117
2008 117
2008 117
2008 117
2009 117
2009 117
2009 117
2009 117
2010 117
2010 117
2010 117
2010 117
2011 117
2011 117
2011 117
2012 117
2012 117
2012 117
2012 117
2013 117
2013 117
2013 117
2013 117
2014 117
2014 117
2014 117
2014 117
2015 117
2015 117
2015 117
2015 117
2016 117
2016 117
2016 117
2016 117
2017 117
2017 117
2017 117
2017 117
2018 117
2018 117
2018 117
2018 117
2019 117
2019 117
2019 117
2019 117
2020 117
2020 117
2020 117
2020 117
2021 117
2021 117
2021 117
2021 117
2021 117
2021 117
2021 117
2022 117
2022 117
2022 117
2022 117
2023 117
2023 117
2023 117
2023 117
2024 117
2024 117
2024 117
2024 117
2025 117
2025 117
2025 117
2025 117
2026 117
2026 117
2026 117
2027 117
2027 117
2027 117
2028 117
2028 117
2028 117
2028 117
2029 117
2029 117
2029 117
2029 117
2030 117
2030 117
2030 117
2030 117
2031 117
2031 117
2031 117
2032 117
2032 117
2032 117
2032 117
2033 117
2033 117
2033 117
2033 117
2034 117
2034 117
2034 117
2034 117
2035 117
2035 117
2035 117
2035 117
2036 117
2036 117
2036 117
2036 117
2037 117
2037 117
2037 117
2037 117
2038 117
2038 117
2038 117
2038 117
2039 117
2039 117
2039 117
2039 117
2040 117
2040 117
2040 117
2040 117
2041 117
2041 117
2041 117
2041 117
2042 117
2042 117
2042 117
2042 117
2042 117
2042 117
2042 117
2043 117
2043 117
2043 117
2043 117
2044 117
2044 117
2044 117
2044 117
2045 117
2045 117
2045 117
2045 117
2046 117
2046 117
2046 117
2047 117
2047 117
2047 117
2047 117
2048 117
2048 117
2048 117
2048 117
2049 117
2049 117
2049 117
2049 117
2050 117
2050 117
2050 117
2050 117
2051 117
2051 117
2051 117
2051 117
2052 117
2052 117
2052 117
2053 117
2053 117
2053 117
2053 117
2054 117
2054 117
2054 117
2054 117
2055 117
2055 117
2055 117
2055 117
2056 117
2056 117
2056 117
2057 117
2057 117
2057 117
2057 117
2058 117
2058 117
2058 117
2058 117
2059 117
2059 117
2059 117
2059 117
2060 117
2060 117
2060 117
2060 117
2061 117
2061 117
2061 117
2061 117
2062 117
2062 117
2062 117
2062 117
2063 117
2063 117
2063 117
2063 117
2064 117
2064 117
2064 117
2064 117
2064 117
2064 117
2064 117
2065 117
2065 117
2065 117
2066 117
2066 117
2066 117
2066 117
2067 117
2067 117
2067 117
2067 117
2068 117
2068 117
2068 117
2068 117
2069 117
2069 117
2069 117
2069 117
2070 117
2070 117
2070 117
2070 117
2071 117
2071 117
2071 117
2071 117
2072 117
2072 117
2072 117
2072 117
2073 117
2073 117
2073 117
2074 117
2074 117
2074 117
2074 117
2075 117
2075 117
2075 117
2075 117
2076 117
2076 117
2076 117
2076 117
2077 117
2077 117
2077 117
2077 117
2078 117
2078 117
2078 117
2078 117
2079 117
2079 117
2079 117
2079 117
2080 117
2080 117
2080 117
2080 117
2081 117
2081 117
2081 117
2081 117
2082 117
2082 117
2082 117
2082 117
2083 117
2083 117
2083 117
2083 117
2084 117
2084 117
2084 117
2084 117
2085 117
2085 117
2085 117
2085 117
2086 117
2086 117
2086 117
2087 117
2087 117
2087 117
2087 117
2088 117
2088 117
2088 117
2088 117
2089 117
2089 117
2089 117
2089 117
2090 117
2090 117
2090 117
2090 117
2091 117
2091 117
2091 117
2091 117
2092 117
2092 117
2092 117
2092 117
2093 117
2093 117
2093 117
2093 117
2094 117
2094 117
2094 117
2094 117
2095 117
2095 117
2095 117
2095 117
2096 117
2096 117
2096 117
2096 117
2097 117
2097 117
2097 117
2097 117
2098 117
2098 117
2098 117
2098 117
2099 117
2099 117
2099 117
2099 117
2100 117
2100 117
2100 117
2100 117
2101 117
2101 117
2101 117
2101 117
2102 117
2102 117
2102 117
2102 117
2103 117
2103 117
2103 117
2103 117
2104 117
2104 117
2104 117
2105 117
2105 117
2105 117
2105 117
2106 117
2106 117
2106 117
2106 117
2107 117
2107 117
2107 117
2108 117
2108 117
2108 117
2108 117
2109 117
2109 117
2109 117
2110 117
2110 117
2110 117
2110 117
2111 117
2111 117
2111 117
2111 117
2112 117
2112 117
2112 117
2112 117
2113 117
2113 117
2113 117
2113 117
2114 117
2114 117
2114 117
2114 117
2115 117
2115 117
2115 117
2115 117
2116 117
2116 117
2116 117
2116 117
2117 117
2117 117
2117 117
2117 117
2118 117
2118 117
2118 117
2118 117
2119 117
2119 117
2119 117
2119 117
2120 117
2120 117
2120 117
2120 117
2121 117
2121 117
2121 117
2121 117
2122 117
2122 117
2122 117
2122 117
2123 117
2123 117
2123 117
2123 117
2124 117
2124 117
2124 117
2124 117
2125 117
2125 117
2125 117
2125 117
2126 117
2126 117
2126 117
2126 117
2127 117
2127 117
2127 117
2127 117
2128 117
2128 117
2128 117
2128 117
2128 117
2129 117
2129 117
2129 117
2129 117
2130 117
2130 117
2130 117
2130 117
2131 117
2131 117
2131 117
2131 117
2132 117
2132 117
2132 117
2132 117
2133 117
2133 117
2133 117
2133 117
2134 117
2134 117
2134 117
2134 117
2135 117
2135 117
2135 117
2135 117
2136 117
2136 117
2136 117
2136 117
2137 117
2137 117
2137 117
2137 117
2138 117
2138 117
2138 117
2138 117
2139 117
2139 117
2139 117
2139 117
2140 117
2140 117
2140 117
2140 117
2141 117
2141 117
2141 117
2141 117
2142 117
2142 117
2142 117
2142 117
2143 117
2143 117
2143 117
2143 117
2144 117
2144 117
2144 117
2144 117
2145 117
2145 117
2145 117
2145 117
2146 117
2146 117
2146 117
2146 117
2147 117
2147 117
2147 117
2147 117
2148 117
2148 117
2149 117
2149 117
2149 117
2149 117
2149 117
2149 117
2149 117
2150 117
2150 117
2150 117
2150 117
2151 117
2151 117
2151 117
2151 117
2152 117
2152 117
2152 117
2152 117
2153 117
2153 117
2153 117
2153 117
2154 117
2154 117
2154 117
2154 117
2155 117
2155 117
2155 117
2155 117
2156 117
2156 117
2156 117
2156 117
2157 117
2157 117
2157 117
2157 117
2158 117
2158 117
2158 117
2158 117
2159 117
2159 117
2159 117
2159 117
2160 117
2160 117
2160 117
2160 117
2161 117
2161 117
2161 117
2161 117
2162 117
2162 117
2162 117
2162 117
2163 117
2163 117
2163 117
2163 117
2164 117
2164 117
2164 117
2164 117
2165 117
2165 117
2165 117
2165 117
2166 117
2166 117
2166 117
2166 117
2167 117
2167 117
2168 117
2168 117
2168 117
2168 117
2169 117
2169 117
2169 117
2169 117
2170 117
2170 117
2170 117
2170 117
2171 117
2171 117
2171 117
2171 117
2172 117
2172 117
2172 117
2172 117
2173 117
2173 117
2173 117
2173 117
2174 117
2174 117
2174 117
2174 117
2175 117
2175 117
2175 117
2175 117
2176 117
2176 117
2176 117
2176 117
2177 117
2177 117
2177 117
2177 117
2178 117
2178 117
2178 117
2178 117
2179 117
2179 117
2179 117
2179 117
2180 117
2180 117
2180 117
2181 117
2181 117
2181 117
2181 117
2182 117
2182 117
2182 117
2182 117
2183 117
2183 117
2183 117
2183 117
2184 117
2184 117
2184 117
2184 117
2185 117
2185 117
2185 117
2185 117
2186 117
2186 117
2186 117
2186 117
2187 117
2187 117
2187 117
2188 117
2188 117
2188 117
2189 117
2189 117
2189 117
2189 117
2190 117
2190 117
2190 117
2190 117
2191 117
2191 117
2191 117
2191 117
2192 117
2192 117
2192 117
2192 117
2193 117
2193 117
2193 117
2193 117
2194 117
2194 117
2194 117
2194 117
2195 117
2195 117
2195 117
2195 117
2196 117
2196 117
2196 117
2196 117
2197 117
2197 117
2197 117
2197 117
2198 117
2198 117
2198 117
2198 117
2199 117
2199 117
2199 117
2199 117
2200 117
2200 117
2200 117
2200 117
2201 117
2201 117
2201 117
2201 117
2202 117
2202 117
2202 117
2202 117
2203 117
2203 117
2203 117
2203 117
2204 117
2204 117
2204 117
2204 117
2205 117
2205 117
2205 117
2205 117
2206 117
2206 117
2206 117
2206 117
2207 117
2207 117
2207 117
2208 117
2208 117
2208 117
2208 117
2209 117
2209 117
2209 117
2209 117
2210 117
2210 117
2210 117
2210 117
2211 117
2211 117
2211 117
2211 117
2211 117
2211 117
2211 117
2212 117
2212 117
2212 117
2212 117
2213 117
2213 117
2213 117
2213 117
2214 117
2214 117
2214 117
2214 117
2215 117
2215 117
2215 117
2215 117
2216 117
2216 117
2216 117
2216 117
2217 117
2217 117
2217 117
2217 117
2218 117
2218 117
2218 117
2218 117
2219 117
2219 117
2219 117
2219 117
2220 117
2220 117
2220 117
2220 117
2221 117
2221 117
2221 117
2221 117
2222 117
2222 117
2222 117
2222 117
2223 117
2223 117
2223 117
2223 117
2224 117
2224 117
2224 117
2224 117
2225 117
2225 117
2225 117
2225 117
2226 117
2226 117
2226 117
2226 117
2227 117
2227 117
2227 117
2227 117
2228 117
2228 117
2228 117
2228 117
2229 117
2229 117
2229 117
2229 117
2230 117
2230 117
2230 117
2230 117
2231 117
2231 117
2231 117
2231 117
2232 117
2232 117
2232 117
2232 117
2232 117
2232 117
2232 117
2233 117
2233 117
2233 117
2233 117
2234 117
2234 117
2234 117
2234 117
2235 117
2235 117
2235 117
2235 117
2236 117
2236 117
2236 117
2236 117
2237 117
2237 117
2237 117
2237 117
2238 117
2238 117
2238 117
2238 117
2239 117
2239 117
2239 117
2239 117
2240 117
2240 117
2240 117
2240 117
2241 117
2241 117
2242 117
2242 117
2242 117
2242 117
2243 117
2243 117
2243 117
2243 117
2244 117
2244 117
2244 117
2244 117
2245 117
2245 117
2245 117
2245 117
2246 117
2246 117
2246 117
2246 117
2247 117
2247 117
2247 117
2247 117
2248 117
2248 117
2248 117
2248 117
2249 117
2249 117
2249 117
2249 117
2250 117
2250 117
2250 117
2250 117
2251 117
2251 117
2251 117
2251 117
2252 117
2252 117
2252 117
2252 117
2253 117
2253 117
2253 117
2253 117
2253 117
2253 117
2253 117
2254 117
2254 117
2254 117
2254 117
2255 117
2255 117
2255 117
2255 117
2256 117
2256 117
2256 117
2256 117
2257 117
2257 117
2257 117
2257 117
2258 117
2258 117
2258 117
2258 117
2259 117
2259 117
2259 117
2259 117
2260 117
2260 117
2260 117
2260 117
2261 117
2261 117
2261 117
2261 117
2262 117
2262 117
2262 117
2262 117
2263 117
2263 117
2263 117
2263 117
2264 117
2264 117
2264 117
2264 117
2265 117
2265 117
2265 117
2265 117
2266 117
2266 117
2266 117
2266 117
2267 117
2267 117
2267 117
2267 117
2268 117
2268 117
2268 117
2268 117
2269 117
2269 117
2269 117
2269 117
2270 117
2270 117
2270 117
2271 117
2271 117
2271 117
2271 117
2272 117
2272 117
2272 117
2272 117
2273 117
2273 117
2273 117
2273 117
2273 117
2273 117
2273 117
2274 117
2274 117
2274 117
2274 117
2275 117
2275 117
2275 117
2275 117
2276 117
2276 117
2276 117
2276 117
2277 117
2277 117
2277 117
2277 117
2278 117
2278 117
2278 117
2278 117
2279 117
2279 117
2279 117
2279 117
2280 117
2280 117
2280 117
2280 117
2281 117
2281 117
2281 117
2281 117
2282 117
2282 117
2282 117
2282 117
2283 117
2283 117
2283 117
2283 117
2284 117
2284 117
2284 117
2284 117
2285 117
2285 117
2285 117
2285 117
2286 117
2286 117
2286 117
2286 117
2287 117
2287 117
2287 117
2287 117
2288 117
2288 117
2288 117
2288 117
2289 117
2289 117
2289 117
2289 117
2290 117
2290 117
2290 117
2290 117
2291 117
2291 117
2291 117
2291 117
2292 117
2292 117
2292 117
2292 117
2293 117
2293 117
2293 117
2294 117
2294 117
2294 117
2294 117
2295 117
2295 117
2295 117
2295 117
2296 117
2296 117
2296 117
2296 117
2297 117
2297 117
2297 117
2297 117
2298 117
2298 117
2298 117
2298 117
2299 117
2299 117
2299 117
2299 117
2300 117
2300 117
2300 117
2300 117
2301 117
2301 117
2301 117
2301 117
2302 117
2302 117
2302 117
2302 117
2303 117
2303 117
2303 117
2303 117
2304 117
2304 117
2304 117
2304 117
2305 117
2305 117
2305 117
2305 117
2306 117
2306 117
2306 117
2306 117
2307 117
2307 117
2307 117
2307 117
2308 117
2308 117
2308 117
2308 117
2309 117
2309 117
2309 117
2309 117
2310 117
2310 117
2310 117
2310 117
2311 117
2311 117
2311 117
2311 117
2312 117
2312 117
2312 117
2312 117
2313 117
2313 117
2313 117
2313 117
2314 117
2314 117
2314 117
2314 117
2315 117
2315 117
2315 117
2315 117
2316 117
2316 117
2316 117
2316 117
2317 117
2317 117
2317 117
2317 117
2318 117
2318 117
2318 117
2318 117
2319 117
2319 117
2319 117
2319 117
2320 117
2320 117
2320 117
2320 117
2321 117
2321 117
2321 117
2321 117
2322 117
2322 117
2322 117
2322 117
2323 117
2323 117
2323 117
2323 117
2323 117
2323 117
2323 117
2324 117
2324 117
2324 117
2324 117
2325 117
2325 117
2325 117
2325 117
2326 117
2326 117
2326 117
2326 117
2327 117
2327 117
2327 117
2327 117
2328 117
2328 117
2328 117
2328 117
2329 117
2329 117
2329 117
2329 117
2330 117
2330 117
2330 117
2330 117
2331 117
2331 117
2331 117
2331 117
2332 117
2332 117
2332 117
2332 117
2333 117
2333 117
2333 117
2333 117
2334 117
2334 117
2334 117
2334 117
2335 117
2335 117
2335 117
2335 117
2336 117
2336 117
2336 117
2336 117
2337 117
2337 117
2337 117
2337 117
2338 117
2338 117
2338 117
2338 117
2339 117
2339 117
2339 117
2339 117
2340 117
2340 117
2340 117
2340 117
2341 117
2341 117
2341 117
2341 117
2342 117
2342 117
2342 117
2342 117
2343 117
2343 117
2343 117
2343 117
2344 117
2344 117
2344 117
2344 117
2345 117
2345 117
2345 117
2345 117
2346 117
2346 117
2346 117
2346 117
2347 117
2347 117
2347 117
2347 117
2348 117
2348 117
2348 117
2348 117
2349 117
2349 117
2349 117
2349 117
2350 117
2350 117
2350 117
2350 117
2351 117
2351 117
2351 117
2351 117
2352 117
2352 117
2352 117
2352 117
2353 117
2353 117
2353 117
2353 117
2354 117
2354 117
2354 117
2354 117
2355 117
2355 117
2355 117
2355 117
2356 117
2356 117
2356 117
2356 117
2357 117
2357 117
2357 117
2357 117
2358 117
2358 117
2358 117
2358 117
2359 117
2359 117
2359 117
2359 117
2360 117
2360 117
2360 117
2360 117
2361 117
2361 117
2361 117
2361 117
2362 117
2362 117
2362 117
2362 117
2363 117
2363 117
2363 117
2363 117
2364 117
2364 117
2364 117
2364 117
2365 117
2365 117
2365 117
2365 117
2366 117
2366 117
2366 117
2366 117
2367 117
2367 117
2367 117
2367 117
2368 117
2368 117
2368 117
2368 117
2369 117
2369 117
2369 117
2369 117
2370 117
2370 117
2370 117
2370 117
2371 117
2371 117
2371 117
2371 117
2372 117
2372 117
2372 117
2373 117
2373 117
2373 117
2373 117
2374 117
2374 117
2374 117
2374 117
2375 117
2375 117
2375 117
2375 117
2376 117
2376 117
2376 117
2376 117
2377 117
2377 117
2377 117
2377 117
2378 117
2378 117
2378 117
2378 117
2379 117
2379 117
2379 117
2379 117
2380 117
2380 117
2380 117
2380 117
2381 117
2381 117
2381 117
2381 117
2382 117
2382 117
2382 117
2382 117
2383 117
2383 117
2383 117
2383 117
2384 117
2384 117
2384 117
2384 117
2385 117
2385 117
2385 117
2385 117
2386 117
2386 117
2386 117
2386 117
2387 117
2387 117
2387 117
2387 117
2388 117
2388 117
2388 117
2388 117
2389 117
2389 117
2389 117
2389 117
2390 117
2390 117
2390 117
2390 117
2391 117
2391 117
2391 117
2391 117
2392 117
2392 117
2392 117
2392 117
2393 117
2393 117
2393 117
2393 117
2394 117
2394 117
2394 117
2394 117
2395 117
2395 117
2395 117
2395 117
2396 117
2396 117
2396 117
2396 117
2397 117
2397 117
2397 117
2397 117
2398 117
2398 117
2398 117
2398 117
2399 117
2399 117
2399 117
2399 117
2400 117
2400 117
2400 117
2400 117
2401 117
2401 117
2401 117
2401 117
2402 117
2402 117
2402 117
2402 117
2403 117
2403 117
2403 117
2403 117
2404 117
2404 117
2404 117
2404 117
2405 117
2405 117
2405 117
2405 117
2406 117
2406 117
2406 117
2406 117
2407 117
2407 117
2407 117
2407 117
2408 117
2408 117
2408 117
2409 117
2409 117
2409 117
2409 117
2410 117
2410 117
2410 117
2410 117
2411 117
2411 117
2411 117
2411 117
2412 117
2412 117
2412 117
2412 117
2413 117
2413 117
2413 117
2413 117
2414 117
2414 117
2414 117
2414 117
2415 117
2415 117
2415 117
2415 117
2416 117
2416 117
2416 117
2416 117
2417 117
2417 117
2417 117
2417 117
2418 117
2418 117
2418 117
2418 117
2419 117
2419 117
2419 117
2419 117
2420 117
2420 117
2420 117
2420 117
2421 117
2421 117
2421 117
2421 117
2422 117
2422 117
2422 117
2422 117
2423 117
2423 117
2423 117
2423 117
2424 117
2424 117
2424 117
2424 117
2425 117
2425 117
2425 117
2425 117
2426 117
2426 117
2426 117
2426 117
2427 117
2427 117
2427 117
2427 117
2428 117
2428 117
2428 117
2428 117
2429 117
2429 117
2429 117
2429 117
2429 117
2429 117
2429 117
2430 117
2430 117
2430 117
2430 117
2431 117
2431 117
2431 117
2431 117
2432 117
2432 117
2432 117
2432 117
2433 117
2433 117
2433 117
2433 117
2434 117
2434 117
2434 117
2434 117
2435 117
2435 117
2435 117
2435 117
2436 117
2436 117
2436 117
2436 117
2437 117
2437 117
2437 117
2437 117
2438 117
2438 117
2438 117
2438 117
2439 117
2439 117
2439 117
2439 117
2440 117
2440 117
2440 117
2440 117
2441 117
2441 117
2441 117
2441 117
2442 117
2442 117
2442 117
2442 117
2443 117
2443 117
2443 117
2443 117
2444 117
2444 117
2444 117
2444 117
2445 117
2445 117
2445 117
2445 117
2446 117
2446 117
2446 117
2446 117
2447 117
2447 117
2447 117
2447 117
2448 117
2448 117
2448 117
2448 117
2449 117
2449 117
2449 117
2449 117
2450 117
2450 117
2450 117
2450 117
2451 117
2451 117
2451 117
2451 117
2452 117
2452 117
2452 117
2452 117
2453 117
2453 117
2453 117
2453 117
2454 117
2454 117
2454 117
2454 117
2455 117
2455 117
2455 117
2455 117
2456 117
2456 117
2456 117
2456 117
2457 117
2457 117
2457 117
2457 117
2458 117
2458 117
2458 117
2458 117
2459 117
2459 117
2459 117
2459 117
2460 117
2460 117
2460 117
2460 117
2461 117
2461 117
2461 117
2461 117
2462 117
2462 117
2462 117
2462 117
2463 117
2463 117
2463 117
2463 117
2464 117
2464 117
2464 117
2464 117
2465 117
2465 117
2465 117
2465 117
2466 117
2466 117
2466 117
2466 117
2467 117
2467 117
2467 117
2467 117
2468 117
2468 117
2468 117
2468 117
2469 117
2469 117
2469 117
2469 117
2470 117
2470 117
2470 117
2470 117
2471 117
2471 117
2471 117
2471 117
2472 117
2472 117
2472 117
2472 117
2473 117
2473 117
2473 117
2473 117
2474 117
2474 117
2474 117
2474 117
2475 117
2475 117
2475 117
2475 117
2476 117
2476 117
2476 117
2476 117
2477 117
2477 117
2477 117
2477 117
2478 117
2478 117
2478 117
2478 117
2479 117
2479 117
2479 117
2479 117
2480 117
2480 117
2480 117
2480 117
2481 117
2481 117
2481 117
2481 117
2482 117
2482 117
2482 117
2482 117
2483 117
2483 117
2483 117
2483 117
2484 117
2484 117
2484 117
2484 117
2485 117
2485 117
2485 117
2485 117
2486 117
2486 117
2486 117
2486 117
2487 117
2487 117
2487 117
2487 117
2488 117
2488 117
2488 117
2488 117
2489 117
2489 117
2489 117
2489 117
2490 117
2490 117
2490 117
2490 117
2491 117
2491 117
2491 117
2491 117
2492 117
2492 117
2492 117
2492 117
2493 117
2493 117
2493 117
2493 117
2494 117
2494 117
2494 117
2494 117
2495 117
2495 117
2495 117
2495 117
2496 117
2496 117
2496 117
2496 117
2497 117
2497 117
2497 117
2497 117
2498 117
2498 117
2498 117
2498 117
2499 117
2499 117
2499 117
2499 117
2500 117
2500 117
2500 117
2500 117
2501 117
2501 117
2501 117
2501 117
2502 117
2502 117
2502 117
2502 117
2503 117
2503 117
2503 117
2503 117
2504 117
2504 117
2504 117
2504 117
2505 117
2505 117
2505 117
2505 117
2506 117
2506 117
2506 117
2506 117
2507 117
2507 117
2507 117
2507 117
2508 117
2508 117
2508 117
2508 117
2509 117
2509 117
2509 117
2509 117
2510 117
2510 117
2510 117
2510 117
2511 117
2511 117
2511 117
2511 117
2512 117
2512 117
2512 117
2512 117
2513 117
2513 117
2513 117
2513 117
2514 117
2514 117
2514 117
2514 117
2515 117
2515 117
2515 117
2515 117
2516 117
2516 117
2516 117
2516 117
2517 117
2517 117
2517 117
2518 117
2518 117
2518 117
2518 117
2519 117
2519 117
2519 117
2519 117
2520 117
2520 117
2520 117
2520 117
2521 117
2521 117
2521 117
2521 117
2522 117
2522 117
2522 117
2522 117
2523 117
2523 117
2523 117
2523 117
2524 117
2524 117
2524 117
2524 117
2525 117
2525 117
2525 117
2525 117
2526 117
2526 117
2526 117
2526 117
2527 117
2527 117
2527 117
2527 117
2528 117
2528 117
2528 117
2528 117
2529 117
2529 117
2529 117
2529 117
2530 117
2530 117
2530 117
2530 117
2531 117
2531 117
2531 117
2531 117
2532 117
2532 117
2532 117
2532 117
2533 117
2533 117
2533 117
2533 117
2534 117
2534 117
2534 117
2534 117
2535 117
2535 117
2535 117
2535 117
2536 117
2536 117
2536 117
2536 117
2537 117
2537 117
2537 117
2538 117
2538 117
2538 117
2538 117
2539 117
2539 117
2539 117
2539 117
2540 117
2540 117
2540 117
2540 117
2541 117
2541 117
2541 117
2541 117
2542 117
2542 117
2542 117
2542 117
2543 117
2543 117
2543 117
2543 117
2544 117
2544 117
2544 117
2544 117
2545 117
2545 117
2545 117
2545 117
2546 117
2546 117
2546 117
2546 117
2547 117
2547 117
2547 117
2547 117
2548 117
2548 117
2548 117
2548 117
2549 117
2549 117
2549 117
2549 117
2550 117
2550 117
2550 117
2550 117
2551 117
2551 117
2551 117
2551 117
2552 117
2552 117
2552 117
2552 117
2553 117
2553 117
2553 117
2553 117
2554 117
2554 117
2554 117
2554 117
2555 117
2555 117
2555 117
2555 117
2556 117
2556 117
2556 117
2556 117
2557 117
2557 117
2557 117
2557 117
2558 117
2558 117
2558 117
2559 117
2559 117
2559 117
2559 117
2560 117
2560 117
2560 117
2560 117
2561 117
2561 117
2561 117
2561 117
2562 117
2562 117
2562 117
2562 117
2563 117
2563 117
2563 139
2563 139