
0 0
0 1
0 1
1 1
1 1
1 1
1 1
2 1
2 1
2 1
2 1
3 1
3 1
3 1
3 1
4 1
4 1
4 1
4 1
5 1
5 1
5 1
5 1
6 1
6 1
6 1
6 1
7 1
7 1
7 1
7 1
8 1
8 1
8 1
8 1
9 1
9 1
9 1
9 1
10 1
10 1
10 1
10 1
11 1
11 1
11 1
11 1
12 1
12 1
12 1
12 1
13 1
13 1
13 1
13 1
14 1
14 1
14 1
14 1
15 1
15 1
15 1
15 1
16 1
16 1
16 1
16 1
17 1
17 1
17 1
17 1
18 1
18 1
18 1
18 1
19 1
19 1
19 1
19 1
20 1
20 1
20 1
20 1
21 1
21 1
21 1
21 1
22 1
22 1
22 1
22 1
23 1
23 1
23 1
23 1
24 1
24 1
24 1
24 1
25 1
25 1
25 1
25 1
26 1
26 1
26 1
26 1
27 1
27 1
27 1
27 1
28 1
28 1
28 1
28 1
29 1
29 1
29 1
29 1
30 1
30 1
30 1
30 1
31 1
31 1
31 1
31 1
32 1
32 1
32 1
32 1
33 1
33 1
33 1
33 1
34 1
34 1
34 1
34 1
35 1
35 1
35 1
35 1
36 1
36 1
36 1
36 1
37 1
37 1
37 1
37 1
38 1
38 1
38 1
38 1
39 1
39 1
39 1
39 1
40 1
40 1
40 1
40 1
41 1
41 1
41 1
41 1
42 1
42 1
42 1
42 1
43 1
43 1
43 1
43 1
44 1
44 1
44 1
44 1
45 1
45 1
45 1
45 1
46 1
46 1
46 1
46 1
47 1
47 1
47 1
47 1
48 1
48 1
48 1
48 1
49 1
49 1
49 1
49 1
50 1
50 1
50 1
50 1
51 1
51 1
51 1
51 1
52 1
52 1
52 1
52 1
53 1
53 1
53 1
53 1
54 1
54 1
54 1
54 1
55 1
55 1
55 1
55 1
56 1
56 1
56 1
56 1
57 1
57 1
57 1
57 1
58 1
58 1
58 1
58 1
59 1
59 1
59 1
59 1
60 1
60 1
60 1
60 1
61 1
61 1
61 1
61 1
62 1
62 1
62 1
62 1
63 1
63 21
63 21
63 21
64 21
64 21
64 21
64 21
65 21
65 21
65 21
65 21
66 21
66 21
66 21
66 21
67 21
67 21
67 21
67 21
68 21
68 21
68 21
68 21
69 21
69 21
69 21
69 21
70 21
70 21
70 21
70 21
71 21
71 21
71 21
71 21
72 21
72 21
72 21
72 21
73 21
73 21
73 21
73 21
74 21
74 21
74 21
74 21
75 21
75 21
75 21
75 21
76 21
76 21
76 21
76 21
77 21
77 21
77 21
77 21
78 21
78 21
78 21
78 21
79 21
79 21
79 21
79 21
80 21
80 21
80 21
80 21
81 21
81 21
81 21
81 21
82 21
82 21
82 21
82 21
83 21
83 21
83 21
83 21
84 21
84 21
84 21
84 21
85 21
85 21
85 21
85 21
86 21
86 21
86 21
86 21
87 21
87 21
87 21
87 21
88 21
88 21
88 21
88 21
89 21
89 21
89 21
89 21
90 21
90 21
90 21
90 21
91 21
91 21
91 21
91 21
92 21
92 21
92 21
92 21
93 21
93 21
93 21
93 21
94 21
94 21
94 21
94 21
95 21
95 21
95 21
95 21
96 21
96 21
96 21
96 21
97 21
97 21
97 21
97 21
98 21
98 21
98 21
98 21
99 21
99 21
99 21
99 21
100 21
100 21
100 21
100 21
101 21
101 21
101 21
101 21
102 21
102 21
102 21
102 21
103 21
103 21
103 21
103 21
104 21
104 21
104 21
104 21
105 21
105 21
105 21
105 21
106 21
106 21
106 21
106 21
107 21
107 21
107 21
107 21
108 21
108 21
108 21
108 21
109 21
109 21
109 21
109 21
110 21
110 21
110 21
110 21
111 21
111 21
111 21
111 21
112 21
112 21
112 21
112 21
113 21
113 21
113 21
113 21
114 21
114 21
114 21
114 21
115 21
115 21
115 21
115 21
116 21
116 21
116 21
116 21
117 21
117 21
117 21
117 21
118 21
118 21
118 21
118 21
119 21
119 21
119 21
119 21
120 21
120 21
120 21
120 21
121 21
121 21
121 21
121 21
122 21
122 21
122 21
122 21
123 21
123 21
123 21
123 21
124 21
124 21
124 21
124 21
125 21
125 21
125 21
125 21
126 21
126 22
126 22
126 22
127 22
127 22
127 22
127 22
128 22
128 22
128 22
128 22
129 22
129 22
129 22
129 22
130 22
130 22
130 22
130 22
131 22
131 22
131 22
131 22
132 22
132 22
132 22
132 22
133 22
133 22
133 22
133 22
134 22
134 22
134 22
134 22
135 22
135 22
135 22
135 22
136 22
136 22
136 22
136 22
137 22
137 22
137 22
137 22
138 22
138 22
138 22
138 22
139 22
139 22
139 22
139 22
140 22
140 22
140 22
140 22
141 22
141 22
141 22
141 22
142 22
142 22
142 22
142 22
143 22
143 22
143 22
143 22
144 22
144 22
144 22
144 22
145 22
145 22
145 22
145 22
146 22
146 22
146 22
146 22
147 22
147 22
147 22
147 22
148 22
148 22
148 22
148 22
149 22
149 22
149 22
149 22
150 22
150 22
150 22
150 22
151 22
151 22
151 22
151 22
152 22
152 22
152 22
152 22
153 22
153 22
153 22
153 22
154 22
154 22
154 22
154 22
155 22
155 22
155 22
155 22
156 22
156 22
156 22
156 22
157 22
157 22
157 22
157 22
158 22
158 22
158 22
158 22
159 22
159 22
159 22
159 22
160 22
160 22
160 22
160 22
161 22
161 22
161 22
161 22
162 22
162 22
162 22
162 22
163 36
163 36
163 36
163 36
164 36
164 36
164 63
164 63
165 63
165 63
165 63
165 63
166 63
166 63
166 63
166 63
167 63
167 63
167 63
167 63
168 63
168 63
168 63
168 63
169 63
169 63
169 63
169 63
170 63
170 63
170 63
170 63
171 63
171 63
171 63
171 63
172 63
172 63
172 63
172 63
173 63
173 63
173 63
173 63
174 63
174 63
174 63
174 63
175 63
175 63
175 63
175 63
176 63
176 63
176 63
176 63
177 63
177 63
177 63
177 63
178 63
178 63
178 63
178 63
179 63
179 63
179 63
179 63
180 63
180 63
180 63
180 63
181 63
181 63
181 63
181 63
182 63
182 63
182 63
182 63
183 63
183 63
183 63
183 63
184 63
184 63
184 63
184 63
185 63
185 63
185 63
185 63
186 63
186 63
186 63
186 63
187 63
187 63
187 63
187 63
188 63
188 63
188 63
188 63
189 63
189 63
189 63
189 63
190 63
190 63
190 63
190 63
191 63
191 63
191 63
191 63
192 63
192 63
192 63
192 63
193 63
193 63
193 63
193 63
194 63
194 63
194 63
194 63
195 63
195 63
195 63
195 63
196 63
196 63
196 63
196 63
197 63
197 63
197 63
197 63
198 63
198 63
198 63
198 63
199 63
199 63
199 63
199 63
200 63
200 63
200 63
200 63
201 63
201 63
201 63
201 63
202 63
202 63
202 63
202 63
203 63
203 63
203 63
203 63
204 63
204 63
204 63
204 63
205 63
205 63
205 63
205 63
206 63
206 63
206 63
206 63
207 63
207 63
207 63
207 63
208 63
208 63
208 63
208 63
209 63
209 63
209 63
209 63
210 63
210 63
210 63
210 63
211 63
211 63
211 63
211 63
212 63
212 63
212 63
212 63
213 63
213 63
213 63
213 63
214 63
214 63
214 63
214 63
215 63
215 63
215 63
215 63
216 63
216 63
216 63
216 63
217 63
217 63
217 63
217 63
218 63
218 63
218 63
218 63
219 63
219 63
219 63
219 63
220 63
220 63
220 63
220 63
221 63
221 63
221 63
221 63
222 63
222 63
222 63
222 63
223 63
223 63
223 63
223 63
224 63
224 63
224 63
224 63
225 63
225 63
225 63
225 63
226 63
226 63
226 63
226 63
227 63
227 63
227 63
227 63
228 64
228 64
228 64
228 64
229 64
229 64
229 64
229 64
230 64
230 77
230 77
230 77
231 77
231 77
231 77
231 77
232 77
232 77
232 77
232 77
233 77
233 77
233 77
233 77
234 77
234 77
234 77
234 77
235 77
235 77
235 77
235 77
236 77
236 77
236 77
236 77
237 77
237 77
237 77
237 77
238 77
238 77
238 77
238 77
239 77
239 77
239 77
239 77
240 77
240 77
240 77
240 77
241 77
241 77
241 77
242 77
242 77
242 77
242 77
243 77
243 77
243 77
243 77
244 77
244 77
244 77
244 77
245 77
245 77
245 77
245 77
246 77
246 77
246 77
246 77
247 77
247 77
247 77
247 77
248 77
248 77
248 77
248 77
249 77
249 77
249 77
249 77
250 77
250 77
250 77
250 77
251 77
251 77
251 77
251 77
252 77
252 77
252 77
252 77
253 77
253 77
253 77
253 77
254 77
254 77
254 77
254 77
255 77
255 77
255 77
255 77
256 77
256 77
256 77
256 77
257 77
257 77
257 77
257 77
258 77
258 77
258 77
258 77
259 77
259 77
259 77
259 77
260 77
260 77
260 77
260 77
261 77
261 77
261 77
261 77
262 77
262 77
262 77
262 77
263 77
263 77
263 77
263 77
264 77
264 77
264 77
264 77
265 77
265 77
265 77
265 77
266 77
266 77
266 77
266 77
267 77
267 77
267 77
267 77
268 77
268 77
268 77
269 77
269 77
269 77
269 77
270 77
270 77
270 77
270 77
271 77
271 77
271 77
271 77
272 77
272 77
272 77
272 77
273 77
273 77
273 77
274 77
274 77
274 84
274 84
275 84
275 84
275 84
275 84
276 84
276 84
276 84
276 84
277 84
277 84
277 84
277 84
278 84
278 84
278 84
278 84
279 84
279 84
279 84
279 84
280 84
280 84
280 84
280 84
281 84
281 84
281 84
281 84
282 84
282 84
282 84
282 84
283 84
283 84
283 84
283 84
284 84
284 84
284 84
284 84
285 107
285 107
285 107
285 107
286 107
286 107
286 107
286 107
287 107
287 107
287 107
287 107
288 107
288 107
288 107
288 107
289 107
289 107
289 107
289 107
290 107
290 107
290 107
290 107
291 107
291 107
291 107
291 107
292 107
292 107
292 107
292 107
293 107
293 107
293 107
293 107
294 107
294 107
294 107
294 107
295 107
295 107
295 107
295 107
296 107
296 107
296 107
296 107
297 107
297 107
297 107
297 107
298 107
298 107
298 107
298 107
299 107
299 107
299 107
299 107
300 107
300 107
300 107
300 107
301 107
301 107
301 107
301 108
302 108
302 108
302 108
302 108
303 108
303 108
303 108
303 108
304 108
304 108
304 108
304 108
305 108
305 108
305 108
305 108
306 108
306 108
306 108
306 108
307 108
307 108
307 108
307 108
308 108
308 108
308 108
308 108
309 108
309 108
309 108
309 108
310 108
310 108
310 108
310 108
311 108
311 108
311 108
311 108
312 108
312 108
312 108
312 108
313 108
313 108
313 108
313 108
314 108
314 108
314 108
314 108
315 108
315 108
315 108
315 108
316 108
316 108
316 108
316 108
317 108
317 108
317 108
317 108
317 108
317 108
317 108
318 108
318 108
318 108
318 108
319 108
319 108
319 108
319 108
320 108
320 108
320 108
320 108
321 108
321 108
321 108
321 108
321 108
321 108
321 108
322 108
322 108
322 108
322 108
323 108
323 108
323 108
323 108
324 108
324 108
324 108
324 108
324 108
324 108
324 108
325 108
325 108
325 108
325 108
326 108
326 108
326 108
326 108
327 108
327 108
327 108
327 108
328 108
328 108
328 108
328 108
329 108
329 108
329 108
329 108
330 108
330 108
330 108
330 108
331 108
331 108
331 108
331 108
332 108
332 108
332 108
332 108
333 108
333 108
333 108
333 108
334 108
334 108
334 108
334 108
335 108
335 108
335 108
335 108
336 108
336 108
336 108
336 108
337 108
337 108
337 108
337 108
338 108
338 108
338 108
338 108
339 108
339 108
339 108
339 108
340 108
340 108
340 108
340 108
341 108
341 108
341 108
341 108
342 108
342 108
342 108
342 108
343 108
343 108
343 108
343 108
344 108
344 108
344 108
344 108
345 108
345 108
345 108
345 108
346 108
346 108
346 108
346 108
347 108
347 108
347 108
347 108
348 108
348 108
348 108
348 108
349 108
349 108
349 108
349 108
350 108
350 108
350 108
350 108
351 108
351 108
351 108
351 108
352 108
352 108
352 108
352 108
353 108
353 108
353 108
353 108
354 108
354 108
354 108
354 108
355 108
355 108
355 108
355 108
356 108
356 108
356 108
356 108
357 108
357 108
357 108
357 108
358 108
358 108
358 108
358 108
359 108
359 108
359 108
359 108
360 108
360 108
360 108
360 108
361 108
361 108
361 108
361 108
362 108
362 108
362 108
362 108
363 108
363 108
363 108
363 108
364 108
364 108
364 108
364 108
365 108
365 108
365 108
365 108
366 108
366 108
366 108
366 108
367 108
367 108
367 108
367 108
368 108
368 108
368 108
368 108
369 108
369 108
369 108
369 108
370 108
370 108
370 108
370 108
371 108
371 108
371 108
371 108
372 108
372 108
372 108
372 108
373 108
373 108
373 108
373 108
374 108
374 108
374 108
374 108
375 108
375 108
375 108
375 108
376 108
376 108
376 108
376 108
377 108
377 108
377 108
377 108
378 108
378 108
378 108
378 108
379 108
379 108
379 108
379 108
380 108
380 108
380 108
380 108
381 108
381 108
381 108
381 108
382 108
382 108
382 108
382 108
383 108
383 108
383 108
383 108
384 108
384 108
384 108
384 108
385 108
385 108
385 108
385 108
386 108
386 108
386 108
386 108
387 108
387 108
387 108
387 108
388 108
388 108
388 108
388 108
389 108
389 108
389 108
389 108
390 108
390 108
390 108
390 108
391 108
391 108
391 108
391 108
392 108
392 108
392 108
392 108
393 108
393 108
393 108
393 108
394 108
394 108
394 108
394 108
395 108
395 108
395 108
395 108
396 108
396 108
396 108
396 108
397 108
397 108
397 108
397 108
398 108
398 108
398 108
398 108
399 108
399 108
399 108
399 108
400 108
400 108
400 108
400 108
401 108
401 108
401 108
401 108
402 108
402 108
402 108
402 108
403 108
403 108
403 108
404 108
404 108
404 108
404 108
405 108
405 108
405 108
405 108
406 108
406 108
406 108
406 108
407 108
407 108
407 108
407 108
408 108
408 108
408 108
408 108
409 108
409 108
409 108
409 108
410 108
410 108
410 108
410 108
411 108
411 108
411 108
411 108
412 108
412 108
412 108
412 108
413 108
413 108
413 108
413 108
414 108
414 108
414 108
414 108
415 108
415 108
415 108
415 108
416 108
416 108
416 108
416 108
417 108
417 108
417 108
417 108
418 108
418 108
418 108
418 108
419 108
419 108
419 108
419 108
420 108
420 108
420 108
420 108
421 108
421 108
421 108
421 108
422 108
422 108
422 108
422 108
423 108
423 108
423 108
423 108
424 108
424 108
424 108
424 108
425 108
425 108
425 108
425 108
426 108
426 108
426 108
426 108
427 108
427 108
427 108
427 108
428 108
428 108
428 108
428 108
429 108
429 108
429 108
429 108
430 108
430 108
430 108
431 108
431 108
431 108
431 108
432 108
432 108
432 108
432 108
433 108
433 108
433 108
433 108
434 108
434 108
434 108
434 108
435 108
435 108
435 108
435 108
436 108
436 108
436 108
437 108
437 108
437 108
437 108
438 108
438 108
438 108
438 108
439 108
439 108
439 108
439 108
440 108
440 108
440 108
440 108
441 108
441 108
441 108
441 108
442 108
442 108
442 108
442 108
443 108
443 108
443 108
443 108
444 108
444 108
444 108
444 108
445 108
445 108
445 108
445 108
446 108
446 108
446 108
446 108
447 108
447 108
447 108
447 108
448 108
448 108
448 108
448 108
449 108
449 108
449 108
449 108
450 108
450 108
450 108
450 108
451 108
451 108
451 108
451 108
452 108
452 108
452 108
452 108
453 108
453 108
453 108
453 108
454 108
454 108
454 108
454 108
455 108
455 108
455 108
455 108
456 108
456 108
456 108
456 108
457 108
457 108
457 108
457 108
458 108
458 108
458 108
458 108
459 108
459 108
459 108
459 108
460 108
460 108
460 108
460 108
461 108
461 108
461 108
461 108
462 108
462 108
462 108
462 108
463 108
463 108
463 108
463 108
464 108
464 108
464 108
464 108
465 108
465 108
465 108
465 108
466 108
466 108
466 108
466 108
467 108
467 108
467 108
467 108
468 108
468 108
468 108
468 108
469 108
469 108
469 108
469 108
470 108
470 108
470 108
470 108
471 108
471 108
471 108
471 108
472 108
472 108
472 108
472 108
473 108
473 108
473 108
473 108
474 108
474 108
474 108
474 108
475 108
475 108
475 108
476 108
476 109
477 109
477 109
477 109
477 109
478 109
478 109
478 109
478 109
479 109
479 109
479 109
479 109
480 109
480 109
480 109
480 109
481 109
481 109
481 109
481 109
482 109
482 109
482 109
482 109
483 109
483 109
483 109
483 109
484 109
484 109
484 109
484 109
485 109
485 109
485 109
485 109
486 109
486 109
486 109
486 109
487 109
487 109
487 109
487 109
488 109
488 109
488 109
488 109
489 109
489 109
489 109
489 109
490 109
490 109
490 109
490 109
491 109
491 109
491 109
491 109
492 109
492 109
492 109
492 109
493 109
493 109
493 109
493 109
494 109
494 109
494 109
494 109
495 109
495 109
495 109
495 109
496 109
496 109
496 109
496 109
497 109
497 109
497 109
497 109
498 109
498 109
498 109
498 109
499 109
499 109
499 109
499 109
500 109
500 109
500 109
500 109
501 109
501 109
501 109
501 109
502 109
502 109
502 109
502 109
503 109
503 109
503 109
503 109
504 109
504 109
504 109
504 109
505 109
505 109
505 109
505 109
506 109
506 109
506 109
506 109
507 109
507 109
507 109
507 109
508 109
508 109
508 109
508 109
509 109
509 109
509 109
509 109
510 109
510 109
510 109
510 109
511 109
511 109
511 109
511 109
512 109
512 109
512 109
512 109
513 109
513 109
513 109
513 109
514 109
514 109
514 109
514 109
515 109
515 109
515 109
515 109
516 109
516 109
516 109
516 109
517 109
517 109
517 109
517 109
518 109
518 109
518 109
518 109
519 109
519 109
519 109
519 109
520 109
520 109
520 109
520 109
521 109
521 109
521 109
521 109
522 109
522 109
522 109
522 109
523 109
523 109
523 109
523 109
524 109
524 109
524 109
524 109
525 109
525 109
525 109
525 109
526 109
526 109
526 109
526 109
527 109
527 109
527 109
527 109
528 109
528 109
528 109
528 109
529 109
529 109
529 109
529 109
530 109
530 109
530 109
530 109
531 109
531 109
531 109
531 109
532 109
532 109
532 109
532 109
533 109
533 109
533 109
533 109
534 109
534 109
534 109
534 109
535 109
535 109
535 109
535 109
536 109
536 109
536 109
536 109
537 109
537 109
537 109
537 109
538 109
538 109
538 109
538 109
539 109
539 109
539 109
539 109
540 109
540 109
540 109
540 109
541 109
541 109
541 109
541 109
542 109
542 109
542 109
542 109
543 109
543 109
543 109
543 109
544 109
544 109
544 109
544 109
545 109
545 109
545 109
545 109
546 109
546 109
546 109
546 109
547 109
547 109
547 109
547 109
548 109
548 109
548 109
548 109
549 109
549 109
549 109
549 109
550 109
550 109
550 109
550 109
551 109
551 109
551 109
551 109
552 109
552 109
552 109
552 109
553 109
553 109
553 109
553 109
554 109
554 109
554 109
554 109
555 109
555 109
555 109
555 109
556 109
556 109
556 109
556 109
557 109
557 109
557 109
557 109
558 109
558 109
558 109
558 109
559 109
559 109
559 109
559 109
560 109
560 109
560 109
560 109
561 109
561 109
561 109
561 109
562 109
562 109
562 109
562 109
563 109
563 109
563 109
563 109
564 109
564 109
564 109
564 109
565 109
565 109
565 109
565 109
566 109
566 109
566 109
566 109
567 109
567 109
567 109
567 109
568 109
568 109
568 109
568 109
569 109
569 109
569 109
569 109
570 109
570 109
570 109
570 109
571 109
571 109
571 109
571 109
572 109
572 109
572 109
572 109
573 109
573 109
573 109
573 109
574 109
574 109
574 109
574 109
575 109
575 109
575 109
575 109
576 109
576 109
576 109
576 109
577 109
577 109
577 109
577 109
578 109
578 109
578 109
578 109
579 109
579 109
579 109
579 109
580 109
580 109
580 109
580 109
581 109
581 109
581 109
581 109
582 109
582 109
582 109
582 109
583 109
583 109
583 109
583 109
584 109
584 109
584 109
584 109
585 109
585 109
585 109
585 109
586 109
586 109
586 109
586 109
587 109
587 109
587 109
587 109
588 109
588 109
588 109
588 109
589 109
589 109
589 109
589 109
590 109
590 109
590 109
590 109
591 109
591 109
591 109
591 109
592 109
592 109
592 109
592 109
593 109
593 109
593 109
593 109
594 109
594 109
594 109
594 109
595 109
595 109
595 109
595 109
596 109
596 109
596 109
596 109
597 109
597 118
597 118
597 118
598 118
598 118
598 118
598 118
599 118
599 118
599 118
599 118
600 118
600 118
600 118
600 118
601 118
601 118
601 118
601 118
602 118
602 118
602 118
602 118
603 118
603 118
603 118
603 118
604 118
604 118
604 118
604 118
605 118
605 118
605 118
605 118
606 118
606 118
606 118
606 118
607 118
607 118
607 118
607 118
608 118
608 118
608 118
608 118
609 118
609 118
609 118
609 118
610 118
610 118
610 118
610 118
611 118
611 118
611 118
611 118
612 118
612 118
612 118
612 118
613 118
613 118
613 118
613 118
614 118
614 118
614 118
615 118
615 118
615 118
615 118
616 118
616 118
616 118
616 118
617 118
617 118
617 118
617 118
618 118
618 118
618 118
618 118
619 118
619 118
619 118
619 118
620 118
620 118
620 118
620 118
621 118
621 118
621 118
621 118
622 118
622 118
622 118
622 118
623 118
623 118
623 118
623 118
624 118
624 118
624 118
624 118
625 118
625 118
625 118
625 118
626 118
626 118
626 118
626 118
627 118
627 118
627 118
627 118
628 118
628 118
628 118
628 118
629 118
629 118
629 118
629 118
630 118
630 118
630 118
630 118
631 118
631 118
631 118
631 118
632 118
632 118
632 118
632 118
633 118
633 118
633 118
633 118
634 118
634 118
634 118
634 118
635 118
635 118
635 118
636 118
636 118
636 118
636 118
637 118
637 118
637 118
637 118
638 118
638 118
638 118
638 118
639 118
639 118
639 118
639 118
640 118
640 118
640 118
640 118
641 118
641 118
641 118
641 118
642 118
642 118
642 118
642 118
643 118
643 118
643 118
643 118
644 118
644 118
644 118
644 118
645 118
645 118
645 118
645 118
646 118
646 118
646 118
646 118
647 118
647 118
647 118
647 118
648 118
648 118
648 118
648 118
649 118
649 118
649 118
649 118
650 118
650 118
650 118
650 118
651 118
651 118
651 118
651 118
652 118
652 118
652 118
652 118
653 118
653 118
653 118
653 118
654 118
654 118
654 118
654 118
655 118
655 118
655 118
655 118
656 118
656 118
656 118
657 118
657 118
657 118
657 118
658 118
658 118
658 118
658 118
659 118
659 118
659 118
659 118
660 118
660 118
660 118
660 118
661 118
661 118
661 118
661 118
662 118
662 118
662 118
662 118
663 118
663 118
663 118
663 118
664 118
664 118
664 118
664 118
665 118
665 118
665 118
665 118
666 118
666 118
666 118
666 118
667 118
667 118
667 118
667 118
668 118
668 118
668 118
668 118
669 118
669 118
669 118
669 118
670 118
670 118
670 118
670 118
671 118
671 118
671 118
671 118
672 118
672 118
672 118
672 118
673 118
673 118
673 118
673 118
674 118
674 118
674 118
674 118
675 118
675 118
675 118
675 118
676 118
676 118
676 118
676 118
677 118
677 118
677 118
678 118
678 118
678 118
678 118
679 118
679 118
679 118
679 118
680 118
680 118
680 118
680 118
681 118
681 118
681 118
681 118
682 118
682 118
682 118
682 118
683 118
683 118
683 118
683 118
684 118
684 118
684 118
684 118
685 118
685 118
685 118
685 118
686 118
686 118
686 118
687 118
687 118
687 118
687 118
688 118
688 118
688 118
688 118
689 118
689 118
689 118
689 118
690 118
690 118
690 118
690 118
691 118
691 118
691 118
691 118
692 118
692 118
692 118
692 118
693 118
693 118
693 118
693 118
693 118
693 118
693 118
694 118
694 118
694 118
694 118
695 118
695 118
695 118
695 118
696 118
696 118
696 118
696 118
697 118
697 118
697 118
698 118
698 118
698 118
698 118
699 118
699 118
699 118
699 118
700 118
700 118
700 118
700 118
701 118
701 118
701 118
701 118
702 118
702 118
702 118
702 118
703 118
703 118
703 118
703 118
704 118
704 118
704 118
704 118
705 118
705 118
705 118
705 118
706 118
706 118
706 118
707 118
707 118
707 118
707 118
708 118
708 118
708 118
708 118
709 118
709 118
709 118
709 118
710 118
710 118
710 118
710 118
711 118
711 118
711 118
711 118
712 118
712 118
712 118
712 118
713 118
713 118
713 118
713 118
714 118
714 118
714 118
714 118
715 118
715 118
715 118
715 118
715 118
715 118
715 118
716 118
716 118
716 118
717 118
717 118
717 118
717 118
718 118
718 118
718 118
718 118
719 118
719 118
719 118
719 118
720 118
720 118
720 118
720 118
721 118
721 118
721 118
721 118
722 118
722 118
722 118
722 118
723 118
723 118
723 118
723 118
724 118
724 118
724 118
724 118
725 118
725 118
725 118
725 118
726 118
726 118
726 118
726 118
727 118
727 118
727 118
727 118
728 118
728 118
728 118
728 118
729 118
729 118
729 118
729 118
730 118
730 118
730 118
730 118
731 118
731 118
731 118
731 118
732 118
732 118
732 118
732 118
733 118
733 118
733 118
733 118
734 118
734 118
734 118
734 118
735 118
735 118
735 118
736 118
736 118
736 118
736 118
736 118
736 118
737 118
737 118
737 118
737 118
738 118
738 118
738 118
738 118
739 118
739 118
739 118
739 118
740 118
740 118
740 118
740 118
741 118
741 118
741 118
741 118
742 118
742 118
742 118
742 118
743 118
743 118
743 118
743 118
744 118
744 118
744 118
744 118
745 118
745 118
745 118
745 118
746 118
746 118
746 118
746 118
747 118
747 118
747 118
747 118
748 118
748 118
748 118
748 118
749 118
749 118
749 118
749 118
750 118
750 118
750 118
750 118
751 118
751 118
751 118
751 118
752 118
752 118
752 118
752 118
753 118
753 118
753 118
753 118
754 118
754 118
754 118
754 118
755 118
755 118
756 118
756 118
756 118
756 118
757 118
757 118
757 118
757 118
757 118
757 118
757 118
758 118
758 118
758 118
759 118
759 118
759 118
759 118
760 118
760 118
760 118
760 118
761 118
761 118
761 118
761 118
762 118
762 118
762 118
762 118
763 118
763 118
763 118
763 118
764 118
764 118
764 118
764 118
765 118
765 118
765 118
765 118
766 118
766 118
766 118
766 118
767 118
767 118
767 118
767 118
768 118
768 118
768 118
768 118
769 118
769 118
769 118
769 118
770 118
770 118
770 118
770 118
771 118
771 118
771 118
771 118
772 118
772 118
772 118
772 118
773 118
773 118
773 118
773 118
774 118
774 118
774 118
775 118
775 118
775 118
776 118
776 118
776 118
776 118
777 118
777 118
777 118
777 118
777 118
777 118
777 118
778 118
778 118
778 118
778 118
779 118
779 118
779 118
779 118
780 118
780 118
780 118
780 118
781 118
781 118
781 118
781 118
782 118
782 118
782 118
782 118
783 118
783 118
783 118
783 118
784 118
784 118
784 118
784 118
785 118
785 118
785 118
785 118
786 118
786 118
786 118
786 118
787 118
787 118
787 118
787 118
788 118
788 118
788 118
788 118
789 118
789 118
789 118
789 118
790 118
790 118
790 118
790 118
791 118
791 118
791 118
791 118
792 118
792 118
792 118
792 118
793 118
793 118
793 118
794 118
794 118
794 118
794 118
795 118
795 118
795 118
795 118
796 118
796 118
796 118
797 118
797 118
797 118
797 118
798 118
798 118
798 118
798 118
798 118
798 118
798 118
799 118
799 118
799 118
799 118
800 118
800 118
800 118
800 118
801 118
801 118
801 118
801 118
802 118
802 118
802 118
802 118
803 118
803 118
803 118
803 118
804 118
804 118
804 118
804 118
805 118
805 118
805 118
805 118
806 118
806 118
806 118
806 118
807 118
807 118
807 118
807 118
808 118
808 118
808 118
808 118
809 118
809 118
809 118
809 118
810 118
810 118
810 118
810 118
811 118
811 118
811 118
811 118
812 118
812 118
812 118
813 118
813 118
813 118
814 118
814 118
814 118
814 118
815 118
815 118
815 118
815 118
816 118
816 118
816 118
816 118
817 118
817 118
817 118
818 118
818 118
818 118
818 118
818 118
818 118
818 118
819 118
819 118
819 118
819 118
820 118
820 118
820 118
820 118
821 118
821 118
821 118
821 118
822 118
822 118
822 118
822 118
823 118
823 118
823 118
823 118
824 118
824 118
824 118
824 118
825 118
825 118
825 118
825 118
826 118
826 118
826 118
826 118
827 118
827 118
827 118
827 118
828 118
828 118
828 118
828 118
829 118
829 118
829 118
829 118
830 118
830 118
830 118
830 118
831 118
831 118
831 118
831 118
832 118
832 118
833 118
833 118
833 118
833 118
834 118
834 118
834 118
834 118
835 118
835 118
835 118
835 118
836 118
836 118
836 118
836 118
837 118
837 118
837 118
837 118
838 118
838 118
838 118
838 118
838 118
838 118
838 118
839 118
839 118
839 118
839 118
840 118
840 118
840 118
840 118
841 118
841 118
841 118
841 118
842 118
842 118
842 118
842 118
843 118
843 118
843 118
843 118
844 118
844 118
844 118
845 118
845 118
845 118
845 118
846 118
846 118
846 118
846 118
847 118
847 118
847 118
847 118
848 118
848 118
848 118
848 118
849 118
849 118
849 118
849 118
850 118
850 118
850 118
850 118
851 118
851 118
851 118
851 118
852 118
852 118
852 118
853 118
853 118
853 118
854 118
854 118
854 118
854 118
855 118
855 118
855 118
855 118
856 118
856 118
856 118
856 118
857 118
857 118
857 118
857 118
858 118
858 118
858 118
858 118
859 118
859 118
859 118
859 118
859 118
859 118
859 118
860 118
860 118
860 118
860 118
861 118
861 118
861 118
861 118
862 118
862 118
862 118
862 118
863 118
863 118
863 118
863 118
864 118
864 118
864 118
865 118
865 118
865 118
865 118
866 118
866 118
866 118
866 118
867 118
867 118
867 118
867 118
868 118
868 118
868 118
868 118
869 118
869 118
869 118
869 118
870 118
870 118
870 118
870 118
871 118
871 118
871 118
872 118
872 118
872 118
872 118
873 118
873 118
873 118
873 118
874 118
874 118
874 118
875 118
875 118
875 118
875 118
876 118
876 118
876 118
876 118
877 118
877 118
877 118
877 118
878 118
878 118
878 118
878 118
879 118
879 118
879 118
879 118
880 118
880 118
880 118
880 118
880 118
880 118
880 118
881 118
881 118
881 118
881 118
882 118
882 118
882 118
882 120
883 120
883 120
883 120
883 120
884 120
884 120
884 120
885 120
885 120
885 120
885 120
886 120
886 120
886 120
886 120
887 120
887 120
887 120
887 120
888 120
888 120
888 120
888 120
889 120
889 120
889 120
889 120
890 120
890 120
890 120
890 120
891 120
891 120
891 140
892 140
893 140
894 140
895 140
896 140
897 140
898 140
899 140
900 140
901 140
902 140
903 140
904 140
905 140
906 140
907 140
908 140
909 140
910 140
911 140
912 140
913 140
914 140
915 140
916 140
917 140
918 140
919 140
920 140
921 140
922 140
923 140
924 140
925 140
926 140
927 140
928 140
929 140
930 140
931 140
932 140
933 140
934 140
935 140
936 140
937 140
938 140
939 140
940 140
941 140
942 140
943 140
944 140
945 140
946 140
947 140
948 140
949 140
950 140
951 140
952 140
953 140
954 140
955 140
956 140
957 140
958 140
959 140
960 140
961 140
962 140
963 140
964 140
965 140
966 140
967 140
968 140
969 140
970 140
971 140
972 140
973 140
974 140
975 140
976 140
977 140
978 140
979 140
980 140
981 140
982 140
983 140
984 140
985 140
986 140
987 140
988 140
989 140
990 140
991 140
992 140
993 140
994 140
995 140
996 140
997 140
998 140
999 140
1000 140
1001 140
1002 140
1003 140
1004 140
1005 140
1006 140
1007 140
1008 140
1009 140
1010 140
1011 140
1012 140
1013 140
1014 140
1015 140
1016 140
1017 140
1018 140
1019 140
1020 140
1021 140
1022 140
1023 140
1024 140
1025 140
1026 140
1027 140
1028 140
1029 140
1030 140
1031 140
1032 140
1033 140
1034 140
1035 140
1036 140
1037 140
1038 140
1039 140
1040 140
1041 140
1042 140
1043 140
1044 140
1045 140
1046 140
1047 140
1048 140
1049 140
1050 140
1051 140
1052 140
1053 140
1054 140
1055 140
1056 140
1057 140
1058 140
1059 140
1060 140
1061 140
1062 140
1063 140
1064 140
1065 140
1066 140
1067 140
1068 140
1069 140
1070 140
1071 140
1072 140
1073 140
1074 140
1075 140
1076 140
1077 140
1078 140
1079 140
1080 140
1081 140
1082 140
1083 140
1084 140
1085 140
1086 140
1087 140
1088 140
1089 140
1090 140
1091 140
1092 140
1093 140
1094 140
1095 140
1096 140
1097 140
1098 140
1099 140
1100 140
1101 140
1102 140
1103 140
1104 140
1105 140
1106 140
1107 140
1108 140
1109 140
1110 140
1111 140
1112 140
1113 140
1114 140
1115 140
1116 140
1117 140
1118 140
1119 140
1120 140
1121 140
1122 140
1123 140
1124 140
1125 140
1126 140
1127 140
1128 140
1129 140
1130 140
1131 140
1132 140
1133 140
1134 140
1135 140
1136 140
1137 140
1138 140
1139 140
1140 140
1141 140
1142 140
1143 140
1144 140
1145 140
1146 140
1147 140
1148 140
1149 140
1150 140
1151 140
1152 140
1153 140
1154 140
1155 140
1156 140
1157 140
1158 140
1159 140
1160 140
1161 140
1162 140
1163 140
1164 140
1165 140
1166 140
1167 140
1168 140
1169 140
1170 140
1171 140
1172 140
1173 140
1174 140
1175 140
1176 140
1177 140
1178 140
1179 140
1180 140
1181 140
1182 140
1183 140
1184 140
1185 140
1186 140
1187 140
1188 140
1189 140
1190 140
1191 140
1192 140
1193 140
1194 140
1195 140
1196 140
1197 140
1198 140
1199 140
1200 140
1201 140
1202 140
1203 140
1204 140
1205 140
1206 140
1207 140
1208 140
1209 140
1210 140
1211 140
1212 140
1213 140
1214 140
1215 140
1216 140
1217 140
1218 140
1219 140
1220 140
1221 140
1222 140
1223 140
1224 140
1225 140
1226 140
1227 140
1228 140
1229 140
1230 140
1231 140
1232 140
1233 140
1234 140
1235 140
1236 140
1237 140
1238 140
1239 140
1240 140
1241 140
1242 140
1243 140
1244 140
1245 140
1246 140
1247 140
1248 140
1249 140
1250 140
1251 140
1252 140
1253 140
1254 140
1255 140
1256 140
1257 140
1258 140
1259 140
1260 140
1261 140
1262 140
1263 140
1264 140
1265 140
1266 140
1267 140
1268 140
1269 140
1270 140
1271 140
1272 140
1273 140
1274 140
1275 140
1276 140
1277 140
1278 140
1279 140
1280 140
1281 140
1282 140
1283 140
1284 140
1285 140
1286 140
1287 140
1288 140
1289 140
1290 140
1291 140
1292 140
1293 140
1294 140
1295 140
1296 140
1297 140
1298 140
1299 140
1300 140
1301 140
1302 140
1303 140
1304 140
1305 140
1306 140
1307 140
1308 140
1309 140
1310 140
1311 140
1312 140
1313 140
1314 140
1315 140
1316 140
1317 140
1318 140
1319 140
1320 140
1321 140
1322 140
1323 140
1324 140
1325 140
1326 140
1327 140
1328 140
1329 140
1330 140
1331 140
1332 140
1333 140
1334 140
1335 140
1336 140
1337 140
1338 140
1339 140
1340 140
1341 140
1342 140
1343 140
1344 140
1345 140
1346 140
1347 140
1348 140
1349 140
1350 140
1351 140
1352 140
1353 140
1354 140
1355 140
1356 140
1357 140
1358 140
1359 140
1360 140
1361 140
1362 140
1363 140
1364 140
1365 140
1366 140
1367 140
1368 140
1369 140
1370 140
1371 140
1372 140
1373 140
1374 140
1375 140
1376 140
1377 140
1378 140
1379 140
1380 140
1381 140
1382 140
1383 140
1384 140
1385 140
1386 140
1387 140
1388 140
1389 140
1390 140
1391 140
1392 140
1393 140
1394 140
1395 140
1396 140
1397 140
1398 140
1399 140
1400 140
1401 140
1402 140
1403 140
1404 140
1405 140
1406 140
1407 140
1408 140
1409 140
1410 140
1411 140
1412 140
1413 140
1414 140
1415 140
1416 140
1417 140
1418 140
1419 140
1420 140
1421 140
1422 140
1423 140
1424 140
1425 140
1426 140
1427 140
1428 140
1429 140
1430 140
1431 140
1432 140
1433 140
1434 140
1435 140
1436 140
1437 140
1438 140
1439 140
1440 140
1441 140
1442 140
1443 140
1444 140
1445 140
1446 140
1447 140
1448 140
1449 140
1450 140
1451 140
1452 140
1453 140
1454 140
1455 140
1456 140
1457 140
1458 140
1459 140
1460 140
1461 140
1462 140
1463 140
1464 140
1465 140
1466 140
1467 140
1468 140
1469 140
1470 140
1471 140
1472 140
1473 140
1474 140
1475 140
1476 140
1477 140
1478 140
1479 140
1480 140
1481 140
1482 140
1483 140
1484 140
1485 140
1486 140
1487 140
1488 140
1489 140
1490 140
1491 140
1492 140
1493 140
1494 140
1495 140
1496 140
1497 140
1498 140
1499 140
1500 140
1501 140
1502 140
1503 140
1504 140
1505 140
1506 140
1507 140
1508 140
1509 140
1510 140
1511 140
1512 140
1513 140
1514 140
1515 140
1516 140
1517 140
1518 140
1519 140
1520 140
1521 140
1522 140
1523 140
1524 140
1525 140
1526 140
1527 140
1528 140
1529 140
1530 140
1531 140
1532 140
1533 140
1534 140
1535 140
1536 140
1537 140
1538 140
1539 140
1540 140
1541 140
1542 140
1543 140
1544 140
1545 140
1546 140
1547 140
1548 140
1549 140
1550 140
1551 140
1552 140
1553 140
1554 140
1555 140
1556 140
1557 140
1558 140
1559 140
1560 140
1561 140
1562 140
1563 140
1564 140
1565 140
1566 140
1567 140
1568 140
1569 140
1570 140
1571 140
1572 140
1573 140
1574 140
1575 140
1576 140
1577 140
1578 140
1579 140
1580 140
1581 140
1582 140
1583 140
1584 140
1585 140
1586 140
1587 140
1588 140
1589 140
1590 140
1591 140
1592 140
1593 140
1594 140
1595 140
1596 140
1597 140
1598 140
1599 140
1600 140
1601 140
1602 140
1603 140
1604 140
1605 140
1606 140
1607 140
1608 140
1609 140
1610 140
1611 140
1612 140
1613 140
1614 140
1615 140
1616 140
1617 140
1618 140
1619 140
1620 140
1621 140
1622 140
1623 140
1624 140
1625 140
1626 140
1627 140
1628 140
1629 140
1630 140
1631 140
1632 140
1633 140
1634 140
1635 140
1636 140
1637 140
1638 140
1639 140
1640 140
1641 140
1642 140
1643 140
1644 140
1645 140
1646 140
1647 140
1648 140
1649 140
1650 140
1651 140
1652 140
1653 140
1654 140
1655 140
1656 140
1657 140
1658 140
1659 140
1660 140
1661 140
1662 140
1663 140
1664 140
1665 140
1666 140
1667 140
1668 140
1669 140
1670 140
1671 140
1672 140
1673 140
1674 140
1675 140
1676 140
1677 140
1678 140
1679 140
1680 140
1681 140
1682 140
1683 140
1684 140
1685 140
1686 140
1687 140
1688 140
1689 140
1690 140
1691 140
1692 140
1693 140
1694 140
1695 140
1696 140
1697 140
1698 140
1699 140
1700 140
1701 140
1702 140
1703 140
1704 140
1705 140
1706 140
1707 140
1708 140
1709 140
1710 140
1711 140
1712 140
1713 140
1714 140
1715 140
1716 140
1717 140
1718 140
1719 140
1720 140
1721 140
1722 140
1723 140
1724 140
1725 140
1726 140
1727 140
1728 140
1729 140
1730 140
1731 140
1732 140
1733 140
1734 140
1735 140
1736 140
1737 140
1738 140
1739 140
1740 140
1741 140
1742 140
1743 140
1744 140
1745 140
1746 140
1747 140
1748 140
1749 140
1750 140
1751 140
1752 140
1753 140
1754 140
1755 140
1756 140
1757 140
1758 140
1759 140
1760 140
1761 140
1762 140
1763 140
1764 140
1765 140
1766 140
1767 140
1768 140
1769 140
1770 140
1771 140
1772 140
1773 140
1774 140
1775 140
1776 140
1777 140
1778 140
1779 140
1780 140
1781 140
1782 140
1783 140
1784 140
1785 140
1786 140
1787 140
1788 140
1789 140
1790 140
1791 140
1792 140
1793 140
1794 140
1795 140
1796 140
1797 140
1798 140
1799 140
1800 140
