
0 0
0 0
0 0
1 0
1 0
1 0
1 0
2 0
2 0
2 0
2 0
3 0
3 0
3 0
3 0
4 0
4 0
4 0
4 0
5 0
5 0
5 0
5 0
6 0
6 0
6 0
6 0
7 0
7 0
7 0
7 0
8 0
8 0
8 0
8 0
9 0
9 0
9 0
9 0
10 0
10 0
10 0
10 0
11 0
11 0
11 0
11 0
12 0
12 0
12 0
12 0
13 0
13 0
13 0
13 0
14 0
14 0
14 0
14 0
15 0
15 0
15 0
15 0
16 0
16 0
16 0
16 0
17 0
17 0
17 0
17 0
18 0
18 0
18 0
18 0
19 0
19 0
19 0
19 0
20 0
20 0
20 0
20 0
21 0
21 0
21 0
21 0
22 0
22 0
22 0
22 0
23 0
23 0
23 0
23 0
24 0
24 0
24 0
24 0
25 0
25 0
25 0
25 0
26 0
26 0
26 0
26 0
27 0
27 0
27 0
27 0
28 0
28 0
28 0
28 0
29 0
29 0
29 0
29 0
30 0
30 0
30 0
30 0
31 0
31 0
31 0
31 0
32 0
32 0
32 0
32 0
33 0
33 0
33 0
33 0
34 0
34 0
34 0
34 0
35 0
35 0
35 0
35 0
36 0
36 0
36 0
36 0
37 0
37 0
37 0
37 0
38 0
38 0
38 0
38 0
39 0
39 0
39 0
39 0
40 0
40 0
40 0
40 0
41 0
41 0
41 0
41 0
42 0
42 0
42 0
42 0
43 0
43 0
43 0
43 0
44 0
44 0
44 0
44 0
45 0
45 0
45 0
45 0
46 0
46 0
46 0
46 0
47 0
47 0
47 0
47 0
48 0
48 0
48 0
48 0
49 0
49 0
49 0
49 0
50 0
50 0
50 0
50 0
51 0
51 0
51 0
51 0
52 0
52 0
52 0
52 0
53 0
53 0
53 0
53 0
54 0
54 0
54 0
54 0
55 0
55 0
55 0
55 0
56 0
56 0
56 0
56 0
57 0
57 0
57 0
57 0
58 0
58 0
58 0
58 0
59 0
59 0
59 1
59 1
60 1
60 1
60 1
60 12
61 12
61 12
61 12
61 12
62 12
62 12
62 12
62 12
63 12
63 12
63 12
63 12
64 12
64 12
64 12
64 12
65 12
65 12
65 12
65 12
66 12
66 12
66 12
66 12
67 12
67 33
67 33
67 33
68 33
68 33
68 33
68 33
69 33
69 33
69 33
69 33
70 33
70 33
70 33
70 33
71 33
71 33
71 33
71 33
72 33
72 33
72 33
72 33
73 33
73 33
73 33
73 33
74 33
74 33
74 33
74 33
75 33
75 33
75 33
75 33
76 33
76 33
76 33
76 33
77 33
77 33
77 33
77 33
78 33
78 33
78 33
78 33
79 33
79 33
79 33
79 33
80 33
80 33
80 33
80 33
81 33
81 33
81 33
81 33
82 33
82 33
82 33
82 33
83 33
83 33
83 33
83 33
84 33
84 33
84 33
84 33
85 33
85 33
85 33
85 33
86 33
86 33
86 33
86 33
87 33
87 33
87 33
87 33
88 33
88 33
88 33
88 33
89 33
89 33
89 33
89 33
90 33
90 33
90 33
90 33
91 33
91 33
91 33
91 33
92 33
92 33
92 33
92 33
93 33
93 33
93 33
93 33
94 33
94 33
94 33
94 33
95 33
95 33
95 33
95 33
96 33
96 33
96 33
96 33
97 33
97 33
97 33
97 33
98 33
98 33
98 33
98 33
99 33
99 33
99 33
99 33
100 33
100 33
100 33
100 33
101 33
101 33
101 33
101 33
102 33
102 33
102 33
102 33
103 33
103 33
103 33
103 33
104 33
104 33
104 33
104 33
105 33
105 33
105 33
105 33
106 33
106 33
106 33
106 33
107 33
107 33
107 33
107 33
108 33
108 33
108 33
108 33
109 33
109 33
109 33
109 33
110 33
110 33
110 33
110 33
111 33
111 33
111 33
111 33
112 33
112 33
112 33
112 33
113 33
113 33
113 33
113 33
114 33
114 33
114 33
114 33
115 33
115 33
115 33
115 33
116 33
116 33
116 33
116 33
117 33
117 33
117 33
117 33
118 33
118 33
118 33
118 33
119 33
119 33
119 33
119 33
120 33
120 33
120 33
120 33
121 33
121 33
121 33
121 33
122 33
122 33
122 33
122 33
123 33
123 33
123 33
123 33
124 33
124 33
124 33
124 33
125 33
125 33
125 33
125 33
126 33
126 33
126 33
126 33
127 33
127 33
127 33
127 33
128 33
128 33
128 33
128 33
129 33
129 33
129 33
129 33
130 33
130 33
130 33
130 33
131 33
131 33
131 33
131 33
132 33
132 33
132 33
132 33
133 33
133 33
133 33
133 33
134 33
134 33
134 33
134 33
135 33
135 33
135 33
135 33
136 33
136 33
136 33
136 33
137 33
137 33
137 33
137 33
138 33
138 33
138 33
138 33
139 33
139 33
139 33
139 33
140 33
140 33
140 33
140 33
141 33
141 33
141 33
141 33
142 33
142 33
142 33
142 33
143 33
143 33
143 33
143 33
144 33
144 33
144 33
144 33
145 33
145 33
145 33
145 33
146 33
146 33
146 33
146 33
147 33
147 33
147 33
147 33
148 33
148 33
148 33
148 33
149 33
149 33
149 33
149 33
150 33
150 33
150 33
150 33
151 33
151 33
151 33
151 33
152 33
152 33
152 33
152 33
153 33
153 33
153 33
153 33
154 33
154 33
154 33
154 33
155 33
155 33
155 33
155 33
156 33
156 33
156 33
156 33
157 33
157 33
157 33
157 33
158 33
158 33
158 33
158 33
159 33
159 33
159 33
159 33
160 33
160 33
160 33
160 33
161 33
161 33
161 33
161 33
162 33
162 33
162 33
162 33
163 33
163 33
163 33
163 33
164 33
164 33
164 33
164 33
165 33
165 33
165 33
165 33
166 33
166 33
166 33
166 33
167 33
167 33
167 33
167 33
168 33
168 33
168 33
168 33
169 33
169 33
169 33
169 33
170 33
170 33
170 33
170 33
171 33
171 33
171 33
171 33
172 33
172 33
172 33
172 33
173 33
173 33
173 33
173 33
174 33
174 33
174 33
174 33
175 33
175 33
175 33
175 33
176 33
176 33
176 33
176 33
177 33
177 33
177 33
177 33
178 33
178 33
178 33
178 33
179 33
179 33
179 33
179 33
180 33
180 33
180 33
180 33
181 33
181 33
181 33
181 33
182 33
182 33
182 33
182 33
183 33
183 33
183 33
183 33
184 33
184 33
184 33
184 33
185 33
185 33
185 33
185 33
186 33
186 33
186 33
186 33
187 33
187 33
187 33
187 33
188 33
188 33
188 33
188 33
189 33
189 33
189 33
189 33
190 33
190 33
190 33
190 33
191 33
191 33
191 33
191 33
192 33
192 33
192 33
192 33
193 33
193 33
193 33
193 53
194 53
194 53
194 53
194 53
195 53
195 53
195 53
195 53
196 53
196 53
196 53
196 53
197 53
197 53
197 53
197 53
198 53
198 53
198 53
198 53
199 66
199 66
199 66
199 66
200 66
200 66
200 66
200 66
201 66
201 66
201 66
201 66
202 66
202 66
202 66
202 66
203 66
203 66
203 66
203 67
204 67
204 67
204 67
204 67
205 67
205 67
205 67
205 67
206 67
206 67
206 67
206 67
207 67
207 67
207 67
207 67
208 67
208 67
208 67
208 67
209 67
209 67
209 67
209 67
210 67
210 67
210 67
210 67
211 67
211 67
211 67
211 67
212 67
212 67
212 67
212 67
213 67
213 67
213 67
213 67
214 67
214 67
214 67
214 67
215 67
215 67
215 67
215 67
216 67
216 67
216 67
216 67
217 67
217 67
217 67
217 67
218 67
218 67
218 67
218 67
219 67
219 67
219 67
219 67
220 67
220 67
220 67
220 67
221 67
221 67
221 67
221 67
222 67
222 67
222 67
222 67
223 67
223 67
223 67
223 67
224 67
224 67
224 67
224 67
225 67
225 67
225 67
225 67
226 67
226 67
226 67
226 67
227 67
227 67
227 67
227 67
228 67
228 67
228 67
228 67
229 67
229 67
229 67
229 67
230 67
230 67
230 67
230 67
231 67
231 67
231 67
231 67
232 67
232 67
232 67
232 67
233 67
233 67
233 67
233 67
234 67
234 67
234 67
234 67
235 67
235 67
235 67
235 67
236 67
236 67
236 67
236 67
237 67
237 67
237 67
237 67
238 67
238 67
238 67
238 67
239 67
239 67
239 67
239 67
240 67
240 67
240 67
240 67
241 67
241 67
241 67
241 67
242 67
242 67
242 67
242 67
243 67
243 67
243 67
243 67
244 67
244 67
244 67
244 67
245 67
245 67
245 67
245 67
246 67
246 67
246 67
246 67
247 67
247 67
247 67
247 67
248 67
248 67
248 67
248 67
249 67
249 67
249 67
249 67
250 67
250 67
250 67
251 67
251 67
251 67
251 67
252 67
252 67
252 67
252 67
252 67
252 67
252 67
253 67
253 67
253 67
253 67
254 67
254 67
254 67
254 67
255 67
255 67
255 67
255 67
256 67
256 67
256 67
257 67
257 67
257 67
257 67
258 67
258 67
258 67
258 67
259 67
259 67
259 67
259 67
260 67
260 67
260 67
260 67
261 67
261 67
261 67
261 67
262 67
262 67
262 67
262 67
263 67
263 67
263 67
263 67
264 67
264 67
264 67
264 67
265 67
265 67
265 67
265 67
266 67
266 67
266 67
267 67
267 67
267 67
267 67
268 67
268 67
268 67
268 67
269 67
269 67
269 67
269 67
270 67
270 67
270 67
270 67
271 67
271 67
271 67
271 67
272 67
272 67
272 67
272 67
273 67
273 67
273 67
273 67
274 67
274 67
274 67
275 67
275 67
275 67
275 67
276 67
276 67
276 67
276 67
277 67
277 67
277 67
277 67
278 67
278 67
278 67
278 67
279 67
279 67
279 67
279 67
280 67
280 67
280 67
280 67
281 67
281 67
281 67
281 67
282 67
282 67
282 67
282 67
283 67
283 67
283 67
283 67
284 67
284 67
284 67
284 67
285 67
285 67
285 67
285 67
286 67
286 67
286 67
286 67
287 67
287 67
287 67
287 67
288 67
288 67
288 67
288 67
289 67
289 67
289 67
289 67
290 67
290 67
290 67
290 67
291 67
291 67
291 67
291 67
292 67
292 67
292 67
292 67
293 67
293 67
293 67
293 67
294 67
294 67
294 67
294 67
295 67
295 67
295 67
295 67
296 67
296 67
296 67
296 67
297 67
297 67
297 67
297 67
298 67
298 67
298 67
298 67
299 67
299 67
299 67
299 67
300 67
300 67
300 67
300 67
301 67
301 67
301 67
301 67
302 67
302 67
302 67
302 67
303 67
303 67
303 67
303 67
304 67
304 67
304 67
304 67
305 67
305 67
305 67
305 67
306 67
306 67
306 67
306 67
307 67
307 67
307 67
307 67
308 67
308 67
308 67
308 67
309 67
309 67
309 67
309 67
310 67
310 67
310 67
310 68
311 68
311 68
311 68
311 68
312 68
312 68
312 68
312 68
313 68
313 68
313 68
313 68
314 68
314 68
314 68
314 68
315 68
315 68
315 68
315 68
316 68
316 68
316 68
316 68
317 68
317 68
317 68
317 68
318 68
318 68
318 68
318 68
319 68
319 68
319 68
319 68
320 68
320 68
320 68
320 68
321 68
321 68
321 68
321 68
322 68
322 68
322 68
322 68
323 68
323 68
323 68
323 68
324 68
324 68
324 68
324 68
325 68
325 68
325 68
325 68
326 68
326 68
326 68
326 68
327 68
327 68
327 68
327 68
328 68
328 68
328 68
328 68
329 68
329 68
329 68
329 68
330 68
330 68
330 68
330 68
331 68
331 68
331 68
331 68
332 68
332 68
332 68
332 68
333 68
333 68
333 68
333 68
334 68
334 68
334 68
334 68
335 68
335 68
335 68
335 68
336 68
336 68
336 68
336 68
337 68
337 68
337 68
337 68
338 68
338 68
338 68
338 68
339 68
339 68
339 68
339 68
340 68
340 68
340 68
340 68
341 68
341 68
341 68
341 68
342 68
342 68
342 68
342 68
343 68
343 68
343 68
343 68
344 68
344 68
344 68
344 68
345 68
345 68
345 68
345 68
346 68
346 68
346 68
346 68
347 68
347 68
347 68
347 68
348 68
348 68
348 68
348 68
349 68
349 68
349 68
349 68
350 68
350 68
350 68
350 68
351 68
351 68
351 68
351 68
352 68
352 68
352 68
352 68
353 68
353 68
353 68
353 68
354 68
354 68
354 68
354 68
355 68
355 68
355 68
355 68
356 68
356 68
356 68
356 68
357 68
357 68
357 68
357 68
358 68
358 68
358 68
358 68
359 68
359 68
359 68
359 68
360 68
360 68
360 68
360 68
361 68
361 68
361 68
361 68
362 68
362 68
362 68
362 68
363 68
363 68
363 68
363 68
364 68
364 68
364 68
364 68
365 68
365 68
365 68
365 68
366 68
366 68
366 68
366 68
367 68
367 68
367 68
367 68
368 68
368 68
368 68
368 68
369 68
369 68
369 68
369 68
370 68
370 68
370 68
370 68
371 68
371 68
371 68
371 69
372 69
372 69
372 69
372 69
373 69
373 69
373 69
373 69
374 69
374 69
374 69
374 69
375 69
375 69
375 69
375 69
376 69
376 69
376 69
376 69
377 69
377 69
377 69
377 69
378 69
378 69
378 69
378 69
379 69
379 69
379 69
379 69
380 69
380 69
380 69
380 69
381 69
381 69
381 69
381 69
382 69
382 69
382 69
382 69
383 69
383 69
383 69
383 69
384 69
384 69
384 69
384 69
385 69
385 69
385 69
385 69
386 69
386 69
386 69
386 69
387 69
387 69
387 69
387 69
388 69
388 69
388 69
388 69
389 69
389 69
389 69
389 69
390 69
390 69
390 69
390 69
391 69
391 69
391 69
391 69
392 69
392 69
392 69
392 69
393 69
393 69
393 69
393 69
394 69
394 69
394 69
394 69
395 69
395 69
395 69
395 69
396 69
396 69
396 69
396 69
397 69
397 69
397 69
397 69
398 69
398 69
398 69
398 69
399 69
399 69
399 69
399 69
400 69
400 69
400 69
400 69
401 69
401 69
401 69
401 69
402 69
402 69
402 69
402 69
403 69
403 69
403 69
403 69
404 69
404 69
404 69
404 69
405 69
405 69
405 69
405 69
406 69
406 69
406 69
406 69
407 69
407 69
407 69
407 69
408 69
408 69
408 69
408 69
409 69
409 69
409 69
409 69
410 69
410 69
410 69
410 69
411 69
411 69
411 69
411 69
412 69
412 69
412 69
412 69
413 69
413 69
413 69
413 69
414 69
414 69
414 69
414 69
415 69
415 69
415 69
415 69
416 69
416 69
416 69
416 69
417 69
417 69
417 69
417 69
418 69
418 69
418 69
418 69
418 69
418 69
418 69
419 69
419 69
419 69
419 69
420 69
420 69
420 69
420 69
421 69
421 69
421 69
421 69
422 69
422 69
422 69
422 69
423 69
423 69
423 69
423 69
424 69
424 69
424 69
424 69
425 69
425 69
425 69
425 69
425 69
425 69
425 69
426 69
426 69
426 69
426 69
427 69
427 69
427 69
427 69
428 69
428 69
428 69
428 69
429 69
429 69
429 69
429 69
430 69
430 69
430 69
430 69
430 69
430 69
430 69
431 69
431 69
431 69
431 69
432 69
432 69
432 69
432 69
433 69
433 69
433 69
433 69
434 69
434 69
434 69
434 69
435 69
435 69
435 69
435 69
436 69
436 69
436 69
436 69
437 69
437 69
437 69
437 69
437 69
437 69
437 69
438 69
438 69
438 69
438 69
439 69
439 69
439 69
439 69
439 69
439 69
439 69
440 69
440 69
440 69
440 69
441 69
441 69
441 69
441 69
442 69
442 69
442 69
442 69
443 69
443 69
443 69
443 69
444 69
444 69
444 69
444 69
445 69
445 69
445 69
445 69
446 69
446 69
446 69
446 69
447 69
447 69
447 69
447 69
448 69
448 69
448 69
448 69
449 69
449 69
449 69
449 69
450 69
450 69
450 69
450 69
451 69
451 69
451 69
451 69
452 69
452 69
452 69
452 69
453 69
453 69
453 69
453 69
454 69
454 69
454 69
454 69
455 69
455 69
455 69
455 69
456 69
456 69
456 69
456 69
457 69
457 69
457 69
457 69
458 69
458 69
458 69
458 69
459 69
459 69
459 69
459 69
460 69
460 69
460 69
460 69
461 69
461 69
461 69
461 69
462 69
462 69
462 69
462 69
463 69
463 69
463 69
463 69
464 69
464 69
464 69
464 69
465 69
465 69
465 69
465 69
466 69
466 69
466 69
466 69
467 69
467 69
467 69
467 69
468 69
468 69
468 69
468 69
469 69
469 69
469 69
469 69
470 69
470 69
470 69
470 69
471 69
471 69
471 69
471 69
472 69
472 69
472 69
472 69
473 69
473 69
473 69
473 69
474 69
474 69
474 69
474 69
475 69
475 69
475 69
475 69
476 69
476 69
476 69
476 69
477 69
477 69
477 69
477 69
478 69
478 69
478 69
478 69
479 69
479 69
479 69
479 69
480 69
480 69
480 69
480 69
481 69
481 69
481 69
481 69
482 69
482 69
482 69
482 69
483 69
483 69
483 69
483 69
484 69
484 69
484 69
484 69
485 69
485 69
485 69
485 69
486 69
486 69
486 69
486 69
487 69
487 69
487 69
487 69
488 69
488 69
488 69
488 69
489 69
489 69
489 69
489 69
490 69
490 69
490 69
490 69
491 69
491 69
491 69
491 69
492 69
492 69
492 69
492 69
493 69
493 69
493 69
493 69
494 69
494 69
494 69
494 69
495 69
495 69
495 69
495 69
496 69
496 69
496 69
496 69
497 69
497 69
497 69
497 69
498 69
498 69
498 69
498 69
499 69
499 69
499 69
499 69
500 69
500 69
500 69
500 69
501 69
501 69
501 69
501 69
502 69
502 69
502 69
502 69
503 69
503 69
503 69
503 69
504 69
504 69
504 69
504 69
505 69
505 69
505 69
505 69
506 69
506 69
506 69
507 69
507 69
507 69
507 69
508 69
508 69
508 69
508 69
509 69
509 69
509 69
509 69
510 69
510 69
510 69
510 69
511 69
511 69
511 69
511 69
512 69
512 69
512 69
512 69
513 69
513 69
513 69
513 69
514 69
514 69
514 69
514 69
515 69
515 69
515 69
515 69
516 69
516 69
516 69
516 69
517 69
517 69
517 69
517 69
518 69
518 69
518 69
518 69
519 69
519 69
519 69
519 69
520 69
520 69
520 69
520 69
521 69
521 69
521 69
521 69
522 69
522 69
522 69
522 69
523 69
523 69
523 69
523 69
524 69
524 69
524 69
524 69
525 69
525 69
525 69
525 69
526 69
526 69
526 69
526 69
527 69
527 69
527 69
527 69
528 69
528 69
528 69
528 69
529 69
529 69
529 69
529 69
530 69
530 69
530 69
530 69
531 69
531 69
531 69
531 69
532 69
532 69
532 69
532 69
533 69
533 69
533 69
533 69
534 69
534 69
534 69
534 69
535 69
535 69
535 69
535 69
536 69
536 69
536 69
536 69
537 69
537 69
537 69
537 69
538 69
538 69
538 69
538 69
539 69
539 69
539 69
539 69
540 69
540 69
540 69
540 69
541 69
541 69
541 69
541 69
542 69
542 69
542 69
542 69
543 69
543 69
543 69
543 69
544 69
544 69
544 69
544 69
545 69
545 69
545 69
545 69
546 69
546 69
546 69
546 69
547 69
547 69
547 69
547 69
548 69
548 69
548 69
548 69
549 69
549 69
549 69
549 69
550 69
550 69
550 69
550 69
551 69
551 69
551 69
551 69
552 69
552 69
552 69
552 69
553 69
553 69
553 69
553 69
554 69
554 69
554 69
554 69
555 69
555 69
555 69
555 69
556 69
556 69
556 69
556 69
557 69
557 69
557 69
557 69
558 69
558 69
558 69
558 69
559 69
559 69
559 69
559 69
560 69
560 69
560 69
560 69
561 69
561 69
561 69
561 69
562 69
562 69
562 69
562 69
563 69
563 69
563 69
563 69
564 69
564 69
564 69
564 69
565 69
565 69
565 69
565 69
566 69
566 69
566 69
566 69
567 69
567 69
567 69
567 69
568 69
568 69
568 69
568 69
569 69
569 69
569 69
569 69
570 69
570 69
570 69
570 69
571 69
571 69
571 69
571 69
572 69
572 69
572 69
572 69
573 69
573 69
573 69
573 69
574 69
574 69
574 69
574 69
575 69
575 69
575 69
575 69
576 69
576 69
576 69
576 69
577 69
577 69
577 69
577 69
578 69
578 69
578 69
578 69
579 69
579 69
579 69
579 69
580 69
580 69
580 69
580 69
581 69
581 69
581 69
581 69
582 69
582 69
582 69
582 69
583 69
583 69
583 69
583 69
584 69
584 69
584 69
584 69
585 69
585 69
585 69
585 69
586 69
586 69
586 69
586 69
587 69
587 69
587 69
587 69
588 69
588 69
588 69
588 69
589 69
589 69
589 69
589 69
590 69
590 69
590 69
590 69
591 69
591 69
591 69
591 69
592 69
592 69
592 69
592 69
593 69
593 69
593 69
593 69
594 69
594 69
594 69
594 69
595 69
595 69
595 69
595 69
596 69
596 69
596 69
596 69
597 69
597 69
597 69
597 69
598 69
598 69
598 69
598 69
599 69
599 69
599 69
599 69
600 69
600 69
600 69
600 69
601 69
601 69
601 69
601 69
602 69
602 69
602 69
602 69
603 69
603 69
603 69
603 69
604 69
604 69
604 69
604 69
605 69
605 69
605 69
605 69
606 69
606 69
606 69
606 69
607 69
607 69
607 69
607 69
608 69
608 69
608 69
608 69
609 69
609 69
609 69
609 69
610 69
610 69
610 69
610 69
611 69
611 69
611 69
611 69
612 69
612 69
612 69
612 69
613 69
613 69
613 69
613 69
614 69
614 69
614 69
614 69
615 69
615 69
615 69
615 69
616 69
616 69
616 69
616 69
617 69
617 69
617 69
617 69
618 69
618 69
618 69
618 69
619 69
619 69
619 69
619 69
620 69
620 69
620 69
620 69
621 69
621 69
621 69
621 69
622 69
622 69
622 69
622 69
623 69
623 69
623 69
623 69
624 69
624 69
624 69
624 69
625 69
625 69
625 69
625 69
626 69
626 69
626 69
626 69
627 69
627 69
627 69
627 69
628 69
628 69
628 69
628 69
629 69
629 69
629 69
629 69
630 69
630 69
630 69
630 69
631 69
631 69
631 69
631 69
632 69
632 69
632 69
632 69
633 69
633 69
633 69
633 102
634 102
634 102
634 102
634 102
635 102
635 102
635 102
635 102
636 102
636 102
636 102
636 102
637 102
637 102
637 102
637 102
638 102
638 102
638 102
638 102
639 102
639 102
639 102
639 102
640 102
640 102
640 102
640 102
641 102
641 102
641 102
641 102
642 102
642 102
642 102
642 102
643 102
643 102
643 102
643 102
644 102
644 102
644 102
644 102
645 102
645 102
645 102
645 102
646 102
646 102
646 102
646 102
647 102
647 102
647 102
647 102
648 102
648 102
648 102
648 102
649 102
649 102
649 102
649 102
650 102
650 102
650 102
650 102
651 102
651 102
651 102
651 102
652 102
652 102
652 102
652 102
653 102
653 102
653 102
653 102
654 102
654 102
654 102
654 102
655 102
655 102
655 102
655 102
656 102
656 102
656 102
656 102
657 102
657 102
657 102
657 102
658 102
658 102
658 102
658 102
659 102
659 102
659 102
659 102
660 102
660 102
660 102
660 102
661 102
661 102
661 102
661 102
662 102
662 102
662 102
662 102
663 102
663 102
663 102
663 102
664 102
664 102
664 102
664 102
665 102
665 102
665 102
665 102
666 102
666 102
666 102
666 102
667 102
667 102
667 102
667 102
668 102
668 102
668 102
668 102
669 102
669 102
669 102
669 102
670 102
670 102
670 102
670 102
671 102
671 102
671 102
671 102
672 102
672 102
672 102
672 102
673 102
673 102
673 102
673 102
674 102
674 102
674 102
674 102
675 102
675 102
675 102
675 102
676 102
676 102
676 102
676 102
677 102
677 102
677 102
677 102
678 102
678 102
678 102
678 102
679 102
679 102
679 102
679 102
680 102
680 102
680 102
680 102
681 102
681 102
681 102
681 102
682 102
682 102
682 102
682 102
683 102
683 102
683 102
683 102
684 102
684 102
684 102
684 102
685 102
685 102
685 102
685 102
686 102
686 102
686 102
686 102
687 102
687 102
687 102
687 102
688 102
688 102
688 102
688 102
689 102
689 102
689 102
689 102
690 102
690 102
690 102
690 102
691 102
691 102
691 102
691 102
692 102
692 102
692 102
692 102
693 102
693 102
693 102
693 102
694 102
694 102
694 102
694 102
695 102
695 102
695 102
695 102
696 102
696 102
696 102
696 102
697 102
697 102
697 102
697 102
698 102
698 102
698 102
698 102
699 102
699 102
699 102
699 102
700 102
700 102
700 102
700 102
701 102
701 102
701 102
701 102
702 102
702 102
702 102
702 102
703 102
703 102
703 102
703 102
704 102
704 102
704 102
704 102
705 102
705 102
705 102
705 102
706 102
706 102
706 102
706 102
707 102
707 102
707 102
707 102
708 102
708 102
708 102
708 102
709 102
709 102
709 102
709 102
710 102
710 102
710 102
710 102
711 102
711 102
711 102
711 102
712 102
712 102
712 102
712 102
713 102
713 102
713 102
713 102
714 102
714 102
714 102
714 102
715 102
715 102
715 102
715 102
716 102
716 102
716 102
716 102
717 102
717 102
717 102
717 102
718 102
718 102
718 102
718 102
719 102
719 102
719 102
719 102
720 102
720 102
720 102
720 102
721 102
721 102
721 102
721 102
722 102
722 102
722 102
722 102
723 102
723 102
723 102
723 102
724 102
724 102
724 102
724 102
725 102
725 102
725 102
725 102
726 102
726 102
726 102
727 102
727 102
727 102
727 102
728 102
728 102
728 102
728 102
729 102
729 102
729 102
729 102
730 102
730 102
730 102
730 102
731 102
731 102
731 102
731 102
732 102
732 102
732 102
732 102
733 102
733 102
733 102
734 102
734 102
734 102
734 102
735 102
735 102
735 102
735 102
736 102
736 102
736 102
736 102
737 102
737 102
737 102
737 102
738 102
738 102
738 102
738 102
739 102
739 102
739 102
740 102
740 102
740 102
740 102
741 102
741 102
741 102
741 102
742 102
742 102
742 102
742 102
743 102
743 102
743 102
743 102
744 102
744 102
744 102
744 102
745 102
745 102
745 102
745 102
746 102
746 102
746 102
746 102
747 102
747 102
747 102
747 102
748 102
748 102
748 102
748 102
749 102
749 102
749 102
749 102
750 102
750 102
750 102
750 102
751 102
751 102
751 102
751 102
752 102
752 102
752 102
752 102
753 102
753 102
753 102
753 102
754 102
754 102
754 102
754 102
755 102
755 102
755 102
755 102
756 102
756 102
756 102
756 102
757 102
757 102
757 102
757 102
758 102
758 102
758 102
758 102
759 102
759 102
759 102
759 102
760 102
760 102
760 102
760 102
761 102
761 102
761 102
761 102
762 102
762 102
762 102
762 102
763 102
763 102
763 102
763 102
764 102
764 102
764 102
764 102
765 102
765 102
765 102
765 102
766 102
766 102
766 102
766 102
767 102
767 102
767 102
767 102
768 102
768 102
768 102
768 102
769 102
769 102
769 102
769 102
770 102
770 102
770 102
770 102
771 102
771 102
771 102
771 102
772 102
772 102
772 102
772 102
773 102
773 102
773 102
773 102
774 102
774 102
774 102
774 102
775 102
775 102
775 102
775 102
776 102
776 102
776 102
776 102
777 102
777 102
777 102
777 102
778 102
778 102
778 102
778 102
779 102
779 102
779 102
779 102
780 102
780 102
780 102
780 102
781 102
781 102
781 102
781 102
782 102
782 102
782 102
782 102
783 102
783 102
783 102
783 102
784 102
784 102
784 102
784 102
785 102
785 102
785 102
785 102
786 102
786 102
786 102
786 102
787 102
787 102
787 102
787 102
788 102
788 102
788 102
788 102
789 102
789 102
789 102
789 102
790 102
790 102
790 102
790 102
791 102
791 102
791 102
791 102
792 102
792 102
792 102
792 102
793 102
793 102
793 102
793 102
794 102
794 102
794 102
794 102
795 102
795 102
795 102
795 102
796 102
796 102
796 102
796 102
797 102
797 102
797 102
797 102
798 102
798 102
798 102
798 102
799 102
799 102
799 102
799 102
800 102
800 102
800 102
800 102
801 102
801 102
801 102
801 102
802 102
802 102
802 102
802 102
803 102
803 102
803 102
803 102
804 102
804 102
804 102
805 102
805 102
805 102
805 102
806 102
806 102
806 102
806 102
807 102
807 102
807 102
807 102
808 102
808 102
808 102
808 102
809 102
809 102
809 102
809 102
810 102
810 102
810 102
810 102
811 102
811 102
811 102
811 102
812 102
812 102
812 102
812 102
813 102
813 102
813 102
813 102
814 102
814 102
814 102
814 102
815 102
815 102
815 102
816 102
816 102
816 102
816 102
817 102
817 102
817 102
817 102
818 102
818 102
818 102
819 102
819 102
819 102
819 102
820 102
820 102
820 102
820 102
821 102
821 102
821 102
821 102
822 102
822 102
822 102
823 102
823 102
823 102
823 102
824 102
824 102
824 102
824 102
825 102
825 102
825 102
825 102
826 102
826 102
826 102
827 102
827 102
827 102
827 102
828 102
828 102
828 102
828 102
829 102
829 102
829 102
830 102
830 102
830 102
830 102
831 102
831 102
831 102
831 102
832 102
832 102
832 102
832 102
833 102
833 102
833 102
833 102
834 102
834 102
834 102
834 102
835 102
835 102
835 102
835 102
836 102
836 102
836 102
836 102
837 102
837 102
837 102
837 102
838 102
838 102
838 102
838 102
839 102
839 102
839 102
839 102
840 102
840 102
840 102
840 102
841 102
841 102
841 102
841 102
842 102
842 102
842 102
842 102
843 102
843 102
843 102
843 102
844 102
844 102
844 102
844 102
845 102
845 102
845 102
845 102
846 102
846 102
846 102
846 102
847 102
847 102
847 102
847 102
848 102
848 102
848 102
848 102
849 102
849 102
849 102
849 102
850 102
850 102
850 102
850 102
851 102
851 102
851 102
851 102
852 102
852 102
852 102
852 102
853 102
853 102
853 102
853 102
854 102
854 102
854 102
854 102
855 102
855 102
855 102
855 102
856 102
856 102
856 102
856 102
857 102
857 102
857 102
857 102
858 102
858 102
858 102
858 102
859 102
859 102
859 102
859 102
860 102
860 102
860 102
860 102
861 102
861 102
861 102
861 102
862 102
862 102
862 102
862 102
863 102
863 102
863 102
864 102
864 102
864 102
864 102
865 102
865 102
865 102
865 102
866 102
866 102
866 102
866 102
867 102
867 102
867 102
867 102
868 102
868 102
868 102
868 102
869 102
869 102
869 102
869 102
870 102
870 102
870 102
870 102
871 102
871 102
871 102
871 102
872 102
872 102
872 102
872 102
873 102
873 102
873 102
873 102
874 102
874 102
874 102
874 102
875 102
875 102
875 102
875 102
876 102
876 102
876 102
876 102
877 102
877 102
877 102
877 102
878 102
878 102
878 102
878 102
879 102
879 102
879 102
879 102
880 102
880 102
880 102
880 104
881 104
881 104
881 104
881 104
882 104
882 104
882 104
882 104
883 104
883 104
883 104
883 104
884 104
884 104
884 104
884 104
885 104
885 104
885 104
885 104
886 104
886 104
886 104
886 104
887 104
887 104
887 104
887 104
888 104
888 104
888 104
888 104
889 104
889 104
889 104
889 104
890 104
890 104
890 104
890 104
891 104
891 104
891 104
891 104
892 104
892 104
892 104
892 104
893 104
893 104
893 104
893 104
894 104
894 104
894 104
894 104
895 104
895 104
895 104
895 104
896 104
896 104
896 104
896 104
897 104
897 104
897 104
897 104
898 104
898 104
898 104
898 104
899 104
899 104
899 104
899 104
900 104
900 104
900 104
900 104
901 104
901 104
901 104
901 104
902 104
902 104
902 104
902 104
903 104
903 104
903 104
903 104
904 104
904 104
904 104
904 104
905 104
905 104
905 104
905 104
906 104
906 104
906 104
906 104
907 104
907 104
907 104
907 104
908 104
908 104
908 104
908 104
909 104
909 104
909 104
909 104
910 104
910 104
910 104
910 104
911 104
911 104
911 104
911 104
912 104
912 104
912 104
912 104
913 104
913 104
913 104
913 104
914 104
914 104
914 104
914 104
915 104
915 104
915 104
915 104
916 104
916 104
916 104
916 104
917 104
917 104
917 104
917 104
918 104
918 104
918 104
918 104
919 104
919 104
919 104
919 104
920 104
920 104
920 104
920 104
921 104
921 104
921 104
921 104
922 104
922 104
922 104
922 104
923 104
923 104
923 104
923 104
924 104
924 104
924 104
924 104
925 104
925 104
925 104
925 104
926 104
926 104
926 104
926 104
927 104
927 104
927 104
927 104
928 104
928 104
928 104
928 104
929 104
929 104
929 104
929 104
930 104
930 104
930 104
930 104
931 104
931 104
931 104
931 104
932 104
932 104
932 104
932 104
933 104
933 104
933 104
933 104
934 104
934 104
934 104
934 104
935 104
935 104
935 104
935 104
936 104
936 104
936 104
936 104
937 104
937 104
937 104
937 104
938 104
938 104
938 104
938 104
939 104
939 104
939 104
939 104
940 104
940 104
940 104
940 104
941 104
941 104
941 104
941 104
942 104
942 104
942 104
942 104
943 104
943 104
943 104
943 104
944 104
944 104
944 104
944 104
945 104
945 104
945 104
945 104
946 104
946 104
946 104
946 104
947 104
947 104
947 104
947 104
948 104
948 104
948 104
948 104
949 104
949 104
949 104
949 104
950 104
950 104
950 104
950 104
951 104
951 104
951 104
951 104
952 104
952 104
952 104
952 104
953 104
953 104
953 104
953 104
954 104
954 104
954 104
954 104
955 104
955 104
955 104
955 104
956 104
956 104
956 104
956 104
957 104
957 104
957 104
957 104
958 104
958 104
958 104
958 104
959 104
959 104
959 104
959 104
960 104
960 104
960 104
960 104
961 104
961 104
961 104
961 104
962 104
962 104
962 104
962 104
963 104
963 104
963 104
963 104
964 104
964 104
964 104
964 104
965 104
965 104
965 104
965 104
966 104
966 104
966 104
966 104
967 104
967 104
967 104
967 104
968 104
968 104
968 104
968 104
969 104
969 104
969 104
969 104
970 104
970 104
970 104
970 104
971 104
971 104
971 104
971 104
972 104
972 104
972 104
972 104
973 104
973 104
973 104
973 104
974 104
974 104
974 104
974 104
975 104
975 104
975 104
975 104
976 104
976 104
976 104
976 104
977 104
977 104
977 104
977 104
978 104
978 104
978 104
978 104
979 104
979 104
979 104
979 104
980 104
980 104
980 104
980 104
981 104
981 104
981 104
981 104
982 104
982 104
982 104
982 104
983 104
983 104
983 104
983 104
984 104
984 104
984 104
984 104
985 104
985 104
985 104
985 104
986 104
986 104
986 104
986 104
987 104
987 104
987 104
987 104
988 104
988 104
988 104
988 104
989 104
989 104
989 104
989 104
990 104
990 104
990 104
990 104
991 104
991 104
991 104
991 104
992 104
992 104
992 104
992 104
993 104
993 104
993 104
993 104
994 104
994 104
994 104
994 104
995 104
995 104
995 104
995 104
996 104
996 104
996 104
996 104
997 104
997 104
997 104
997 104
998 104
998 104
998 104
998 104
999 104
999 104
999 104
999 104
1000 104
1000 104
1000 104
1000 104
1001 104
1001 104
1001 104
1001 104
1002 104
1002 104
1002 104
1002 104
1003 104
1003 104
1003 104
1003 104
1004 104
1004 104
1004 104
1004 104
1005 104
1005 104
1005 104
1005 104
1006 104
1006 104
1006 104
1006 104
1007 104
1007 104
1007 104
1007 104
1008 104
1008 104
1008 104
1008 104
1009 104
1009 104
1009 104
1009 104
1010 104
1010 104
1010 104
1010 104
1011 104
1011 104
1011 104
1011 104
1012 104
1012 104
1012 104
1012 104
1013 104
1013 104
1013 104
1013 104
1014 104
1014 104
1014 104
1014 104
1015 104
1015 104
1015 104
1015 104
1016 104
1016 104
1016 104
1016 104
1017 104
1017 104
1017 104
1017 104
1018 104
1018 104
1018 104
1018 104
1019 104
1019 104
1019 104
1019 104
1020 104
1020 104
1020 104
1020 104
1021 104
1021 104
1021 104
1021 104
1022 104
1022 104
1022 104
1022 104
1023 104
1023 104
1023 104
1023 104
1024 104
1024 104
1024 104
1024 104
1025 104
1025 104
1025 104
1025 104
1026 104
1026 104
1026 104
1026 104
1027 104
1027 104
1027 104
1027 104
1028 104
1028 104
1028 104
1028 104
1029 104
1029 104
1029 104
1029 104
1030 104
1030 104
1030 104
1030 104
1031 104
1031 104
1031 104
1031 104
1032 104
1032 104
1032 104
1032 104
1033 104
1033 104
1033 104
1033 104
1034 104
1034 104
1034 104
1034 104
1035 104
1035 104
1035 104
1035 104
1036 104
1036 104
1036 104
1036 104
1037 104
1037 104
1037 104
1037 104
1038 104
1038 104
1038 104
1038 104
1039 104
1039 104
1039 104
1039 104
1040 104
1040 104
1040 104
1040 104
1041 104
1041 104
1041 104
1041 104
1042 104
1042 104
1042 104
1042 104
1043 104
1043 104
1043 104
1043 104
1044 104
1044 104
1044 104
1044 104
1045 104
1045 104
1045 104
1046 104
1046 104
1046 104
1046 104
1047 104
1047 104
1047 104
1047 104
1048 104
1048 104
1048 104
1048 104
1049 104
1049 104
1049 104
1049 104
1050 104
1050 104
1050 104
1050 104
1051 104
1051 104
1051 104
1051 104
1052 104
1052 104
1052 104
1052 104
1053 104
1053 104
1053 104
1053 104
1054 104
1054 104
1054 104
1054 104
1055 104
1055 104
1055 104
1055 104
1056 104
1056 104
1056 104
1056 104
1057 104
1057 104
1057 111
1057 111
1058 111
1058 111
1059 111
1059 111
1059 111
1059 111
1060 111
1060 111
1060 111
1060 111
1061 111
1061 111
1061 111
1061 111
1062 111
1062 111
1062 111
1062 111
1063 111
1063 111
1063 111
1063 111
1064 111
1064 111
1064 111
1064 111
1065 111
1065 111
1065 111
1065 111
1066 111
1066 111
1066 111
1066 111
1067 111
1067 111
1067 111
1067 111
1068 111
1068 111
1068 111
1068 111
1069 111
1069 111
1069 111
1069 111
1070 111
1070 111
1070 111
1070 111
1071 111
1071 111
1071 111
1071 111
1072 111
1072 111
1072 111
1072 111
1073 111
1073 111
1073 111
1073 111
1074 111
1074 111
1074 111
1074 111
1075 111
1075 111
1075 111
1075 111
1076 111
1076 111
1076 111
1076 111
1077 111
1077 111
1077 111
1077 111
1078 111
1078 111
1078 111
1078 111
1079 111
1079 111
1079 111
1079 111
1080 111
1080 111
1080 111
1080 111
1081 111
1081 111
1081 111
1081 111
1082 111
1082 111
1082 111
1082 111
1083 111
1083 111
1083 111
1083 111
1084 111
1084 111
1084 111
1084 111
1085 111
1085 111
1085 111
1085 111
1086 111
1086 111
1086 111
1086 111
1087 111
1087 111
1087 111
1087 111
1088 111
1088 111
1088 111
1088 111
1089 111
1089 111
1089 111
1089 111
1090 111
1090 111
1090 111
1090 111
1091 111
1091 111
1091 111
1091 111
1092 111
1092 111
1092 111
1092 111
1093 111
1093 111
1093 111
1093 111
1094 111
1094 111
1094 111
1094 111
1095 111
1095 111
1095 111
1095 111
1096 111
1096 111
1096 111
1096 111
1097 111
1097 111
1097 111
1097 111
1098 111
1098 111
1098 111
1098 111
1099 111
1099 111
1099 111
1099 111
1100 111
1100 111
1100 111
1100 111
1101 111
1101 111
1101 111
1101 111
1102 111
1102 111
1102 111
1102 111
1103 111
1103 111
1103 111
1103 111
1104 111
1104 111
1104 111
1104 111
1105 111
1105 111
1105 111
1105 111
1106 111
1106 111
1106 111
1106 111
1107 111
1107 111
1107 111
1107 111
1108 111
1108 111
1108 111
1108 111
1109 111
1109 111
1109 111
1109 111
1110 111
1110 111
1110 111
1110 111
1111 111
1111 111
1111 111
1111 111
1112 111
1112 111
1112 111
1112 111
1113 111
1113 111
1113 111
1113 111
1114 111
1114 111
1114 111
1114 111
1115 111
1115 111
1115 111
1115 111
1116 111
1116 111
1116 111
1116 111
1117 111
1117 111
1117 111
1117 111
1118 111
1118 111
1118 111
1118 111
1119 111
1119 111
1119 111
1119 111
1120 111
1120 111
1120 111
1120 111
1121 111
1121 111
1121 111
1121 111
1122 111
1122 111
1122 111
1122 111
1123 111
1123 111
1123 111
1123 111
1124 111
1124 111
1124 111
1124 111
1125 111
1125 111
1125 111
1125 111
1126 111
1126 111
1126 111
1126 111
1127 111
1127 111
1127 111
1127 111
1128 111
1128 111
1128 111
1128 111
1129 111
1129 111
1129 111
1129 111
1130 111
1130 111
1130 111
1130 111
1131 111
1131 111
1131 111
1131 111
1132 111
1132 111
1132 111
1132 111
1133 111
1133 111
1133 111
1133 111
1134 111
1134 111
1134 111
1134 111
1135 111
1135 111
1135 111
1135 111
1136 111
1136 111
1136 111
1136 111
1137 111
1137 111
1137 111
1137 111
1138 111
1138 111
1138 111
1138 111
1139 111
1139 111
1139 111
1139 111
1140 111
1140 111
1140 111
1140 111
1141 111
1141 111
1141 111
1141 111
1142 111
1142 111
1142 111
1142 111
1143 111
1143 111
1143 111
1143 111
1144 111
1144 111
1144 111
1144 111
1145 111
1145 111
1145 111
1145 111
1146 111
1146 111
1146 111
1146 111
1147 111
1147 111
1147 111
1147 111
1148 111
1148 111
1148 111
1148 111
1149 111
1149 111
1149 111
1149 111
1150 111
1150 111
1150 111
1150 111
1151 111
1151 111
1151 111
1151 111
1152 111
1152 111
1152 111
1152 111
1153 111
1153 111
1153 111
1154 111
1154 111
1154 111
1154 111
1155 111
1155 111
1155 111
1155 111
1156 111
1156 111
1156 111
1156 111
1157 111
1157 111
1157 111
1157 111
1158 111
1158 111
1158 111
1158 111
1159 111
1159 111
1159 111
1159 111
1160 111
1160 111
1160 111
1160 111
1161 111
1161 111
1161 111
1161 111
1162 111
1162 111
1162 111
1162 111
1163 111
1163 111
1163 111
1163 111
1164 111
1164 111
1164 111
1164 111
1165 111
1165 111
1165 111
1165 111
1166 111
1166 111
1166 111
1166 111
1167 111
1167 111
1167 111
1167 111
1168 111
1168 111
1168 111
1168 111
1169 111
1169 111
1169 111
1169 111
1170 111
1170 111
1170 111
1170 111
1171 111
1171 111
1171 111
1171 111
1172 111
1172 111
1172 111
1172 111
1173 111
1173 111
1173 111
1173 111
1174 111
1174 111
1174 111
1174 111
1175 111
1175 111
1175 111
1175 111
1176 111
1176 111
1176 111
1176 111
1177 111
1177 111
1177 111
1177 111
1178 111
1178 111
1178 111
1178 111
1179 111
1179 111
1179 111
1179 111
1180 111
1180 111
1180 111
1180 111
1181 111
1181 111
1181 111
1181 111
1182 111
1182 111
1182 111
1182 111
1183 111
1183 111
1183 111
1183 111
1184 111
1184 111
1184 111
1184 111
1185 111
1185 111
1185 111
1185 111
1186 111
1186 111
1186 111
1186 111
1187 111
1187 111
1187 111
1187 111
1188 111
1188 111
1188 111
1188 111
1189 111
1189 111
1189 111
1189 111
1190 111
1190 111
1190 111
1190 111
1191 111
1191 111
1191 111
1191 111
1192 111
1192 111
1192 111
1192 111
1193 111
1193 111
1193 111
1193 111
1194 111
1194 111
1194 111
1194 111
1195 111
1195 111
1195 111
1195 111
1196 111
1196 111
1196 111
1196 111
1197 111
1197 111
1197 111
1197 111
1198 111
1198 111
1198 111
1198 111
1199 111
1199 111
1199 111
1199 111
1200 111
1200 111
1200 111
1200 111
1201 111
1201 111
1201 111
1201 111
1202 111
1202 111
1202 111
1202 111
1203 111
1203 111
1203 111
1203 111
1204 111
1204 111
1204 111
1205 111
1205 111
1205 111
1205 111
1206 111
1206 111
1206 111
1206 111
1207 111
1207 111
1207 111
1207 111
1208 111
1208 111
1208 111
1208 111
1209 111
1209 111
1209 111
1209 111
1210 111
1210 111
1210 111
1210 111
1211 111
1211 111
1211 111
1211 111
1212 111
1212 111
1212 111
1212 111
1213 111
1213 111
1213 111
1213 111
1214 111
1214 111
1214 111
1214 111
1215 111
1215 111
1215 111
1215 111
1216 111
1216 111
1216 111
1216 111
1217 111
1217 111
1217 111
1217 111
1218 111
1218 111
1218 111
1218 111
1219 111
1219 111
1219 111
1219 111
1220 111
1220 111
1220 111
1220 111
1221 111
1221 111
1221 111
1221 111
1222 111
1222 111
1222 111
1222 111
1223 111
1223 111
1223 111
1223 111
1224 111
1224 111
1224 111
1224 111
1225 111
1225 111
1225 111
1225 111
1226 111
1226 111
1226 111
1226 111
1227 111
1227 111
1227 111
1228 111
1228 111
1228 111
1228 111
1229 111
1229 111
1229 111
1229 111
1230 111
1230 111
1230 111
1230 111
1231 111
1231 111
1231 111
1231 111
1232 111
1232 111
1232 111
1232 111
1233 111
1233 111
1233 111
1233 111
1234 111
1234 111
1234 111
1234 111
1235 111
1235 111
1235 111
1235 111
1236 111
1236 111
1236 111
1236 111
1237 111
1237 111
1237 111
1237 111
1238 111
1238 111
1238 111
1238 111
1239 111
1239 111
1239 111
1239 111
1240 111
1240 111
1240 111
1240 111
1241 111
1241 111
1241 111
1241 111
1242 111
1242 111
1242 111
1242 111
1243 111
1243 111
1243 111
1243 111
1244 111
1244 111
1244 111
1244 111
1245 111
1245 111
1245 111
1245 111
1246 111
1246 111
1246 111
1246 111
1247 111
1247 111
1247 111
1247 111
1248 111
1248 111
1248 111
1248 111
1249 111
1249 111
1249 111
1250 111
1250 111
1250 111
1250 111
1251 111
1251 111
1251 111
1251 111
1252 111
1252 111
1252 111
1252 111
1253 111
1253 111
1253 111
1253 111
1254 111
1254 111
1254 111
1254 111
1255 111
1255 111
1255 111
1255 111
1256 111
1256 111
1256 111
1256 111
1257 111
1257 111
1257 111
1257 111
1258 111
1258 111
1258 111
1258 111
1259 111
1259 111
1259 111
1259 111
1260 111
1260 111
1260 111
1260 111
1261 111
1261 111
1261 111
1261 111
1262 111
1262 111
1262 111
1262 111
1263 111
1263 111
1263 111
1263 111
1263 111
1263 111
1263 111
1264 111
1264 111
1264 111
1264 111
1265 111
1265 111
1265 111
1265 111
1266 111
1266 111
1266 111
1266 111
1267 111
1267 111
1267 111
1267 111
1268 111
1268 111
1268 111
1269 111
1269 111
1269 111
1269 111
1270 111
1270 111
1270 111
1270 111
1271 111
1271 111
1271 111
1271 111
1272 111
1272 111
1272 111
1272 111
1273 111
1273 111
1273 111
1273 111
1274 111
1274 111
1274 111
1274 111
1275 111
1275 111
1275 111
1275 111
1276 111
1276 111
1276 111
1276 111
1277 111
1277 111
1277 111
1277 111
1278 111
1278 111
1278 111
1278 111
1279 111
1279 111
1279 111
1279 111
1280 111
1280 111
1280 111
1281 111
1281 111
1281 111
1281 111
1282 111
1282 111
1282 111
1282 111
1283 111
1283 111
1283 111
1283 111
1284 111
1284 111
1284 111
1284 111
1285 111
1285 111
1285 111
1285 111
1286 111
1286 111
1286 111
1286 111
1287 111
1287 111
1287 111
1287 111
1288 111
1288 111
1288 111
1288 111
1289 111
1289 111
1289 111
1289 111
1290 111
1290 111
1290 111
1291 111
1291 111
1291 111
1291 111
1292 111
1292 111
1292 111
1292 111
1293 111
1293 111
1293 111
1293 111
1294 111
1294 111
1294 111
1294 111
1295 111
1295 111
1295 111
1295 111
1296 111
1296 111
1296 111
1296 111
1297 111
1297 111
1297 111
1297 111
1298 111
1298 111
1298 111
1298 111
1299 111
1299 111
1299 111
1299 111
1300 111
1300 111
1300 111
1300 111
1301 111
1301 111
1301 111
1301 111
1302 111
1302 111
1302 111
1302 111
1303 111
1303 111
1303 111
1303 111
1304 111
1304 111
1304 111
1304 111
1305 111
1305 111
1305 111
1305 111
1306 111
1306 111
1306 111
1306 111
1307 111
1307 111
1307 111
1307 111
1308 111
1308 111
1308 111
1308 111
1309 111
1309 111
1309 111
1309 111
1310 111
1310 111
1310 111
1310 111
1311 111
1311 111
1311 111
1311 111
1312 111
1312 111
1312 111
1312 111
1313 111
1313 111
1313 111
1314 111
1314 111
1314 111
1314 111
1315 111
1315 111
1315 111
1316 111
1316 111
1316 111
1316 111
1317 111
1317 111
1317 111
1317 111
1318 111
1318 111
1318 111
1318 111
1319 111
1319 111
1319 111
1319 111
1320 111
1320 111
1320 111
1320 111
1320 111
1320 111
1320 111
1321 111
1321 111
1321 111
1321 111
1322 111
1322 111
1322 111
1322 111
1323 111
1323 111
1323 111
1323 111
1324 111
1324 111
1324 111
1324 111
1325 111
1325 111
1325 111
1325 111
1326 111
1326 111
1326 111
1326 111
1327 111
1327 111
1327 111
1327 111
1328 111
1328 111
1328 111
1328 111
1329 111
1329 111
1329 111
1329 111
1330 111
1330 111
1330 111
1331 111
1331 111
1331 111
1331 111
1332 111
1332 111
1332 111
1332 111
1333 111
1333 111
1333 111
1333 111
1334 111
1334 111
1334 111
1335 111
1335 111
1335 111
1335 111
1336 111
1336 111
1336 111
1336 111
1337 111
1337 111
1337 111
1337 111
1338 111
1338 111
1338 111
1338 111
1339 111
1339 111
1339 111
1339 111
1339 111
1339 111
1339 111
1340 111
1340 111
1340 111
1340 111
1341 111
1341 111
1341 111
1341 111
1342 111
1342 111
1342 111
1342 111
1343 111
1343 111
1343 111
1343 111
1344 111
1344 111
1344 111
1344 111
1345 111
1345 111
1345 111
1345 111
1346 111
1346 111
1346 111
1346 111
1347 111
1347 111
1347 111
1347 111
1348 111
1348 111
1348 111
1348 111
1349 111
1349 111
1349 111
1349 111
1350 111
1350 111
1350 111
1350 111
1351 111
1351 111
1351 111
1352 111
1352 111
1352 111
1352 111
1353 111
1353 111
1353 111
1353 111
1354 111
1354 111
1354 111
1354 111
1355 111
1355 111
1355 111
1356 111
1356 111
1356 111
1356 111
1357 111
1357 111
1357 111
1357 111
1358 111
1358 111
1358 111
1358 111
1358 111
1358 111
1358 111
1359 111
1359 111
1359 111
1359 111
1360 111
1360 111
1360 111
1360 111
1361 111
1361 111
1361 111
1361 111
1362 111
1362 111
1362 111
1362 111
1363 111
1363 111
1363 111
1363 111
1364 111
1364 111
1364 111
1364 111
1365 111
1365 111
1365 111
1365 111
1366 111
1366 111
1366 111
1366 111
1367 111
1367 111
1367 111
1367 111
1368 111
1368 111
1368 111
1368 111
1369 111
1369 111
1369 111
1369 111
1370 111
1370 111
1370 111
1370 111
1371 111
1371 111
1371 111
1371 111
1372 111
1372 111
1372 111
1373 111
1373 111
1373 111
1373 111
1374 111
1374 111
1374 111
1374 111
1375 111
1375 111
1375 111
1375 111
1376 111
1376 111
1376 111
1377 111
1377 111
1377 111
1377 111
1378 111
1378 111
1378 111
1378 111
1378 111
1378 111
1378 111
1379 111
1379 111
1379 111
1379 111
1380 111
1380 111
1380 111
1380 111
1381 111
1381 111
1381 111
1381 111
1382 111
1382 111
1382 111
1382 111
1383 111
1383 111
1383 111
1383 111
1384 111
1384 111
1384 111
1384 111
1385 111
1385 111
1385 111
1385 111
1386 111
1386 111
1386 111
1386 111
1387 111
1387 111
1387 111
1387 111
1388 111
1388 111
1388 111
1388 111
1389 111
1389 111
1389 111
1389 111
1390 111
1390 111
1390 111
1390 111
1391 111
1391 111
1391 111
1391 111
1392 111
1392 111
1392 111
1393 111
1393 111
1393 111
1393 111
1394 111
1394 111
1394 111
1394 111
1395 111
1395 111
1395 111
1395 111
1396 111
1396 111
1396 111
1397 111
1397 111
1397 111
1397 111
1398 111
1398 111
1398 111
1398 111
1398 111
1398 111
1398 111
1399 111
1399 111
1399 111
1399 111
1400 111
1400 111
1400 111
1401 111
1401 111
1401 111
1401 111
1402 111
1402 111
1402 111
1402 111
1403 111
1403 111
1403 111
1403 111
1404 111
1404 111
1404 111
1404 111
1405 111
1405 111
1405 111
1405 111
1406 111
1406 111
1406 111
1406 111
1407 111
1407 111
1407 111
1407 111
1408 111
1408 111
1408 111
1408 111
1409 111
1409 111
1409 111
1409 111
1410 111
1410 111
1410 111
1410 111
1411 111
1411 111
1411 111
1411 111
1412 111
1412 111
1412 111
1412 111
1413 111
1413 111
1413 111
1413 111
1414 111
1414 111
1414 111
1415 111
1415 111
1415 111
1416 111
1416 111
1416 111
1416 111
1417 111
1417 111
1417 111
1417 111
1417 111
1417 111
1417 111
1418 111
1418 111
1418 111
1418 111
1419 111
1419 111
1419 111
1419 111
1420 111
1420 111
1420 111
1420 111
1421 111
1421 111
1421 111
1421 111
1422 111
1422 111
1422 111
1422 111
1423 111
1423 111
1423 111
1423 111
1424 111
1424 111
1424 111
1424 111
1425 111
1425 111
1425 111
1425 111
1426 111
1426 111
1426 111
1426 111
1427 111
1427 111
1427 111
1427 111
1428 111
1428 111
1428 111
1428 111
1429 111
1429 111
1429 111
1429 111
1430 111
1430 111
1430 111
1430 111
1431 111
1431 111
1431 111
1431 111
1432 111
1432 111
1432 111
1432 111
1433 111
1433 111
1433 111
1433 111
1434 111
1434 111
1434 111
1434 111
1435 111
1435 111
1435 111
1435 111
1436 111
1436 111
1436 111
1437 111
1437 111
1437 111
1437 111
1437 111
1437 111
1438 111
1438 111
1438 111
1438 111
1439 111
1439 111
1439 111
1439 111
1440 111
1440 111
1440 111
1440 111
1441 111
1441 111
1441 111
1441 111
1442 111
1442 111
1442 111
1442 111
1443 111
1443 111
1443 111
1443 111
1444 111
1444 111
1444 111
1444 111
1445 111
1445 111
1445 111
1445 111
1446 111
1446 111
1446 111
1446 111
1447 111
1447 111
1447 111
1447 111
1448 111
1448 111
1448 111
1448 111
1449 111
1449 111
1449 111
1449 111
1450 111
1450 111
1450 111
1450 111
1451 111
1451 111
1451 111
1451 111
1452 111
1452 111
1452 111
1452 111
1453 111
1453 111
1453 111
1454 111
1454 111
1454 111
1454 111
1455 111
1455 111
1455 111
1455 111
1456 111
1456 111
1456 111
1456 111
1456 111
1456 111
1456 111
1457 111
1457 111
1458 111
1458 111
1458 111
1458 111
1459 111
1459 111
1459 111
1459 111
1460 111
1460 111
1460 111
1460 111
1461 111
1461 111
1461 111
1461 111
1462 111
1462 111
1462 111
1462 111
1463 111
1463 111
1463 111
1463 111
1464 111
1464 111
1464 111
1464 111
1465 111
1465 111
1465 111
1465 111
1466 111
1466 111
1466 111
1466 111
1467 111
1467 111
1467 111
1467 111
1468 111
1468 111
1468 111
1468 111
1469 111
1469 111
1469 111
1469 111
1470 111
1470 111
1470 111
1470 111
1471 111
1471 111
1471 111
1471 111
1472 111
1472 111
1472 111
1472 111
1473 111
1473 111
1473 111
1473 111
1474 111
1474 111
1474 111
1475 111
1475 111
1475 111
1475 111
1475 111
1475 111
1475 111
1476 111
1476 111
1476 111
1477 111
1477 111
1477 111
1477 111
1478 111
1478 111
1478 111
1479 111
1479 111
1479 111
1479 111
1480 111
1480 111
1480 111
1480 111
1481 111
1481 111
1481 111
1481 111
1482 111
1482 111
1482 111
1482 111
1483 111
1483 111
1483 111
1483 111
1484 111
1484 111
1484 111
1484 111
1485 111
1485 111
1485 111
1485 111
1486 111
1486 111
1486 111
1486 111
1487 111
1487 111
1487 111
1487 111
1488 111
1488 111
1488 111
1488 111
1489 111
1489 111
1489 111
1489 111
1490 111
1490 111
1490 111
1490 111
1491 111
1491 111
1491 111
1491 111
1492 111
1492 111
1492 111
1492 111
1493 111
1493 111
1493 111
1493 111
1494 111
1494 111
1494 111
1494 111
1495 111
1495 111
1495 111
1495 111
1495 111
1496 111
1496 111
1496 111
1496 111
1497 111
1497 111
1497 111
1497 111
1498 111
1498 111
1498 111
1498 111
1499 111
1499 111
1499 111
1500 111
1500 111
1500 111
1500 111
1501 111
1501 111
1501 111
1501 111
1502 111
1502 111
1502 111
1502 111
1503 111
1503 111
1503 111
1503 111
1504 111
1504 111
1504 111
1504 111
1505 111
1505 111
1505 111
1505 111
1506 118
1506 118
1506 118
1506 118
1507 118
1507 118
1507 118
1507 118
1508 118
1508 118
1508 118
1508 118
1509 118
1509 118
1509 118
1509 118
1510 118
1510 118
1510 118
1510 118
1511 118
1511 118
1511 118
1511 118
1512 118
1512 118
1512 118
1512 118
1513 118
1513 118
1513 118
1513 118
1514 118
1514 118
1514 118
1514 118
1515 118
1515 118
1515 118
1515 118
1515 118
1515 118
1516 118
1516 118
1516 118
1516 118
1517 118
1517 118
1517 118
1517 118
1518 118
1518 118
1518 118
1518 118
1519 118
1519 118
1519 118
1519 118
1520 118
1520 118
1520 118
1520 118
1521 118
1521 118
1521 118
1521 118
1522 118
1522 118
1522 118
1522 118
1523 118
1523 118
1523 118
1523 118
1524 118
1524 118
1524 118
1524 118
1525 118
1525 118
1525 118
1525 118
1526 118
1526 118
1526 118
1526 118
1527 118
1527 118
1527 118
1527 118
1528 118
1528 118
1528 118
1528 118
1529 118
1529 118
1529 118
1529 118
1530 118
1530 118
1530 118
1530 118
1531 118
1531 118
1531 118
1531 118
1532 118
1532 118
1532 118
1532 118
1533 118
1533 118
1533 118
1533 118
1534 118
1534 118
1534 118
1534 118
1535 118
1535 118
1535 118
1535 118
1536 118
1536 118
1536 118
1536 118
1536 118
1536 118
1537 118
1537 118
1537 118
1537 118
1538 118
1538 118
1538 118
1538 118
1539 118
1539 118
1539 118
1539 118
1540 118
1540 118
1540 118
1540 118
1541 118
1541 118
1541 118
1541 118
1542 118
1542 118
1542 118
1543 118
1543 118
1543 118
1543 118
1544 118
1544 118
1544 118
1544 118
1545 118
1545 118
1545 118
1545 118
1546 118
1546 118
1546 118
1546 118
1547 118
1547 118
1547 118
1547 118
1548 118
1548 118
1548 118
1548 118
1549 118
1549 118
1549 118
1549 118
1550 118
1550 118
1550 118
1550 118
1551 118
1551 118
1551 118
1551 118
1552 118
1552 118
1552 118
1552 118
1553 118
1553 118
1553 118
1553 118
1554 118
1554 118
1554 118
1554 118
1555 118
1555 118
1555 118
1555 118
1555 118
1555 118
1556 118
1556 118
1556 118
1556 118
1557 118
1557 118
1557 118
1558 118
1558 118
1558 118
1558 118
1559 118
1559 118
1559 118
1559 118
1560 118
1560 118
1560 118
1560 118
1561 118
1561 118
1561 118
1561 118
1562 118
1562 118
1562 118
1562 118
1563 118
1563 118
1563 118
1563 118
1564 118
1564 118
1564 118
1564 118
1565 118
1565 118
1565 118
1565 118
1566 118
1566 118
1566 118
1566 118
1567 118
1567 118
1567 118
1567 118
1568 118
1568 118
1568 118
1568 118
1569 118
1569 118
1569 118
1569 118
1570 118
1570 118
1570 118
1570 118
1571 118
1571 118
1571 118
1571 118
1572 118
1572 118
1572 118
1572 118
1573 140
1573 140
1573 140
1573 140 
1574 140
1575 140
1576 140
1577 140
1578 140
1579 140
1580 140
1581 140
1582 140
1583 140
1584 140
1585 140
1586 140
1587 140
1588 140
1589 140
1590 140
1591 140
1592 140
1593 140
1594 140
1595 140
1596 140
1597 140
1598 140
1599 140
1600 140
1601 140
1602 140
1603 140
1604 140
1605 140
1606 140
1607 140
1608 140
1609 140
1610 140
1611 140
1612 140
1613 140
1614 140
1615 140
1616 140
1617 140
1618 140
1619 140
1620 140
1621 140
1622 140
1623 140
1624 140
1625 140
1626 140
1627 140
1628 140
1629 140
1630 140
1631 140
1632 140
1633 140
1634 140
1635 140
1636 140
1637 140
1638 140
1639 140
1640 140
1641 140
1642 140
1643 140
1644 140
1645 140
1646 140
1647 140
1648 140
1649 140
1650 140
1651 140
1652 140
1653 140
1654 140
1655 140
1656 140
1657 140
1658 140
1659 140
1660 140
1661 140
1662 140
1663 140
1664 140
1665 140
1666 140
1667 140
1668 140
1669 140
1670 140
1671 140
1672 140
1673 140
1674 140
1675 140
1676 140
1677 140
1678 140
1679 140
1680 140
1681 140
1682 140
1683 140
1684 140
1685 140
1686 140
1687 140
1688 140
1689 140
1690 140
1691 140
1692 140
1693 140
1694 140
1695 140
1696 140
1697 140
1698 140
1699 140
1700 140
1701 140
1702 140
1703 140
1704 140
1705 140
1706 140
1707 140
1708 140
1709 140
1710 140
1711 140
1712 140
1713 140
1714 140
1715 140
1716 140
1717 140
1718 140
1719 140
1720 140
1721 140
1722 140
1723 140
1724 140
1725 140
1726 140
1727 140
1728 140
1729 140
1730 140
1731 140
1732 140
1733 140
1734 140
1735 140
1736 140
1737 140
1738 140
1739 140
1740 140
1741 140
1742 140
1743 140
1744 140
1745 140
1746 140
1747 140
1748 140
1749 140
1750 140
1751 140
1752 140
1753 140
1754 140
1755 140
1756 140
1757 140
1758 140
1759 140
1760 140
1761 140
1762 140
1763 140
1764 140
1765 140
1766 140
1767 140
1768 140
1769 140
1770 140
1771 140
1772 140
1773 140
1774 140
1775 140
1776 140
1777 140
1778 140
1779 140
1780 140
1781 140
1782 140
1783 140
1784 140
1785 140
1786 140
1787 140
1788 140
1789 140
1790 140
1791 140
1792 140
1793 140
1794 140
1795 140
1796 140
1797 140
1798 140
1799 140
1800 140
