
0 0
0 0
0 0
1 0
1 0
1 0
1 0
2 0
2 0
2 0
2 0
3 0
3 0
3 0
3 0
4 0
4 0
4 0
4 0
5 0
5 0
5 0
5 0
6 0
6 0
6 0
6 0
7 0
7 0
7 0
7 0
8 0
8 0
8 0
8 0
9 0
9 0
9 0
9 0
10 0
10 0
10 0
10 0
11 0
11 0
11 0
11 0
12 0
12 0
12 0
12 0
13 0
13 0
13 0
13 0
14 0
14 0
14 0
14 0
15 0
15 0
15 0
15 0
16 0
16 0
16 0
16 0
17 0
17 0
17 0
17 0
18 0
18 0
18 0
18 0
19 0
19 0
19 0
19 0
20 0
20 0
20 0
20 0
21 0
21 0
21 0
21 0
22 0
22 0
22 0
22 0
23 0
23 0
23 0
23 0
24 0
24 0
24 0
24 0
25 0
25 0
25 0
25 0
26 0
26 0
26 0
26 0
27 0
27 0
27 0
27 0
28 0
28 0
28 0
28 0
29 0
29 0
29 0
29 0
30 0
30 0
30 0
30 0
31 0
31 0
31 0
31 0
32 0
32 0
32 0
32 0
33 0
33 0
33 0
33 0
34 0
34 0
34 0
34 0
35 0
35 0
35 0
35 0
36 0
36 0
36 0
36 0
37 0
37 0
37 0
37 0
38 0
38 0
38 0
38 0
39 0
39 0
39 0
39 0
40 0
40 0
40 0
40 0
41 0
41 0
41 0
41 0
42 0
42 0
42 0
42 0
43 0
43 0
43 0
43 0
44 0
44 0
44 0
44 0
45 0
45 0
45 0
45 0
46 0
46 0
46 0
46 0
47 0
47 0
47 0
47 0
48 0
48 0
48 0
48 0
49 0
49 0
49 0
49 0
50 0
50 0
50 0
50 0
51 0
51 0
51 0
51 0
52 0
52 0
52 0
52 0
53 0
53 0
53 0
53 0
54 0
54 0
54 0
54 0
55 0
55 0
55 0
55 0
56 0
56 0
56 0
56 0
57 0
57 0
57 0
57 0
58 0
58 0
58 0
58 0
59 0
59 0
59 0
59 0
60 0
60 0
60 0
60 0
61 0
61 0
61 0
61 0
62 0
62 0
62 0
62 0
63 0
63 0
63 0
63 0
64 0
64 0
64 0
64 0
65 0
65 0
65 0
65 0
66 0
66 0
66 0
66 0
67 0
67 0
67 0
67 0
68 0
68 0
68 0
68 0
69 0
69 0
69 0
69 0
70 0
70 0
70 0
70 0
71 0
71 0
71 0
71 0
72 0
72 0
72 0
72 0
73 0
73 0
73 0
73 0
74 0
74 0
74 0
74 0
75 0
75 0
75 0
75 0
76 0
76 0
76 0
76 0
77 0
77 0
77 0
77 0
78 0
78 0
78 0
78 0
79 0
79 0
79 0
79 0
80 0
80 0
80 0
80 0
81 0
81 0
81 0
81 0
82 0
82 0
82 0
82 0
83 0
83 0
83 0
83 0
84 0
84 0
84 0
84 0
85 0
85 0
85 0
85 0
86 0
86 0
86 2
86 2
87 2
87 2
87 2
87 2
88 2
88 2
88 2
88 2
89 2
89 2
89 2
89 2
90 2
90 2
90 2
90 2
91 2
91 2
91 2
91 2
92 2
92 2
92 2
92 2
93 2
93 2
93 2
93 2
94 2
94 2
94 2
94 2
95 2
95 2
95 2
95 2
96 2
96 2
96 2
96 2
97 2
97 2
97 2
97 2
98 2
98 2
98 2
98 2
99 2
99 2
99 2
99 2
100 2
100 2
100 2
100 2
101 2
101 2
101 2
101 2
102 2
102 2
102 2
102 2
103 2
103 2
103 2
103 2
104 2
104 2
104 2
104 2
105 2
105 2
105 2
105 2
106 2
106 22
106 22
106 22
107 22
107 22
107 22
107 22
108 22
108 22
108 22
108 22
109 22
109 22
109 22
109 22
110 22
110 22
110 22
110 22
111 22
111 22
111 22
111 22
112 22
112 22
112 22
112 22
113 22
113 22
113 22
113 22
114 22
114 22
114 22
114 22
115 22
115 22
115 22
115 22
116 22
116 22
116 22
116 22
117 22
117 22
117 22
117 22
118 22
118 22
118 22
118 22
119 22
119 22
119 22
119 22
120 22
120 22
120 22
120 22
121 22
121 22
121 22
121 22
122 22
122 22
122 22
122 22
123 22
123 22
123 22
123 22
124 22
124 22
124 22
124 22
125 22
125 22
125 22
125 22
126 22
126 22
126 22
126 22
127 22
127 22
127 22
127 22
128 22
128 22
128 22
128 22
129 22
129 22
129 22
129 22
130 22
130 22
130 22
130 22
131 22
131 22
131 22
131 22
132 22
132 22
132 22
132 22
133 22
133 22
133 22
133 22
134 22
134 22
134 22
134 22
135 22
135 22
135 22
135 22
136 22
136 22
136 22
136 22
137 22
137 22
137 22
137 22
138 22
138 22
138 22
138 22
139 22
139 22
139 22
139 22
140 22
140 22
140 22
140 22
141 22
141 22
141 22
141 22
142 22
142 22
142 22
142 22
143 22
143 22
143 22
143 22
144 22
144 22
144 22
144 22
145 22
145 22
145 22
145 22
146 22
146 22
146 22
146 22
147 22
147 22
147 22
147 22
148 22
148 22
148 22
148 22
149 22
149 22
149 22
149 22
150 22
150 22
150 22
150 22
151 22
151 22
151 22
151 22
152 22
152 22
152 22
152 22
153 22
153 22
153 22
153 22
154 22
154 22
154 22
154 22
155 22
155 22
155 22
155 22
156 22
156 22
156 22
156 22
157 22
157 22
157 22
157 22
158 22
158 22
158 22
158 22
159 22
159 22
159 22
159 22
160 22
160 22
160 22
160 22
161 22
161 22
161 22
161 22
162 22
162 22
162 22
162 22
163 22
163 22
163 22
163 22
164 22
164 22
164 22
164 22
165 22
165 22
165 22
165 22
166 22
166 22
166 22
166 22
167 22
167 22
167 22
167 22
168 22
168 22
168 22
168 22
169 22
169 22
169 22
169 22
170 22
170 22
170 22
170 22
171 22
171 22
171 22
171 22
172 22
172 22
172 22
172 22
173 22
173 22
173 22
173 22
174 22
174 22
174 22
174 22
175 22
175 22
175 22
175 22
176 22
176 22
176 22
176 22
177 22
177 22
177 22
177 22
178 22
178 22
178 22
178 22
179 22
179 22
179 22
179 22
180 22
180 22
180 22
180 22
181 22
181 22
181 22
181 22
182 22
182 22
182 22
182 22
183 22
183 22
183 22
183 22
184 22
184 22
184 22
184 22
185 22
185 22
185 22
185 22
186 22
186 22
186 22
186 22
187 22
187 22
187 22
187 22
188 22
188 22
188 22
188 22
189 22
189 22
189 22
189 22
190 22
190 22
190 22
190 22
191 22
191 22
191 22
191 22
192 22
192 22
192 22
192 22
193 22
193 22
193 22
193 22
194 22
194 22
194 22
194 22
195 22
195 22
195 22
195 22
196 22
196 22
196 22
196 22
197 22
197 22
197 22
197 22
198 22
198 22
198 22
198 22
199 22
199 22
199 22
199 22
200 22
200 22
200 22
200 22
201 22
201 22
201 22
201 22
202 22
202 22
202 22
202 22
203 22
203 22
203 22
203 22
204 22
204 22
204 22
204 22
205 22
205 22
205 22
205 22
206 22
206 22
206 22
206 22
207 22
207 22
207 22
207 22
208 22
208 22
208 22
208 22
209 22
209 22
209 22
209 22
210 22
210 22
210 22
210 22
211 22
211 22
211 22
211 22
212 22
212 22
212 22
212 22
213 22
213 22
213 22
213 22
214 22
214 22
214 22
214 22
215 22
215 22
215 22
215 22
216 22
216 22
216 22
216 22
217 22
217 22
217 22
217 22
218 22
218 22
218 22
218 22
219 22
219 22
219 22
219 22
220 22
220 22
220 22
220 22
221 22
221 22
221 22
221 22
222 22
222 22
222 22
222 22
223 22
223 22
223 22
223 22
224 22
224 22
224 22
224 22
225 22
225 22
225 22
225 22
226 22
226 22
226 22
226 22
227 22
227 22
227 22
227 22
228 22
228 35
228 35
228 35
229 35
229 35
229 35
229 35
230 35
230 35
230 35
230 35
231 35
231 35
231 35
231 35
232 35
232 35
232 35
232 35
233 35
233 35
233 35
233 35
234 35
234 35
234 35
234 35
235 35
235 35
235 35
235 35
236 35
236 35
236 35
236 35
237 35
237 35
237 35
237 35
238 35
238 35
238 35
238 35
239 35
239 35
239 35
239 35
240 35
240 35
240 35
240 35
241 35
241 35
241 35
242 35
242 35
243 35
243 35
243 35
243 35
244 35
244 35
244 35
244 35
245 35
245 35
245 35
245 35
246 35
246 35
246 35
246 35
247 35
247 35
247 35
247 35
248 35
248 35
248 35
248 35
249 35
249 35
249 35
249 35
250 35
250 35
250 35
250 35
251 35
251 35
251 35
251 35
252 35
252 35
252 35
252 35
253 35
253 35
253 35
253 35
254 35
254 35
254 35
254 35
255 35
255 35
255 35
255 35
256 35
256 35
256 35
256 35
257 35
257 35
257 35
257 35
258 35
258 35
258 35
258 35
259 35
259 35
259 35
259 35
260 35
260 35
260 35
260 35
260 35
260 35
260 35
261 35
261 35
261 35
261 35
262 35
262 35
262 35
262 35
263 35
263 35
263 35
263 35
264 35
264 35
264 35
264 35
265 35
265 35
265 35
265 35
266 35
266 35
266 35
266 35
267 35
267 35
267 35
267 35
268 35
268 35
268 35
268 35
269 35
269 35
269 35
269 35
270 35
270 35
270 35
270 35
271 35
271 35
271 35
271 35
272 35
272 35
272 35
272 35
273 35
273 35
273 35
273 35
274 35
274 35
274 35
274 35
275 35
275 35
275 35
275 35
276 35
276 35
276 35
276 35
277 35
277 35
277 35
277 35
278 35
278 35
278 35
278 35
279 35
279 35
279 35
279 35
280 35
280 35
280 35
280 35
281 35
281 35
281 35
281 35
282 35
282 35
282 35
282 35
283 35
283 35
283 35
283 35
284 35
284 35
284 35
284 35
285 35
285 35
285 35
285 35
286 35
286 35
286 35
286 35
287 35
287 35
287 35
287 35
288 35
288 35
288 35
288 35
289 35
289 35
289 35
289 35
290 35
290 35
290 35
290 35
291 35
291 35
291 35
291 35
292 35
292 35
292 35
292 35
293 35
293 35
293 35
293 35
294 35
294 35
294 35
294 35
295 35
295 35
295 35
295 35
296 35
296 35
296 35
296 35
297 35
297 35
297 35
297 35
298 35
298 35
298 35
298 35
299 35
299 35
299 35
299 35
300 35
300 35
300 35
300 35
301 35
301 35
301 35
301 35
302 35
302 35
302 35
302 35
303 35
303 35
303 35
303 35
304 35
304 35
304 35
304 35
305 35
305 35
305 35
305 35
306 35
306 35
306 35
306 35
307 35
307 35
307 35
307 35
308 35
308 35
308 35
308 35
309 35
309 35
309 35
309 35
310 35
310 35
310 35
310 35
311 35
311 35
311 35
311 35
312 35
312 35
312 35
312 35
313 35
313 35
313 35
313 35
314 35
314 35
314 35
314 35
315 35
315 35
315 35
315 35
316 35
316 35
316 35
316 35
317 35
317 35
317 35
317 35
318 35
318 35
318 35
318 35
319 35
319 35
319 35
319 35
320 35
320 35
320 35
320 35
321 35
321 35
321 35
321 35
322 35
322 35
322 35
322 35
323 35
323 35
323 35
323 35
324 35
324 35
324 35
324 35
325 35
325 35
325 35
325 35
326 35
326 35
326 35
326 35
327 35
327 35
327 35
327 35
328 35
328 35
328 35
328 35
329 35
329 35
329 35
329 35
330 35
330 35
330 35
330 35
331 35
331 35
331 35
331 35
332 35
332 35
332 35
332 35
333 35
333 35
333 35
333 35
334 35
334 35
334 35
334 35
335 35
335 35
335 35
335 35
336 35
336 35
336 35
336 35
337 35
337 35
337 35
337 35
338 35
338 35
338 35
338 35
339 35
339 35
339 35
339 35
340 35
340 35
340 35
340 35
341 35
341 35
341 35
341 35
342 35
342 35
342 35
342 35
343 35
343 35
343 35
343 35
344 35
344 35
344 35
344 35
345 35
345 35
345 35
345 35
346 35
346 35
346 35
346 35
347 35
347 35
347 35
347 35
348 35
348 35
348 35
348 35
349 35
349 35
349 35
349 35
350 35
350 35
350 35
350 35
351 35
351 35
351 35
351 35
352 35
352 35
352 35
352 35
353 35
353 35
353 35
353 35
354 45
354 45
354 45
354 45
355 45
355 45
355 45
355 45
356 45
356 45
356 45
356 45
357 45
357 45
357 45
357 45
358 45
358 45
358 45
358 45
359 45
359 45
359 45
359 45
360 45
360 45
360 45
360 45
361 45
361 45
361 45
361 45
362 45
362 45
362 45
362 45
363 45
363 45
363 45
363 45
364 45
364 45
364 45
364 45
365 45
365 45
365 45
365 45
366 45
366 45
366 45
366 45
367 45
367 45
367 45
367 45
368 45
368 45
368 45
368 45
369 45
369 45
369 45
369 45
370 45
370 45
370 45
370 45
371 45
371 45
371 45
371 45
372 45
372 45
372 45
372 45
373 45
373 45
373 45
373 45
374 45
374 45
374 45
374 45
375 45
375 45
375 45
375 45
376 45
376 45
376 45
376 45
377 45
377 45
377 45
377 45
378 45
378 45
378 45
378 45
379 45
379 45
379 45
379 45
380 45
380 45
380 45
380 45
381 45
381 45
381 45
381 45
382 45
382 45
382 45
382 45
383 45
383 45
383 45
383 45
384 45
384 45
384 45
384 45
385 45
385 45
385 45
385 45
386 45
386 45
386 45
386 45
387 45
387 45
387 45
387 45
388 45
388 45
388 45
388 45
389 45
389 45
389 45
389 45
390 45
390 45
390 45
390 45
391 45
391 45
391 45
391 45
392 45
392 45
392 45
392 45
393 45
393 45
393 45
393 45
394 45
394 45
394 45
394 45
395 45
395 45
395 45
395 45
396 45
396 45
396 45
396 45
397 45
397 45
397 45
397 45
398 45
398 45
398 45
398 45
399 45
399 45
399 45
399 45
400 45
400 45
400 45
400 45
401 45
401 45
401 45
401 45
402 45
402 45
402 45
402 45
403 45
403 45
403 45
403 45
404 45
404 45
404 45
404 45
405 45
405 45
405 45
405 45
406 45
406 45
406 45
406 45
407 45
407 45
407 45
407 45
408 45
408 45
408 45
408 45
409 45
409 45
409 45
409 45
410 45
410 45
410 45
410 45
411 45
411 45
411 45
411 45
412 45
412 45
412 45
412 45
413 45
413 45
413 45
413 45
414 45
414 45
414 45
414 45
415 45
415 45
415 45
415 45
416 45
416 45
416 45
416 45
417 45
417 45
417 45
417 45
418 45
418 45
418 45
418 45
419 45
419 45
419 45
419 45
420 45
420 45
420 45
420 45
421 45
421 45
421 45
421 45
422 45
422 45
422 45
422 45
423 45
423 45
423 45
423 45
424 45
424 45
424 45
424 45
425 45
425 45
425 45
425 45
426 45
426 45
426 45
426 45
427 45
427 45
427 45
427 45
428 45
428 45
428 45
428 45
429 45
429 45
429 45
429 45
430 45
430 45
430 45
430 45
431 45
431 45
431 45
431 45
432 45
432 45
432 45
432 45
433 45
433 45
433 45
433 45
434 45
434 45
434 45
434 45
435 45
435 45
435 45
435 45
436 45
436 45
436 45
436 45
437 45
437 45
437 45
437 45
438 45
438 45
438 45
438 45
439 45
439 45
439 45
439 45
440 45
440 45
440 45
440 45
441 45
441 45
441 45
441 45
442 45
442 45
442 45
442 45
443 45
443 45
443 45
443 45
444 45
444 45
444 45
444 45
445 45
445 45
445 45
445 45
446 45
446 45
446 45
446 45
447 45
447 45
447 45
447 45
448 45
448 45
448 45
448 45
449 45
449 45
449 45
449 45
450 45
450 45
450 45
450 45
451 45
451 45
451 45
451 45
452 45
452 45
452 45
452 45
453 45
453 45
453 45
453 45
454 45
454 45
454 45
454 45
455 45
455 45
455 45
455 45
456 45
456 45
456 45
456 45
457 45
457 45
457 45
457 45
458 45
458 45
458 45
458 45
459 45
459 45
459 45
459 45
460 45
460 45
460 45
460 45
461 45
461 45
461 45
461 45
462 45
462 45
462 45
462 45
463 45
463 45
463 45
463 45
464 45
464 45
464 45
464 45
465 45
465 45
465 45
465 45
466 45
466 45
466 45
466 45
467 45
467 45
467 45
467 45
468 45
468 45
468 45
468 45
469 45
469 45
469 45
469 45
470 45
470 45
470 45
470 45
471 45
471 45
471 45
471 45
472 45
472 45
472 45
472 45
473 45
473 45
473 45
473 45
474 45
474 45
474 45
474 45
475 45
475 45
475 45
475 45
476 45
476 45
476 45
476 45
477 45
477 45
477 45
477 45
478 45
478 45
478 45
478 45
479 45
479 45
479 45
479 45
480 45
480 45
480 45
480 45
481 45
481 45
481 45
481 45
482 45
482 45
482 45
482 45
483 45
483 45
483 45
483 45
484 45
484 45
484 45
484 45
485 45
485 45
485 45
485 45
486 45
486 45
486 65
486 65
487 65
487 65
487 65
487 65
488 65
488 65
488 65
488 65
489 65
489 65
489 65
489 65
490 65
490 65
490 65
490 65
491 65
491 65
491 65
491 65
492 65
492 65
492 65
492 65
493 65
493 65
493 65
493 65
494 65
494 65
494 65
495 65
495 65
495 65
495 65
496 65
496 65
496 65
496 65
497 65
497 65
497 65
497 65
498 65
498 65
498 65
498 65
499 65
499 65
499 65
499 65
500 65
500 65
500 65
500 65
501 65
501 65
501 65
501 65
502 65
502 65
502 65
502 65
503 65
503 65
503 65
503 65
504 65
504 65
504 65
504 65
505 65
505 65
505 65
505 65
506 65
506 65
506 65
506 65
507 65
507 65
507 65
507 65
508 65
508 65
508 65
508 65
509 65
509 65
509 65
509 65
510 65
510 65
510 65
510 65
511 65
511 65
511 65
511 65
512 80
512 80
512 80
512 80
513 80
513 80
513 80
513 80
514 80
514 80
514 80
514 80
515 80
515 80
515 80
515 80
516 80
516 80
516 80
516 80
517 80
517 80
517 80
517 80
518 80
518 80
518 80
518 80
519 80
519 80
519 80
519 80
520 80
520 80
520 80
520 80
521 80
521 80
521 80
522 80
522 80
522 80
522 80
523 80
523 80
523 80
523 80
524 80
524 80
524 80
524 80
525 80
525 80
525 80
525 80
526 80
526 80
526 80
526 80
527 80
527 80
527 80
527 80
528 80
528 80
528 80
528 80
529 80
529 80
529 80
529 80
530 80
530 80
530 80
530 80
531 80
531 80
531 80
531 80
532 80
532 80
532 80
532 80
533 80
533 80
533 80
533 80
534 80
534 80
534 80
534 80
535 80
535 80
535 80
535 80
536 80
536 80
536 80
536 80
537 80
537 80
537 80
537 80
538 80
538 80
538 80
538 80
539 80
539 80
539 80
539 80
540 80
540 80
540 80
540 80
541 80
541 80
541 80
541 80
542 80
542 80
542 80
542 80
543 80
543 80
543 80
543 80
544 80
544 80
544 80
544 80
545 80
545 80
545 80
545 80
546 80
546 80
546 80
546 80
547 80
547 80
547 80
547 80
548 80
548 80
548 80
548 80
549 80
549 80
549 80
549 80
550 80
550 80
550 80
550 80
551 80
551 80
551 80
551 80
552 80
552 80
552 80
552 80
553 80
553 80
553 80
553 80
554 80
554 80
554 80
554 80
555 80
555 80
555 80
555 80
556 80
556 80
556 80
556 80
557 80
557 80
557 80
557 80
558 80
558 80
558 80
558 80
559 80
559 80
559 80
559 80
560 80
560 80
560 80
560 80
561 81
561 81
561 81
561 81
562 81
562 81
562 81
562 81
563 81
563 81
563 81
563 81
564 81
564 81
564 81
564 81
565 81
565 81
565 81
565 81
566 81
566 81
566 81
566 81
567 81
567 81
567 81
567 81
568 81
568 81
568 81
568 81
569 81
569 81
569 81
569 81
570 81
570 81
570 81
570 81
571 81
571 81
571 81
571 81
572 81
572 81
572 81
572 81
573 81
573 81
573 81
573 81
574 81
574 81
574 81
574 81
575 81
575 81
575 81
575 81
576 81
576 81
576 81
576 81
577 81
577 81
577 81
577 81
578 81
578 81
578 81
578 81
579 81
579 81
579 81
579 81
580 81
580 81
580 81
580 81
581 81
581 81
581 81
581 81
582 81
582 81
582 81
582 81
583 81
583 81
583 81
583 81
584 81
584 81
584 81
584 81
585 81
585 81
585 81
585 81
586 81
586 81
586 81
586 81
587 81
587 81
587 81
587 81
588 81
588 81
588 81
588 81
589 81
589 81
589 81
589 81
590 81
590 81
590 81
590 81
591 81
591 81
591 81
591 81
592 81
592 81
592 81
592 81
593 81
593 81
593 81
593 81
594 81
594 81
594 81
594 81
595 81
595 81
595 81
595 81
596 81
596 81
596 81
596 81
597 81
597 81
597 81
597 81
598 81
598 81
598 81
598 81
599 81
599 81
599 81
599 81
600 81
600 81
600 81
600 81
601 81
601 81
601 81
601 81
602 81
602 81
602 81
602 81
603 81
603 81
603 81
603 81
604 81
604 81
604 81
604 81
605 81
605 81
605 81
605 81
606 81
606 81
606 81
606 81
607 81
607 81
607 81
607 81
608 81
608 81
608 81
608 81
609 81
609 81
609 81
609 81
610 81
610 81
610 81
610 81
611 81
611 81
611 81
611 81
612 81
612 81
612 81
612 81
613 81
613 81
613 81
613 81
614 81
614 81
614 81
614 81
615 81
615 81
615 81
615 81
616 81
616 81
616 81
616 81
617 81
617 81
617 81
617 81
618 81
618 81
618 81
618 81
619 81
619 81
619 81
619 81
620 81
620 81
620 81
620 81
621 81
621 81
621 81
621 81
622 81
622 81
622 81
622 81
623 81
623 81
623 81
623 81
624 81
624 81
624 81
624 81
625 81
625 81
625 81
625 81
626 81
626 81
626 81
626 81
627 81
627 81
627 81
627 81
628 81
628 81
628 81
628 81
629 81
629 81
629 81
629 81
630 81
630 81
630 81
630 81
631 81
631 81
631 81
631 81
632 81
632 81
632 81
632 81
633 81
633 81
633 81
633 81
634 81
634 81
634 81
634 81
635 81
635 81
635 81
635 81
636 81
636 81
636 81
636 81
637 81
637 81
637 81
637 81
638 81
638 81
638 81
638 81
639 81
639 81
639 81
639 81
640 81
640 81
640 81
640 81
641 81
641 81
641 81
641 81
642 81
642 81
642 81
642 81
643 81
643 81
643 81
643 81
644 81
644 81
644 81
644 81
645 81
645 81
645 81
645 81
646 81
646 81
646 81
646 81
647 81
647 81
647 81
647 81
648 81
648 81
648 81
648 81
649 81
649 81
649 81
649 81
650 81
650 81
650 81
650 81
651 81
651 81
651 81
651 81
652 81
652 81
652 81
652 81
653 81
653 81
653 81
653 81
654 81
654 81
654 81
654 81
655 81
655 81
655 81
655 81
656 81
656 81
656 81
656 81
657 81
657 81
657 81
657 81
658 81
658 81
658 81
658 81
659 81
659 81
659 81
659 81
660 81
660 81
660 81
660 81
661 81
661 81
661 81
661 81
662 81
662 81
662 81
662 81
663 81
663 81
663 81
663 81
664 81
664 81
664 81
664 81
665 81
665 81
665 81
665 81
666 81
666 81
666 81
666 81
667 81
667 81
667 81
667 81
668 81
668 81
668 81
668 81
669 81
669 81
669 81
669 81
670 81
670 81
670 81
670 81
671 81
671 81
671 81
671 81
672 81
672 81
672 81
672 81
673 81
673 81
673 81
673 81
674 81
674 81
674 81
674 81
675 81
675 81
675 81
675 81
676 81
676 81
676 81
676 81
677 81
677 81
677 81
677 81
678 81
678 81
678 81
678 81
679 81
679 81
679 81
679 81
680 81
680 81
680 81
680 81
681 81
681 81
681 81
681 81
682 81
682 81
682 81
682 81
683 81
683 81
683 81
683 81
684 81
684 81
684 81
684 81
685 81
685 81
685 81
685 81
686 81
686 81
686 81
686 81
687 81
687 81
687 81
687 81
688 81
688 81
688 81
688 81
689 81
689 81
689 81
689 81
690 81
690 81
690 81
690 81
691 81
691 81
691 81
691 81
692 81
692 81
692 81
692 81
693 81
693 81
693 81
693 81
694 81
694 81
694 81
694 81
695 81
695 81
695 81
695 81
696 81
696 81
696 81
696 81
697 81
697 81
697 81
697 81
698 81
698 81
698 81
698 81
699 81
699 81
699 81
699 81
700 103
700 103
700 103
700 103
701 103
701 103
701 103
701 103
702 103
702 103
702 103
702 103
703 103
703 103
703 103
703 103
704 103
704 103
704 103
704 103
705 103
705 103
705 103
705 103
706 103
706 103
706 103
706 103
707 103
707 103
707 103
707 103
708 103
708 103
708 103
708 103
709 103
709 103
709 103
709 103
710 103
710 103
710 103
710 103
711 103
711 103
711 103
711 103
712 103
712 103
712 103
712 103
713 103
713 103
713 103
713 103
714 103
714 103
714 103
714 103
715 103
715 103
715 103
715 103
716 103
716 103
716 103
716 103
717 103
717 103
717 103
717 103
718 103
718 103
718 103
718 103
719 103
719 103
719 103
720 103
720 103
720 103
720 103
721 103
721 103
721 103
721 103
722 103
722 103
722 103
722 103
723 103
723 103
723 103
723 103
724 103
724 103
724 103
724 103
725 103
725 103
725 103
725 103
726 103
726 103
726 103
726 103
727 103
727 103
727 103
727 103
728 103
728 103
728 103
728 103
729 103
729 103
729 103
729 103
730 103
730 103
730 103
730 103
731 103
731 103
731 103
731 103
732 103
732 103
732 103
732 103
733 103
733 103
733 103
733 103
734 103
734 103
734 103
734 103
735 103
735 103
735 103
735 103
736 103
736 103
736 103
736 103
737 103
737 103
737 103
737 103
738 103
738 103
738 103
738 103
739 103
739 103
739 103
739 103
740 103
740 103
740 103
740 103
741 103
741 103
741 103
741 103
741 103
741 103
741 103
742 103
742 103
742 103
742 103
743 103
743 103
743 103
743 103
744 103
744 103
744 103
744 103
745 103
745 103
745 103
745 103
746 103
746 103
746 103
746 103
747 103
747 103
747 103
747 103
748 103
748 103
748 103
748 103
749 103
749 103
749 103
749 103
750 103
750 103
750 103
750 103
751 103
751 103
751 103
751 103
752 103
752 103
752 103
752 103
753 103
753 103
753 103
753 103
754 103
754 103
754 103
754 103
755 103
755 103
755 103
755 103
756 103
756 103
756 103
756 103
757 103
757 103
757 103
757 103
758 103
758 103
758 103
758 103
759 103
759 103
759 103
759 103
760 103
760 103
760 103
760 103
761 103
761 103
761 103
761 103
762 103
762 103
762 103
762 103
763 103
763 103
763 103
763 103
764 103
764 103
764 103
764 103
765 103
765 103
765 103
765 103
766 103
766 103
766 103
766 103
767 103
767 103
767 103
767 103
768 103
768 103
768 103
768 103
769 103
769 103
769 103
769 103
770 103
770 103
770 103
770 103
771 103
771 103
771 103
771 103
772 103
772 103
772 103
772 103
773 103
773 103
773 103
773 103
774 103
774 103
774 103
774 103
775 103
775 103
775 103
775 103
776 103
776 103
776 103
776 103
777 103
777 103
777 103
777 103
778 103
778 103
778 103
778 103
779 103
779 103
779 103
779 103
780 103
780 103
780 103
780 103
781 103
781 103
781 103
781 103
782 103
782 103
782 103
782 103
783 103
783 103
783 103
783 103
784 103
784 103
784 103
784 103
785 103
785 103
785 103
785 103
786 103
786 103
786 103
786 103
787 103
787 103
787 103
787 103
788 103
788 103
788 103
788 103
789 103
789 103
789 103
789 103
790 103
790 103
790 103
790 103
791 103
791 103
791 103
791 103
792 103
792 103
792 103
792 103
793 103
793 103
793 103
793 103
794 103
794 103
794 103
794 103
795 103
795 103
795 103
795 103
796 103
796 103
796 103
796 103
797 103
797 103
797 103
797 103
798 103
798 103
798 103
798 103
799 103
799 103
799 103
799 103
800 103
800 103
800 103
800 103
801 103
801 103
801 103
801 103
802 103
802 103
802 103
802 103
803 103
803 103
803 103
803 103
804 103
804 103
804 103
804 103
805 103
805 103
805 103
805 103
806 103
806 103
806 103
806 103
807 103
807 103
807 103
807 103
808 103
808 103
808 103
808 103
809 103
809 104
809 104
809 104
810 104
810 104
810 104
810 104
811 104
811 104
811 104
811 104
812 104
812 104
812 104
812 104
813 104
813 104
813 104
813 104
814 104
814 104
814 104
814 104
815 104
815 104
815 104
815 104
816 104
816 104
816 104
816 104
817 104
817 104
817 104
817 104
818 104
818 104
818 104
818 104
819 104
819 104
819 104
819 104
820 104
820 104
820 104
820 104
821 104
821 104
821 104
821 104
822 104
822 104
822 104
822 104
823 104
823 104
823 104
823 104
824 104
824 104
824 104
824 104
825 104
825 104
825 104
825 104
826 104
826 104
826 104
826 104
827 104
827 104
827 104
827 104
828 104
828 104
828 104
828 104
829 104
829 104
829 104
829 104
830 104
830 104
830 104
830 104
831 104
831 104
831 104
831 104
832 104
832 104
832 104
832 104
833 104
833 104
833 104
833 104
834 104
834 104
834 104
834 104
835 104
835 104
835 104
835 104
836 104
836 104
836 104
836 104
837 104
837 104
837 104
837 104
838 104
838 104
838 104
838 104
839 104
839 104
839 104
839 104
840 104
840 104
840 104
840 104
841 104
841 104
841 104
841 104
842 104
842 104
842 104
842 104
843 104
843 104
843 104
843 104
844 104
844 104
844 104
844 104
845 104
845 104
845 104
845 104
846 104
846 104
846 104
846 104
847 104
847 104
847 104
847 104
848 104
848 104
848 104
848 104
849 104
849 104
849 104
849 104
850 104
850 104
850 104
850 104
851 104
851 104
851 104
851 104
852 104
852 104
852 104
852 104
853 104
853 104
853 104
853 104
854 104
854 104
854 104
854 104
855 104
855 104
855 104
855 104
856 104
856 104
856 104
856 104
857 104
857 104
857 104
857 104
858 104
858 104
858 104
858 104
859 104
859 104
859 104
859 104
860 104
860 104
860 104
860 104
861 104
861 104
861 104
861 104
861 104
861 104
861 104
862 104
862 104
862 104
862 104
863 104
863 104
863 104
863 104
864 104
864 104
864 104
864 104
865 104
865 104
865 104
865 104
866 104
866 104
866 104
866 104
867 104
867 104
867 104
867 104
868 104
868 104
868 104
868 104
869 104
869 104
869 104
869 104
870 104
870 104
870 104
870 104
871 104
871 104
871 104
871 104
872 104
872 104
872 104
872 104
873 104
873 104
873 104
873 104
874 104
874 104
874 104
874 104
875 104
875 104
875 104
875 104
876 104
876 104
876 104
876 104
877 104
877 104
877 104
877 104
878 104
878 104
878 104
878 104
879 104
879 104
879 104
879 104
880 104
880 104
880 104
880 104
881 104
881 104
881 104
881 104
882 104
882 104
882 137
882 137
883 137
883 137
884 140
885 140
886 140
887 140
888 140
889 140
890 140
891 140
892 140
893 140
894 140
895 140
896 140
897 140
898 140
899 140
900 140
901 140
902 140
903 140
904 140
905 140
906 140
907 140
908 140
909 140
910 140
911 140
912 140
913 140
914 140
915 140
916 140
917 140
918 140
919 140
920 140
921 140
922 140
923 140
924 140
925 140
926 140
927 140
928 140
929 140
930 140
931 140
932 140
933 140
934 140
935 140
936 140
937 140
938 140
939 140
940 140
941 140
942 140
943 140
944 140
945 140
946 140
947 140
948 140
949 140
950 140
951 140
952 140
953 140
954 140
955 140
956 140
957 140
958 140
959 140
960 140
961 140
962 140
963 140
964 140
965 140
966 140
967 140
968 140
969 140
970 140
971 140
972 140
973 140
974 140
975 140
976 140
977 140
978 140
979 140
980 140
981 140
982 140
983 140
984 140
985 140
986 140
987 140
988 140
989 140
990 140
991 140
992 140
993 140
994 140
995 140
996 140
997 140
998 140
999 140
1000 140
1001 140
1002 140
1003 140
1004 140
1005 140
1006 140
1007 140
1008 140
1009 140
1010 140
1011 140
1012 140
1013 140
1014 140
1015 140
1016 140
1017 140
1018 140
1019 140
1020 140
1021 140
1022 140
1023 140
1024 140
1025 140
1026 140
1027 140
1028 140
1029 140
1030 140
1031 140
1032 140
1033 140
1034 140
1035 140
1036 140
1037 140
1038 140
1039 140
1040 140
1041 140
1042 140
1043 140
1044 140
1045 140
1046 140
1047 140
1048 140
1049 140
1050 140
1051 140
1052 140
1053 140
1054 140
1055 140
1056 140
1057 140
1058 140
1059 140
1060 140
1061 140
1062 140
1063 140
1064 140
1065 140
1066 140
1067 140
1068 140
1069 140
1070 140
1071 140
1072 140
1073 140
1074 140
1075 140
1076 140
1077 140
1078 140
1079 140
1080 140
1081 140
1082 140
1083 140
1084 140
1085 140
1086 140
1087 140
1088 140
1089 140
1090 140
1091 140
1092 140
1093 140
1094 140
1095 140
1096 140
1097 140
1098 140
1099 140
1100 140
1101 140
1102 140
1103 140
1104 140
1105 140
1106 140
1107 140
1108 140
1109 140
1110 140
1111 140
1112 140
1113 140
1114 140
1115 140
1116 140
1117 140
1118 140
1119 140
1120 140
1121 140
1122 140
1123 140
1124 140
1125 140
1126 140
1127 140
1128 140
1129 140
1130 140
1131 140
1132 140
1133 140
1134 140
1135 140
1136 140
1137 140
1138 140
1139 140
1140 140
1141 140
1142 140
1143 140
1144 140
1145 140
1146 140
1147 140
1148 140
1149 140
1150 140
1151 140
1152 140
1153 140
1154 140
1155 140
1156 140
1157 140
1158 140
1159 140
1160 140
1161 140
1162 140
1163 140
1164 140
1165 140
1166 140
1167 140
1168 140
1169 140
1170 140
1171 140
1172 140
1173 140
1174 140
1175 140
1176 140
1177 140
1178 140
1179 140
1180 140
1181 140
1182 140
1183 140
1184 140
1185 140
1186 140
1187 140
1188 140
1189 140
1190 140
1191 140
1192 140
1193 140
1194 140
1195 140
1196 140
1197 140
1198 140
1199 140
1200 140
1201 140
1202 140
1203 140
1204 140
1205 140
1206 140
1207 140
1208 140
1209 140
1210 140
1211 140
1212 140
1213 140
1214 140
1215 140
1216 140
1217 140
1218 140
1219 140
1220 140
1221 140
1222 140
1223 140
1224 140
1225 140
1226 140
1227 140
1228 140
1229 140
1230 140
1231 140
1232 140
1233 140
1234 140
1235 140
1236 140
1237 140
1238 140
1239 140
1240 140
1241 140
1242 140
1243 140
1244 140
1245 140
1246 140
1247 140
1248 140
1249 140
1250 140
1251 140
1252 140
1253 140
1254 140
1255 140
1256 140
1257 140
1258 140
1259 140
1260 140
1261 140
1262 140
1263 140
1264 140
1265 140
1266 140
1267 140
1268 140
1269 140
1270 140
1271 140
1272 140
1273 140
1274 140
1275 140
1276 140
1277 140
1278 140
1279 140
1280 140
1281 140
1282 140
1283 140
1284 140
1285 140
1286 140
1287 140
1288 140
1289 140
1290 140
1291 140
1292 140
1293 140
1294 140
1295 140
1296 140
1297 140
1298 140
1299 140
1300 140
1301 140
1302 140
1303 140
1304 140
1305 140
1306 140
1307 140
1308 140
1309 140
1310 140
1311 140
1312 140
1313 140
1314 140
1315 140
1316 140
1317 140
1318 140
1319 140
1320 140
1321 140
1322 140
1323 140
1324 140
1325 140
1326 140
1327 140
1328 140
1329 140
1330 140
1331 140
1332 140
1333 140
1334 140
1335 140
1336 140
1337 140
1338 140
1339 140
1340 140
1341 140
1342 140
1343 140
1344 140
1345 140
1346 140
1347 140
1348 140
1349 140
1350 140
1351 140
1352 140
1353 140
1354 140
1355 140
1356 140
1357 140
1358 140
1359 140
1360 140
1361 140
1362 140
1363 140
1364 140
1365 140
1366 140
1367 140
1368 140
1369 140
1370 140
1371 140
1372 140
1373 140
1374 140
1375 140
1376 140
1377 140
1378 140
1379 140
1380 140
1381 140
1382 140
1383 140
1384 140
1385 140
1386 140
1387 140
1388 140
1389 140
1390 140
1391 140
1392 140
1393 140
1394 140
1395 140
1396 140
1397 140
1398 140
1399 140
1400 140
1401 140
1402 140
1403 140
1404 140
1405 140
1406 140
1407 140
1408 140
1409 140
1410 140
1411 140
1412 140
1413 140
1414 140
1415 140
1416 140
1417 140
1418 140
1419 140
1420 140
1421 140
1422 140
1423 140
1424 140
1425 140
1426 140
1427 140
1428 140
1429 140
1430 140
1431 140
1432 140
1433 140
1434 140
1435 140
1436 140
1437 140
1438 140
1439 140
1440 140
1441 140
1442 140
1443 140
1444 140
1445 140
1446 140
1447 140
1448 140
1449 140
1450 140
1451 140
1452 140
1453 140
1454 140
1455 140
1456 140
1457 140
1458 140
1459 140
1460 140
1461 140
1462 140
1463 140
1464 140
1465 140
1466 140
1467 140
1468 140
1469 140
1470 140
1471 140
1472 140
1473 140
1474 140
1475 140
1476 140
1477 140
1478 140
1479 140
1480 140
1481 140
1482 140
1483 140
1484 140
1485 140
1486 140
1487 140
1488 140
1489 140
1490 140
1491 140
1492 140
1493 140
1494 140
1495 140
1496 140
1497 140
1498 140
1499 140
1500 140
1501 140
1502 140
1503 140
1504 140
1505 140
1506 140
1507 140
1508 140
1509 140
1510 140
1511 140
1512 140
1513 140
1514 140
1515 140
1516 140
1517 140
1518 140
1519 140
1520 140
1521 140
1522 140
1523 140
1524 140
1525 140
1526 140
1527 140
1528 140
1529 140
1530 140
1531 140
1532 140
1533 140
1534 140
1535 140
1536 140
1537 140
1538 140
1539 140
1540 140
1541 140
1542 140
1543 140
1544 140
1545 140
1546 140
1547 140
1548 140
1549 140
1550 140
1551 140
1552 140
1553 140
1554 140
1555 140
1556 140
1557 140
1558 140
1559 140
1560 140
1561 140
1562 140
1563 140
1564 140
1565 140
1566 140
1567 140
1568 140
1569 140
1570 140
1571 140
1572 140
1573 140
1574 140
1575 140
1576 140
1577 140
1578 140
1579 140
1580 140
1581 140
1582 140
1583 140
1584 140
1585 140
1586 140
1587 140
1588 140
1589 140
1590 140
1591 140
1592 140
1593 140
1594 140
1595 140
1596 140
1597 140
1598 140
1599 140
1600 140
1601 140
1602 140
1603 140
1604 140
1605 140
1606 140
1607 140
1608 140
1609 140
1610 140
1611 140
1612 140
1613 140
1614 140
1615 140
1616 140
1617 140
1618 140
1619 140
1620 140
1621 140
1622 140
1623 140
1624 140
1625 140
1626 140
1627 140
1628 140
1629 140
1630 140
1631 140
1632 140
1633 140
1634 140
1635 140
1636 140
1637 140
1638 140
1639 140
1640 140
1641 140
1642 140
1643 140
1644 140
1645 140
1646 140
1647 140
1648 140
1649 140
1650 140
1651 140
1652 140
1653 140
1654 140
1655 140
1656 140
1657 140
1658 140
1659 140
1660 140
1661 140
1662 140
1663 140
1664 140
1665 140
1666 140
1667 140
1668 140
1669 140
1670 140
1671 140
1672 140
1673 140
1674 140
1675 140
1676 140
1677 140
1678 140
1679 140
1680 140
1681 140
1682 140
1683 140
1684 140
1685 140
1686 140
1687 140
1688 140
1689 140
1690 140
1691 140
1692 140
1693 140
1694 140
1695 140
1696 140
1697 140
1698 140
1699 140
1700 140
1701 140
1702 140
1703 140
1704 140
1705 140
1706 140
1707 140
1708 140
1709 140
1710 140
1711 140
1712 140
1713 140
1714 140
1715 140
1716 140
1717 140
1718 140
1719 140
1720 140
1721 140
1722 140
1723 140
1724 140
1725 140
1726 140
1727 140
1728 140
1729 140
1730 140
1731 140
1732 140
1733 140
1734 140
1735 140
1736 140
1737 140
1738 140
1739 140
1740 140
1741 140
1742 140
1743 140
1744 140
1745 140
1746 140
1747 140
1748 140
1749 140
1750 140
1751 140
1752 140
1753 140
1754 140
1755 140
1756 140
1757 140
1758 140
1759 140
1760 140
1761 140
1762 140
1763 140
1764 140
1765 140
1766 140
1767 140
1768 140
1769 140
1770 140
1771 140
1772 140
1773 140
1774 140
1775 140
1776 140
1777 140
1778 140
1779 140
1780 140
1781 140
1782 140
1783 140
1784 140
1785 140
1786 140
1787 140
1788 140
1789 140
1790 140
1791 140
1792 140
1793 140
1794 140
1795 140
1796 140
1797 140
1798 140
1799 140
1800 140
