
0 0.7844
0 0.7844
1 0.7844
1 0.7844
1 0.8192
1 0.8192
2 0.8192
2 0.8192
2 0.8844
2 0.8844
3 0.8844
3 0.8844
3 0.9416
3 0.9416
4 0.9416
4 0.9416
4 1.0080
4 1.0080
5 1.0080
5 1.0080
5 1.0580
5 1.0580
6 1.0580
6 1.0580
6 1.1152
6 1.1152
7 1.1152
7 1.1152
7 1.1840
7 1.1840
8 1.1840
8 1.1840
8 1.2484
8 1.2484
9 1.2484
9 1.2484
9 1.3160
9 1.3160
10 1.3160
10 1.3160
10 1.3684
10 1.3684
11 1.3684
11 1.3684
11 1.4324
11 1.4324
12 1.4324
12 1.4324
12 1.5048
12 1.5048
13 1.5048
13 1.5048
13 1.5612
13 1.5612
14 1.5612
14 1.5612
14 1.6356
14 1.6356
15 1.6356
15 1.6356
15 1.6920
15 1.6920
16 1.6920
16 1.6920
16 1.7596
16 1.7596
17 1.7596
17 1.7596
17 1.8216
17 1.8216
18 1.8216
18 1.8216
18 1.9088
18 1.9088
19 1.9088
19 1.9088
19 1.9816
19 1.9816
20 1.9816
20 1.9816
20 2.0400
20 2.0400
21 2.0400
21 2.0400
21 2.1216
21 2.1216
22 2.1216
22 2.1216
22 2.1752
22 2.1752
23 2.1752
23 2.1752
23 2.2684
23 2.2684
24 2.2684
24 2.2684
24 2.3312
24 2.3312
25 2.3312
25 2.3312
25 2.3892
25 2.3892
26 2.3892
26 2.3892
26 2.4720
26 2.4720
27 2.4720
27 2.4720
27 2.5268
27 2.5268
28 2.5268
28 2.5268
28 2.6220
28 2.6220
29 2.6220
29 2.6220
29 2.6856
29 2.6856
30 2.6856
30 2.6856
30 2.7620
30 2.7620
31 2.7620
31 2.7620
31 2.8476
31 2.8476
32 2.8476
32 2.8476
32 2.9076
32 2.9076
33 2.9076
33 2.9076
33 3.0052
33 3.0052
34 3.0052
34 3.0052
34 3.0596
34 3.0596
35 3.0596
35 3.0596
35 3.1452
35 3.1452
36 3.1452
36 3.1452
36 3.2428
36 3.2428
37 3.2428
37 3.2428
37 3.2784
37 3.2784
38 3.2784
38 3.2784
38 3.3776
38 3.3776
39 3.3776
39 3.3776
39 3.4332
39 3.4332
40 3.4332
40 3.4332
40 3.5228
40 3.5228
41 3.5228
41 3.5228
41 3.6224
41 3.6224
42 3.6224
42 3.6224
42 3.6972
42 3.6972
43 3.6972
43 3.6972
43 3.7812
43 3.7812
44 3.7812
44 3.7812
44 3.8332
44 3.8332
45 3.8332
45 3.8332
45 3.9248
45 3.9248
46 3.9248
46 3.9248
46 4.0152
46 4.0152
47 4.0152
47 4.0152
47 4.0980
47 4.0980
48 4.0980
48 4.0980
48 4.1736
48 4.1736
49 4.1736
49 4.1736
49 4.2224
49 4.2224
50 4.2224
50 4.2224
50 4.3136
50 4.3136
51 4.3136
51 4.3136
51 4.4080
51 4.4080
52 4.4080
52 4.4080
52 4.4892
52 4.4892
53 4.4892
53 4.4892
53 4.5652
53 4.5652
54 4.5652
54 4.5652
54 4.6432
54 4.6432
55 4.6432
55 4.6432
55 4.7260
55 4.7260
56 4.7260
56 4.7260
56 4.8164
56 4.8164
57 4.8164
57 4.8164
57 4.8996
57 4.8996
58 4.8996
58 4.8996
58 4.9708
58 4.9708
59 4.9708
59 4.9708
59 5.0616
59 5.0616
60 5.0616
60 5.0616
60 5.1416
60 5.1416
61 5.1416
61 5.1416
61 5.2328
61 5.2328
62 5.2328
62 5.2328
62 5.2976
62 5.2976
63 5.2976
63 5.2976
63 5.3688
63 5.3688
64 5.3688
64 5.3688
64 5.4560
64 5.4560
65 5.4560
65 5.4560
65 5.5376
65 5.5376
66 5.5376
66 5.5376
66 5.6276
66 5.6276
67 5.6276
67 5.6276
67 5.7152
67 5.7152
68 5.7152
68 5.7152
68 5.7864
68 5.7864
69 5.7864
69 5.7864
69 5.8732
69 5.8732
70 5.8732
70 5.8732
70 5.9548
70 5.9548
71 5.9548
71 5.9548
71 6.0444
71 6.0444
72 6.0444
72 6.0444
72 6.1260
72 6.1260
73 6.1260
73 6.1260
73 6.1988
73 6.1988
74 6.1988
74 6.1988
74 6.2724
74 6.2724
75 6.2724
75 6.2724
75 6.3520
75 6.3520
76 6.3520
76 6.3520
76 6.4460
76 6.4460
77 6.4460
77 6.4460
77 6.5260
77 6.5260
78 6.5260
78 6.5260
78 6.5976
78 6.5976
79 6.5976
79 6.5976
79 6.6844
79 6.6844
80 6.6844
80 6.6844
80 6.7556
80 6.7556
81 6.7556
81 6.7556
81 6.8548
81 6.8548
82 6.8548
82 6.8548
82 6.9384
82 6.9384
83 6.9384
83 6.9384
83 7.0116
83 7.0116
84 7.0116
84 7.0116
84 7.1148
84 7.1148
85 7.1148
85 7.1148
85 7.1700
85 7.1700
86 7.1700
86 7.1700
86 7.2580
86 7.2580
87 7.2580
87 7.2580
87 7.3376
87 7.3376
88 7.3376
88 7.3376
88 7.4088
88 7.4088
89 7.4088
89 7.4088
89 7.5076
89 7.5076
90 7.5076
90 7.5076
90 7.5744
90 7.5744
91 7.5744
91 7.5744
91 7.6496
91 7.6496
92 7.6496
92 7.6496
92 7.7392
92 7.7392
93 7.7392
93 7.7392
93 7.8224
93 7.8224
94 7.8224
94 7.8224
94 7.9232
94 7.9232
95 7.9232
95 7.9232
95 7.9900
95 7.9900
96 7.9900
96 7.9900
96 8.0648
96 8.0648
97 8.0648
97 8.0648
97 8.1500
97 8.1500
98 8.1500
98 8.1500
98 8.2148
98 8.2148
99 8.2148
99 8.2148
99 8.3164
99 8.3164
100 8.3164
100 8.3164
100 8.3836
100 8.3836
101 8.3836
101 8.3836
101 8.4628
101 8.4628
102 8.4628
102 8.4628
102 8.5464
102 8.5464
103 8.5464
103 8.5464
103 8.6312
103 8.6312
104 8.6312
104 8.6312
104 8.7320
104 8.7320
105 8.7320
105 8.7320
105 8.8172
105 8.8172
106 8.8172
106 8.8172
106 8.8780
106 8.8780
107 8.8780
107 8.8780
107 8.9592
107 8.9592
108 8.9592
108 8.9592
108 9.0544
108 9.0544
109 9.0544
109 9.0544
109 9.1416
109 9.1416
110 9.1416
110 9.1416
110 9.2128
110 9.2128
111 9.2128
111 9.2128
111 9.2768
111 9.2768
112 9.2768
112 9.2768
112 9.3580
112 9.3580
113 9.3580
113 9.3580
113 9.4516
113 9.4516
114 9.4516
114 9.4516
114 9.5344
114 9.5344
115 9.5344
115 9.5344
115 9.6136
115 9.6136
116 9.6136
116 9.6136
116 9.6852
116 9.6852
117 9.6852
117 9.6852
117 9.7724
117 9.7724
118 9.7724
118 9.7724
118 9.8700
118 9.8700
119 9.8700
119 9.8700
119 9.9516
119 9.9516
120 9.9516
120 9.9516
120 10.0308
120 10.0308
121 10.0308
121 10.0308
121 10.1140
121 10.1140
122 10.1140
122 10.1140
122 10.1912
122 10.1912
123 10.1912
123 10.1912
123 10.2640
123 10.2640
124 10.2640
124 10.2640
124 10.3480
124 10.3480
125 10.3480
125 10.3480
125 10.4276
125 10.4276
126 10.4276
126 10.4276
126 10.5156
126 10.5156
127 10.5156
127 10.5156
127 10.5912
127 10.5912
128 10.5912
128 10.5912
128 10.6824
128 10.6824
129 10.6824
129 10.6824
129 10.7640
129 10.7640
130 10.7640
130 10.7640
130 10.8432
130 10.8432
131 10.8432
131 10.8432
131 10.9280
131 10.9280
132 10.9280
132 10.9280
132 11.0052
132 11.0052
133 11.0052
133 11.0052
133 11.0968
133 11.0968
134 11.0968
134 11.0968
134 11.1828
134 11.1828
135 11.1828
135 11.1828
135 11.2420
135 11.2420
136 11.2420
136 11.2420
136 11.3252
136 11.3252
137 11.3252
137 11.3252
137 11.4028
137 11.4028
138 11.4028
138 11.4028
138 11.4820
138 11.4820
139 11.4820
139 11.4820
139 11.5716
139 11.5716
140 11.5716
140 11.5716
140 11.6328
140 11.6328
141 11.6328
141 11.6328
141 11.7176
141 11.7176
142 11.7176
142 11.7176
142 11.7968
142 11.7968
143 11.7968
143 11.7968
143 11.8804
143 11.8804
144 11.8804
144 11.8804
144 11.9684
144 11.9684
145 11.9684
145 11.9684
145 12.0496
145 12.0496
146 12.0496
146 12.0496
146 12.1344
146 12.1344
147 12.1344
147 12.1344
147 12.2116
147 12.2116
148 12.2116
148 12.2116
148 12.2724
148 12.2724
149 12.2724
149 12.2724
149 12.3640
149 12.3640
150 12.3640
150 12.3640
150 12.4456
150 12.4456
151 12.4456
151 12.4456
151 12.5336
151 12.5336
152 12.5336
152 12.5336
152 12.6228
152 12.6228
153 12.6228
153 12.6228
153 12.6876
153 12.6876
154 12.6876
154 12.6876
154 12.7792
154 12.7792
155 12.7792
155 12.7792
155 12.8504
155 12.8504
156 12.8504
156 12.8504
156 12.9432
156 12.9432
157 12.9432
157 12.9432
157 13.0460
157 13.0460
158 13.0460
158 13.0460
158 13.1032
158 13.1032
159 13.1032
159 13.1032
159 13.1836
159 13.1836
160 13.1836
160 13.1836
160 13.2492
160 13.2492
161 13.2492
161 13.2492
161 13.3404
161 13.3404
162 13.3404
162 13.3404
162 13.4432
162 13.4432
163 13.4432
163 13.4432
163 13.4816
163 13.4816
164 13.4816
164 13.4816
164 13.5848
164 13.5848
165 13.5848
165 13.5848
165 13.6600
165 13.6600
166 13.6600
166 13.6600
166 13.7532
166 13.7532
167 13.7532
167 13.7532
167 13.8564
167 13.8564
168 13.8564
168 13.8564
168 13.9176
168 13.9176
169 13.9176
169 13.9176
169 13.9988
169 13.9988
170 13.9988
170 13.9988
170 14.0776
170 14.0776
171 14.0776
171 14.0776
171 14.1504
171 14.1504
172 14.1504
172 14.1504
172 14.2444
172 14.2444
173 14.2444
173 14.2444
173 14.3092
173 14.3092
174 14.3092
174 14.3092
174 14.3932
174 14.3932
175 14.3932
175 14.3932
175 14.4824
175 14.4824
176 14.4824
176 14.4824
176 14.5700
176 14.5700
177 14.5700
177 14.5700
177 14.6596
177 14.6596
178 14.6596
178 14.6596
178 14.7244
178 14.7244
179 14.7244
179 14.7244
179 14.8096
179 14.8096
180 14.8096
180 14.8096
180 14.8984
180 14.8984
181 14.8984
181 14.8984
181 14.9816
181 14.9816
182 14.9816
182 14.9816
182 15.0608
182 15.0608
183 15.0608
183 15.0608
183 15.1404
183 15.1404
184 15.1404
184 15.1404
184 15.1912
184 15.1912
185 15.1912
185 15.1912
185 15.2928
185 15.2928
186 15.2928
186 15.2928
186 15.3780
186 15.3780
187 15.3780
187 15.3780
187 15.4572
187 15.4572
188 15.4572
188 15.4572
188 15.5364
188 15.5364
189 15.5364
189 15.5364
189 15.6212
189 15.6212
190 15.6212
190 15.6212
190 15.7100
190 15.7100
191 15.7100
191 15.7100
191 15.7936
191 15.7936
192 15.7936
192 15.7936
192 15.8716
192 15.8716
193 15.8716
193 15.8716
193 15.9672
193 15.9672
194 15.9672
194 15.9672
194 16.0408
194 16.0408
195 16.0408
195 16.0408
195 16.1276
195 16.1276
196 16.1276
196 16.1276
196 16.1924
196 16.1924
197 16.1924
197 16.1924
197 16.2708
197 16.2708
198 16.2708
198 16.2708
198 16.3620
198 16.3620
199 16.3620
199 16.3620
199 16.4360
199 16.4360
200 16.4360
200 16.4360
200 16.5232
200 16.5232
201 16.5232
201 16.5232
201 16.5988
201 16.5988
202 16.5988
202 16.5988
202 16.6844
202 16.6844
203 16.6844
203 16.6844
203 16.7776
203 16.7776
204 16.7776
204 16.7776
204 16.8528
204 16.8528
205 16.8528
205 16.8528
205 16.9396
205 16.9396
206 16.9396
206 16.9396
206 16.9924
206 16.9924
207 16.9924
207 16.9924
207 17.0936
207 17.0936
208 17.0936
208 17.0936
208 17.1708
208 17.1708
209 17.1708
209 17.1708
209 17.2504
209 17.2504
210 17.2504
210 17.2504
210 17.3480
210 17.3480
211 17.3480
211 17.3480
211 17.4032
211 17.4032
212 17.4032
212 17.4032
212 17.4924
212 17.4924
213 17.4924
213 17.4924
213 17.5856
213 17.5856
214 17.5856
214 17.5856
214 17.6624
214 17.6624
215 17.6624
215 17.6624
215 17.7612
215 17.7612
216 17.7612
216 17.7612
216 17.8168
216 17.8168
217 17.8168
217 17.8168
217 17.9064
217 17.9064
218 17.9064
218 17.9064
218 17.9940
218 17.9940
219 17.9940
219 17.9940
219 18.0772
219 18.0772
220 18.0772
220 18.0772
220 18.1644
220 18.1644
221 18.1644
221 18.1644
221 18.2156
221 18.2156
222 18.2156
222 18.2156
222 18.3048
222 18.3048
223 18.3048
223 18.3048
223 18.3880
223 18.3880
224 18.3880
224 18.3880
224 18.4716
224 18.4716
225 18.4716
225 18.4716
225 18.5728
225 18.5728
226 18.5728
226 18.5728
226 18.6324
226 18.6324
227 18.6324
227 18.6324
227 18.7132
227 18.7132
228 18.7132
228 18.7132
228 18.7980
228 18.7980
229 18.7980
229 18.7980
229 18.8836
229 18.8836
230 18.8836
230 18.8836
230 18.9392
230 18.9392
231 18.9392
231 18.9392
231 19.0216
231 19.0216
232 19.0216
232 19.0216
232 19.0644
233 19.0644
233 19.0644
233 19.1316
233 19.1316
234 19.1316
234 19.1316
234 19.2084
234 19.2084
235 19.2084
235 19.2084
235 19.2540
235 19.2540
236 19.2540
236 19.2540
236 19.3280
236 19.3280
237 19.3280
237 19.3280
237 19.3840
237 19.3840
238 19.3840
238 19.3840
238 19.4520
238 19.4520
239 19.4520
239 19.4520
239 19.5320
239 19.5320
240 19.5320
240 19.5320
240 19.5784
240 19.5784
241 19.5784
241 19.5784
241 19.6532
241 19.6532
242 19.6532
242 19.6532
242 19.7200
242 19.7200
243 19.7200
243 19.7200
243 19.7808
243 19.7808
244 19.7808
244 19.7808
244 19.8612
244 19.8612
245 19.8612
245 19.8612
245 19.8952
245 19.8952
246 19.8952
246 19.8952
246 19.9664
246 19.9664
247 19.9664
247 19.9664
247 20.0096
247 20.0096
248 20.0096
248 20.0096
248 20.0776
248 20.0776
249 20.0776
249 20.0776
249 20.1404
249 20.1404
250 20.1404
250 20.1404
250 20.1920
250 20.1920
251 20.1920
251 20.1920
251 20.2540
252 20.2540
252 20.2540
252 20.3152
253 20.3152
253 20.3152
253 20.3648
253 20.3648
254 20.3648
254 20.3648
254 20.4128
254 20.4128
255 20.4128
255 20.4128
255 20.4700
255 20.4700
256 20.4700
256 20.4700
256 20.5416
256 20.5416
257 20.5416
257 20.5416
257 20.5976
257 20.5976
258 20.5976
258 20.5976
258 20.6508
258 20.6508
259 20.6508
259 20.6508
259 20.7152
259 20.7152
260 20.7152
260 20.7152
260 20.7716
260 20.7716
261 20.7716
261 20.7716
261 20.8400
261 20.8400
262 20.8400
262 20.8400
262 20.8972
262 20.8972
263 20.8972
263 20.8972
263 20.9544
263 20.9544
264 20.9544
264 20.9544
264 21.0044
264 21.0044
265 21.0044
265 21.0044
265 21.0800
265 21.0800
266 21.0800
266 21.0800
266 21.1512
266 21.1512
267 21.1512
267 21.1512
267 21.2244
267 21.2244
268 21.2244
268 21.2244
268 21.2728
268 21.2728
269 21.2728
269 21.2728
269 21.3160
269 21.3160
270 21.3160
270 21.3160
270 21.4092
270 21.4092
271 21.4092
271 21.4092
271 21.4716
271 21.4716
272 21.4716
272 21.4716
272 21.5456
272 21.5456
273 21.5456
273 21.5456
273 21.5948
273 21.5948
274 21.5948
274 21.5948
274 21.6412
274 21.6412
275 21.6412
275 21.6412
275 21.7284
275 21.7284
276 21.7284
276 21.7284
276 21.8084
276 21.8084
277 21.8084
277 21.8084
277 21.8680
277 21.8680
278 21.8680
278 21.8680
278 21.9464
278 21.9464
279 21.9464
279 21.9464
279 21.9948
279 21.9948
280 21.9948
280 21.9948
280 22.0648
280 22.0648
281 22.0648
281 22.0648
281 22.1256
281 22.1256
282 22.1256
282 22.1256
282 22.1900
282 22.1900
283 22.1900
283 22.1900
283 22.2576
283 22.2576
284 22.2576
284 22.2576
284 22.3076
284 22.3076
285 22.3076
285 22.3076
285 22.3572
285 22.3572
285 22.3572
285 22.4164
285 22.4164
286 22.4164
286 22.4164
286 22.4724
286 22.4724
287 22.4724
287 22.4724
287 22.5164
287 22.5164
288 22.5164
288 22.5164
288 22.5492
288 22.5492
289 22.5492
289 22.5492
289 22.5996
289 22.5996
290 22.5996
290 22.5996
290 22.6440
290 22.6440
291 22.6440
291 22.6840
291 22.6840
292 22.6840
292 22.7212
292 22.7212
293 22.7212
293 22.7212
293 22.7328
293 22.7328
294 22.7328
294 22.7328
294 22.7768
294 22.7768
295 22.7768
295 22.7768
295 22.8348
295 22.8348
296 22.8348
296 22.8348
296 22.8728
296 22.8728
297 22.8728
297 22.8728
297 22.9028
297 22.9028
298 22.9028
298 22.9028
298 22.9492
298 22.9492
299 22.9492
299 22.9492
299 22.9888
299 22.9888
300 22.9888
300 22.9888
300 23.0388
300 23.0388
301 23.0388
301 23.0388
301 23.0680
301 23.0680
302 23.0680
302 23.0680
302 23.1200
302 23.1200
303 23.1200
303 23.1200
303 23.1740
303 23.1740
304 23.1740
304 23.1740
304 23.2188
304 23.2188
305 23.2188
305 23.2188
305 23.2548
305 23.2548
306 23.2548
306 23.2548
306 23.3180
306 23.3180
307 23.3180
307 23.3180
307 23.3632
307 23.3632
308 23.3632
308 23.3632
308 23.4132
308 23.4132
309 23.4132
309 23.4132
309 23.4580
309 23.4580
310 23.4580
310 23.4580
310 23.5024
310 23.5024
311 23.5024
311 23.5024
311 23.5700
311 23.5700
312 23.5700
312 23.5700
312 23.6240
312 23.6240
313 23.6240
313 23.6240
313 23.6540
313 23.6540
314 23.6540
314 23.6540
314 23.7152
314 23.7152
315 23.7152
315 23.7152
315 23.7772
315 23.7772
316 23.7772
316 23.7772
316 23.8344
316 23.8344
317 23.8344
317 23.8344
317 23.8816
317 23.8816
318 23.8816
318 23.8816
318 23.9432
318 23.9432
319 23.9432
319 23.9432
319 23.9956
319 23.9956
320 23.9956
320 23.9956
320 24.0476
320 24.0476
321 24.0476
321 24.0476
321 24.0964
321 24.0964
322 24.0964
322 24.0964
322 24.1448
322 24.1448
323 24.1448
323 24.1448
323 24.2088
323 24.2088
324 24.2088
324 24.2088
324 24.2580
324 24.2580
325 24.2580
325 24.2580
325 24.3212
325 24.3212
326 24.3212
326 24.3212
326 24.3772
326 24.3772
327 24.3772
327 24.3772
327 24.4420
327 24.4420
328 24.4420
328 24.4420
328 24.5032
328 24.5032
329 24.5032
329 24.5032
329 24.5704
329 24.5704
330 24.5704
330 24.5704
330 24.6116
330 24.6116
331 24.6116
331 24.6116
331 24.6760
331 24.6760
332 24.6760
332 24.6760
332 24.7548
332 24.7548
333 24.7548
333 24.7548
333 24.8164
333 24.8164
334 24.8164
334 24.8164
334 24.8740
334 24.8740
335 24.8740
335 24.8740
335 24.9388
335 24.9388
336 24.9388
336 24.9388
336 24.9976
336 24.9976
337 24.9976
337 24.9976
337 25.0780
337 25.0780
338 25.0780
338 25.0780
338 25.1400
338 25.1400
339 25.1400
339 25.1400
339 25.1948
339 25.1948
340 25.1948
340 25.1948
340 25.2652
340 25.2652
341 25.2652
341 25.2652
341 25.3292
341 25.3292
342 25.3292
342 25.3292
342 25.3900
342 25.3900
343 25.3900
343 25.3900
343 25.4680
343 25.4680
344 25.4680
344 25.4680
344 25.5304
344 25.5304
345 25.5304
345 25.5304
345 25.6048
345 25.6048
346 25.6048
346 25.6048
346 25.6812
346 25.6812
347 25.6812
347 25.6812
347 25.7252
347 25.7252
348 25.7252
348 25.7252
348 25.8104
348 25.8104
349 25.8104
349 25.8104
349 25.8732
349 25.8732
350 25.8732
350 25.8732
350 25.9408
350 25.9408
351 25.9408
351 25.9408
351 26.0004
351 26.0004
352 26.0004
352 26.0004
352 26.0752
352 26.0752
353 26.0752
353 26.0752
353 26.1516
353 26.1516
354 26.1516
354 26.1516
354 26.2248
354 26.2248
355 26.2248
355 26.2248
355 26.2912
355 26.2912
356 26.2912
356 26.2912
356 26.3572
356 26.3572
357 26.3572
357 26.3572
357 26.4356
357 26.4356
358 26.4356
358 26.4356
358 26.5212
358 26.5212
359 26.5212
359 26.5212
359 26.5724
359 26.5724
360 26.5724
360 26.5724
360 26.6516
360 26.6516
361 26.6516
361 26.6516
361 26.7188
361 26.7188
362 26.7188
362 26.7188
362 26.7892
362 26.7892
363 26.7892
363 26.7892
363 26.8528
363 26.8528
364 26.8528
364 26.8528
364 26.9128
364 26.9128
365 26.9128
365 26.9128
365 26.9840
365 26.9840
366 26.9840
366 26.9840
366 27.0540
366 27.0540
367 27.0540
367 27.0540
367 27.0968
367 27.0968
368 27.0968
368 27.0968
368 27.1696
368 27.1696
369 27.1696
369 27.1696
369 27.2396
369 27.2396
370 27.2396
370 27.2396
370 27.2984
370 27.2984
371 27.2984
371 27.2984
371 27.3656
371 27.3656
372 27.3656
372 27.3656
372 27.4248
372 27.4248
373 27.4248
373 27.4248
373 27.4812
373 27.4812
374 27.4812
374 27.4812
374 27.5456
374 27.5456
375 27.5456
375 27.5456
375 27.6140
375 27.6140
376 27.6140
376 27.6140
376 27.6524
376 27.6524
377 27.6524
377 27.6524
377 27.7212
377 27.7212
378 27.7212
378 27.7212
378 27.7736
378 27.7736
379 27.7736
379 27.7736
379 27.8292
379 27.8292
380 27.8292
380 27.8292
380 27.8840
380 27.8840
381 27.8840
381 27.8840
381 27.9504
381 27.9504
382 27.9504
382 27.9504
382 28.0064
382 28.0064
383 28.0064
383 28.0064
383 28.0740
383 28.0740
384 28.0740
384 28.0740
384 28.1128
384 28.1128
385 28.1128
385 28.1128
385 28.1800
385 28.1800
386 28.1800
386 28.1800
386 28.2476
386 28.2476
387 28.2476
387 28.2476
387 28.3064
387 28.3064
388 28.3064
388 28.3064
388 28.3616
388 28.3616
389 28.3616
389 28.3616
389 28.4284
389 28.4284
390 28.4284
390 28.4284
390 28.4828
390 28.4828
391 28.4828
391 28.4828
391 28.5484
391 28.5484
392 28.5484
392 28.5484
392 28.6056
392 28.6056
393 28.6056
393 28.6056
393 28.6612
393 28.6612
394 28.6612
394 28.6612
394 28.7264
394 28.7264
395 28.7264
395 28.7264
395 28.7984
395 28.7984
396 28.7984
396 28.7984
396 28.8544
396 28.8544
397 28.8544
397 28.8544
397 28.9100
397 28.9100
398 28.9100
398 28.9100
398 28.9740
398 28.9740
399 28.9740
399 28.9740
399 29.0304
399 29.0304
400 29.0304
400 29.0304
400 29.0980
400 29.0980
401 29.0980
401 29.0980
401 29.1528
401 29.1528
402 29.1528
402 29.1528
402 29.2072
402 29.2072
403 29.2072
403 29.2072
403 29.2736
403 29.2736
404 29.2736
404 29.2736
404 29.3348
404 29.3348
405 29.3348
405 29.3348
405 29.3876
405 29.3876
406 29.3876
406 29.3876
406 29.4540
406 29.4540
407 29.4540
407 29.4540
407 29.4912
407 29.4912
408 29.4912
408 29.4912
408 29.5608
408 29.5608
409 29.5608
409 29.5608
409 29.6160
409 29.6160
410 29.6160
410 29.6160
410 29.6704
410 29.6704
411 29.6704
411 29.6704
411 29.7368
411 29.7368
412 29.7368
412 29.7368
412 29.8096
412 29.8096
413 29.8096
413 29.8096
413 29.8480
413 29.8480
414 29.8480
414 29.8480
414 29.9168
414 29.9168
415 29.9168
415 29.9168
415 29.9856
415 29.9856
416 29.9856
416 29.9856
416 30.0488
416 30.0488
417 30.0488
417 30.0488
417 30.1044
417 30.1044
418 30.1044
418 30.1044
418 30.1760
418 30.1760
419 30.1760
419 30.1760
419 30.2392
419 30.2392
420 30.2392
420 30.2392
420 30.3176
420 30.3176
421 30.3176
421 30.3176
421 30.3880
421 30.3880
422 30.3880
422 30.3880
422 30.4520
422 30.4520
423 30.4520
423 30.4520
423 30.5348
423 30.5348
424 30.5348
424 30.5348
424 30.6024
424 30.6024
425 30.6024
425 30.6024
425 30.6800
425 30.6800
426 30.6800
426 30.6800
426 30.7576
426 30.7576
427 30.7576
427 30.7576
427 30.8308
427 30.8308
428 30.8308
428 30.8308
428 30.9092
428 30.9092
429 30.9092
429 30.9092
429 30.9912
429 30.9912
430 30.9912
430 30.9912
430 31.0316
430 31.0316
431 31.0316
431 31.0316
431 31.1292
431 31.1292
432 31.1292
432 31.1292
432 31.2104
432 31.2104
433 31.2104
433 31.2104
433 31.2820
433 31.2820
434 31.2820
434 31.2820
434 31.3464
434 31.3464
435 31.3464
435 31.3464
435 31.4256
435 31.4256
436 31.4256
436 31.4256
436 31.4688
436 31.4688
437 31.4688
437 31.4688
437 31.5476
437 31.5476
438 31.5476
438 31.5476
438 31.6092
438 31.6092
439 31.6092
439 31.6092
439 31.6740
439 31.6740
440 31.6740
440 31.6740
440 31.7420
440 31.7420
441 31.7420
441 31.7420
441 31.8096
441 31.8096
442 31.8096
442 31.8096
442 31.8568
442 31.8568
443 31.8568
443 31.8568
443 31.9256
443 31.9256
444 31.9256
444 31.9256
444 31.9760
444 31.9760
445 31.9760
445 31.9760
445 32.0292
445 32.0292
446 32.0292
446 32.0292
446 32.0752
446 32.0752
447 32.0752
447 32.0752
447 32.1268
447 32.1268
448 32.1268
448 32.1268
448 32.1748
448 32.1748
449 32.1748
449 32.1748
449 32.2208
449 32.2208
450 32.2208
450 32.2208
450 32.2712
450 32.2712
451 32.2712
451 32.2712
451 32.3008
452 32.3008
452 32.3008
452 32.3384
453 32.3384
453 32.3384
453 32.3660
454 32.3660
454 32.3660
454 32.4016
455 32.4016
455 32.4016
455 32.4248
456 32.4248
456 32.4248
456 32.4492
457 32.4492
457 32.4492
457 32.4732
458 32.4732
458 32.4732
458 32.5116
459 32.5116
459 32.5116
459 32.5360
460 32.5360
460 32.5360
460 32.5592
461 32.5592
461 32.5592
461 32.5824
462 32.5824
462 32.5824
462 32.6116
463 32.6116
463 32.6116
463 32.6396
464 32.6396
464 32.6396
464 32.6616
465 32.6616
465 32.6616
465 32.6672
466 32.6672
466 32.6672
466 32.6948
467 32.6948
467 32.6948
467 32.7148
468 32.7148
468 32.7148
468 32.7492
469 32.7492
469 32.7492
469 32.7816
470 32.7816
470 32.7816
470 32.8012
471 32.8012
471 32.8012
471 32.8220
472 32.8220
472 32.8220
472 32.8456
473 32.8456
473 32.8456
473 32.8760
474 32.8760
474 32.8760
474 32.8972
475 32.8972
475 32.8972
475 32.9176
476 32.9176
476 32.9176
476 32.9380
477 32.9380
477 32.9380
477 32.9640
478 32.9640
478 32.9640
478 32.9852
479 32.9852
479 32.9852
479 33.0056
480 33.0056
480 33.0056
480 33.0260
481 33.0260
481 33.0260
481 33.0520
482 33.0520
482 33.0520
482 33.0716
483 33.0716
483 33.0716
483 33.0916
484 33.0916
484 33.0916
484 33.1144
485 33.1144
485 33.1144
485 33.1432
486 33.1432
486 33.1432
486 33.1616
487 33.1616
487 33.1616
487 33.1816
488 33.1816
488 33.1816
488 33.2016
489 33.2016
489 33.2016
489 33.2276
490 33.2276
490 33.2276
490 33.2460
491 33.2460
491 33.2460
491 33.2660
492 33.2660
492 33.2660
492 33.2920
493 33.2920
493 33.2920
493 33.2920
494 33.2920
494 33.2920
494 33.3104
495 33.3104
495 33.3104
495 33.3304
496 33.3304
496 33.3304
496 33.3564
497 33.3564
497 33.3564
497 33.3748
498 33.3748
498 33.3748
498 33.3948
499 33.3948
499 33.3948
499 33.4148
500 33.4148
500 33.4148
500 33.4404
501 33.4404
501 33.4404
501 33.4612
502 33.4612
502 33.4612
502 33.4896
503 33.4896
503 33.4896
503 33.5232
504 33.5232
504 33.5232
504 33.5664
505 33.5664
505 33.5664
505 33.6008
506 33.6008
506 33.6008
506 33.6424
507 33.6424
507 33.6424
507 33.6856
508 33.6856
508 33.6856
508 33.7372
509 33.7372
509 33.7372
509 33.7824
510 33.7824
510 33.7824
510 33.8264
511 33.8264
511 33.8264
511 33.8744
512 33.8744
512 33.8744
512 33.9308
513 33.9308
513 33.9308
513 33.9808
514 33.9808
514 33.9808
514 34.0332
515 34.0332
515 34.0332
515 34.0884
516 34.0884
516 34.0884
516 34.1392
517 34.1392
517 34.1392
517 34.1940
518 34.1940
518 34.1940
518 34.2500
519 34.2500
519 34.2500
519 34.3128
520 34.3128
520 34.3128
520 34.3644
521 34.3644
521 34.3644
521 34.4192
522 34.4192
522 34.4192
522 34.4584
523 34.4584
523 34.4584
523 34.5256
524 34.5256
524 34.5256
524 34.5832
525 34.5832
525 34.5832
525 34.6464
526 34.6464
526 34.6464
526 34.7036
527 34.7036
527 34.7036
527 34.7660
528 34.7660
528 34.7660
528 34.8288
529 34.8288
529 34.8288
529 34.8876
530 34.8876
530 34.8876
530 34.9480
531 34.9480
531 34.9480
531 35.0196
532 35.0196
532 35.0196
532 35.0768
533 35.0768
533 35.0768
533 35.1364
534 35.1364
534 35.1364
534 35.1960
535 35.1960
535 35.1960
535 35.2616
536 35.2616
536 35.2616
536 35.3220
537 35.3220
537 35.3220
537 35.3812
538 35.3812
538 35.3812
538 35.4280
539 35.4280
539 35.4280
539 35.4864
540 35.4864
540 35.4864
540 35.5464
541 35.5464
541 35.5464
541 35.6148
542 35.6148
542 35.6148
542 35.6872
543 35.6872
543 35.6872
543 35.7552
544 35.7552
544 35.7552
544 35.8156
545 35.8156
545 35.8156
545 35.8784
546 35.8784
546 35.8784
546 35.9488
547 35.9488
547 35.9488
547 36.0060
548 36.0060
548 36.0060
548 36.0664
549 36.0664
549 36.0664
549 36.1276
550 36.1276
550 36.1276
550 36.1936
551 36.1936
551 36.1936
551 36.2340
552 36.2340
552 36.2340
552 36.2976
553 36.2976
553 36.2976
553 36.3568
554 36.3568
554 36.3568
554 36.4236
555 36.4236
555 36.4236
555 36.4824
556 36.4824
556 36.4824
556 36.5428
557 36.5428
557 36.5428
557 36.6112
558 36.6112
558 36.6112
558 36.6816
559 36.6816
559 36.6816
559 36.7404
560 36.7404
560 36.7404
560 36.8020
561 36.8020
561 36.8020
561 36.8684
562 36.8684
562 36.8684
562 36.9324
563 36.9324
563 36.9324
563 36.9916
564 36.9916
564 36.9916
564 37.0556
565 37.0556
565 37.0556
565 37.1188
566 37.1188
566 37.1188
566 37.1720
567 37.1720
567 37.1720
567 37.2284
568 37.2284
568 37.2284
568 37.2776
569 37.2776
569 37.2776
569 37.3300
570 37.3300
570 37.3300
570 37.3764
571 37.3764
571 37.3764
571 37.4232
572 37.4232
572 37.4232
572 37.4700
573 37.4700
573 37.4700
573 37.5228
574 37.5228
574 37.5228
574 37.5644
575 37.5644
575 37.5644
575 37.6088
576 37.6088
576 37.6088
576 37.6524
577 37.6524
577 37.6524
577 37.6980
578 37.6980
578 37.6980
578 37.7440
579 37.7440
579 37.7440
579 37.7892
580 37.7892
580 37.7892
580 37.8296
581 37.8296
581 37.8296
581 37.8736
582 37.8736
582 37.8736
582 37.9144
583 37.9144
583 37.9144
583 37.9612
584 37.9612
584 37.9612
584 38.0024
585 38.0024
585 38.0024
585 38.0428
586 38.0428
586 38.0428
586 38.0836
587 38.0836
587 38.0836
587 38.1244
588 38.1244
588 38.1244
588 38.1712
589 38.1712
589 38.1712
589 38.2100
590 38.2100
590 38.2100
590 38.2504
591 38.2504
591 38.2504
591 38.2908
592 38.2908
592 38.2908
592 38.3312
593 38.3312
593 38.3312
593 38.3632
594 38.3632
594 38.3632
594 38.3980
595 38.3980
595 38.3980
595 38.4368
596 38.4368
596 38.4368
596 38.4772
597 38.4772
597 38.4772
597 38.5176
598 38.5176
598 38.5176
598 38.5580
599 38.5580
599 38.5580
599 38.6032
600 38.6032
600 38.6032
600 38.6420
601 38.6420
601 38.6420
601 38.6824
602 38.6824
602 38.6824
602 38.7228
603 38.7228
603 38.7228
603 38.7632
604 38.7632
604 38.7632
604 38.8088
605 38.8088
605 38.8088
605 38.8476
606 38.8476
606 38.8476
606 38.8880
607 38.8880
607 38.8880
607 38.9284
608 38.9284
608 38.9284
608 38.9728
609 38.9728
609 38.9728
609 39.0164
610 39.0164
610 39.0164
610 39.0548
611 39.0548
611 39.0548
611 39.0948
612 39.0948
612 39.0948
612 39.1348
613 39.1348
613 39.1348
613 39.1748
614 39.1748
614 39.1748
614 39.2160
615 39.2160
615 39.2160
615 39.2496
616 39.2496
616 39.2496
616 39.2844
617 39.2844
617 39.2844
617 39.3196
618 39.3196
618 39.3196
618 39.3564
619 39.3564
619 39.3564
619 39.3916
620 39.3916
620 39.3916
620 39.4236
621 39.4236
621 39.4236
621 39.4572
622 39.4572
622 39.4572
622 39.4920
623 39.4920
623 39.4920
623 39.5252
624 39.5252
624 39.5252
624 39.5592
625 39.5592
625 39.5592
625 39.5884
626 39.5884
626 39.5884
626 39.6200
627 39.6200
627 39.6200
627 39.6504
628 39.6504
628 39.6504
628 39.6832
629 39.6832
629 39.6832
629 39.7160
630 39.7160
630 39.7160
630 39.7396
631 39.7396
631 39.7396
631 39.7692
632 39.7692
632 39.7692
632 39.8004
633 39.8004
633 39.8004
633 39.8312
634 39.8312
634 39.8312
634 39.8576
635 39.8576
635 39.8576
635 39.8832
636 39.8832
636 39.8832
636 39.9112
637 39.9112
637 39.9112
637 39.9404
638 39.9404
638 39.9404
638 39.9640
639 39.9640
639 39.9640
639 39.9884
640 39.9884
640 39.9884
640 40.0152
641 40.0152
641 40.0152
641 40.0408
642 40.0408
642 40.0408
642 40.0624
643 40.0624
643 40.0624
643 40.0876
644 40.0876
644 40.0876
644 40.1140
645 40.1140
645 40.1140
645 40.1404
646 40.1404
646 40.1404
646 40.1608
647 40.1608
647 40.1608
647 40.1832
648 40.1832
648 40.1832
648 40.2072
649 40.2072
649 40.2072
649 40.2324
650 40.2324
650 40.2324
650 40.2536
651 40.2536
651 40.2536
651 40.2752
652 40.2752
652 40.2752
652 40.2984
653 40.2984
653 40.2984
653 40.3192
654 40.3192
654 40.3192
654 40.3408
655 40.3408
655 40.3408
655 40.3632
656 40.3632
656 40.3632
656 40.3856
657 40.3856
657 40.3856
657 40.4060
658 40.4060
658 40.4060
658 40.4264
659 40.4264
659 40.4264
659 40.4484
660 40.4484
660 40.4484
660 40.4704
661 40.4704
661 40.4704
661 40.4908
662 40.4908
662 40.4908
662 40.5112
663 40.5112
663 40.5112
663 40.5324
664 40.5324
664 40.5324
664 40.5536
665 40.5536
665 40.5536
665 40.5740
666 40.5740
666 40.5740
666 40.5944
667 40.5944
667 40.5944
667 40.6148
668 40.6148
668 40.6148
668 40.6356
669 40.6356
669 40.6356
669 40.6560
670 40.6560
670 40.6560
670 40.6764
671 40.6764
671 40.6764
671 40.6968
672 40.6968
672 40.6968
672 40.7188
673 40.7188
673 40.7188
673 40.7432
674 40.7432
674 40.7432
674 40.7688
675 40.7688
675 40.7688
675 40.7956
676 40.7956
676 40.7956
676 40.8232
677 40.8232
677 40.8232
677 40.8592
678 40.8592
678 40.8592
678 40.8888
679 40.8888
679 40.8888
679 40.9196
680 40.9196
680 40.9196
680 40.9560
681 40.9560
681 40.9560
681 40.9896
682 40.9896
682 40.9896
682 41.0336
683 41.0336
683 41.0336
683 41.0688
684 41.0688
684 41.0688
684 41.1128
685 41.1128
685 41.1128
685 41.1496
686 41.1496
686 41.1496
686 41.1868
687 41.1868
687 41.1868
687 41.2244
688 41.2244
688 41.2244
688 41.2824
689 41.2824
689 41.2824
689 41.3216
690 41.3216
690 41.3216
690 41.3612
691 41.3612
691 41.3612
691 41.4012
692 41.4012
692 41.4012
692 41.4524
693 41.4524
693 41.4524
693 41.5040
694 41.5040
694 41.5040
694 41.5460
695 41.5460
695 41.5460
695 41.5920
696 41.5920
696 41.5920
696 41.6292
697 41.6292
697 41.6292
697 41.6652
698 41.6652
698 41.6652
698 41.7096
699 41.7096
699 41.7096
699 41.7548
700 41.7548
700 41.7548
701 41.7884
701 41.7884
702 41.8184
702 41.8184
703 41.8484
703 41.8484
704 41.8904
704 41.8904
705 41.9212
705 41.9212
706 41.9524
706 41.9524
707 41.9836
707 41.9836
708 42.0264
708 42.0264
709 42.0596
709 42.0596
710 42.0940
710 42.0940
711 42.1264
711 42.1264
712 42.1700
712 42.1700
713 42.2032
713 42.2032
714 42.2364
714 42.2364
715 42.2808
715 42.2808
716 42.3252
716 42.3252
717 42.3588
717 42.3588
718 42.3984
718 42.3984
719 42.4432
719 42.4432
720 42.4776
720 42.4776
721 42.5120
721 42.5120
722 42.5472
722 42.5472
723 42.5924
723 42.5924
724 42.6280
724 42.6280
725 42.6484
725 42.6484
726 42.6840
726 42.6840
727 42.7300
727 42.7300
728 42.7700
728 42.7700
729 42.8080
729 42.8080
730 42.8448
730 42.8448
731 42.8908
731 42.8908
732 42.9280
732 42.9280
733 42.9652
733 42.9652
734 43.0028
734 43.0028
735 43.0488
735 43.0488
736 43.0868
736 43.0868
737 43.1248
737 43.1248
738 43.1632
738 43.1632
739 43.2092
739 43.2092
740 43.2552
740 43.2552
741 43.2956
741 43.2956
742 43.3420
742 43.3420
743 43.3808
743 43.3808
744 43.4200
744 43.4200
745 43.4592
745 43.4592
746 43.5052
746 43.5052
747 43.5440
747 43.5440
748 43.5836
748 43.5836
749 43.6176
749 43.6176
750 43.6560
750 43.6560
751 43.6856
751 43.6856
752 43.7152
752 43.7152
753 43.7432
754 43.7708
755 43.7852
756 43.8036
757 43.8240
757 43.8240
758 43.8496
758 43.8496
759 43.8652
759 43.8652
760 43.8824
760 43.8824
761 43.8940
761 43.8940
762 43.9096
762 43.9096
762 43.9164
763 43.9224
763 43.9224
764 43.9244
764 43.9244
765 43.9264
765 43.9264
766 43.9288
766 43.9288
767 43.9352
767 43.9352
768 43.9372
768 43.9372
769 43.9392
769 43.9392
770 43.9416
770 43.9416
771 43.9512
771 43.9512
772 43.9544
772 43.9544
773 43.9580
773 43.9580
774 43.9620
774 43.9620
775 43.9740
775 43.9740
776 43.9788
776 43.9788
777 43.9812
777 43.9812
778 43.9840
778 43.9840
779 43.9972
779 43.9972
780 44.0024
780 44.0024
781 44.0080
781 44.0080
782 44.0136
782 44.0136
783 44.0280
783 44.0280
784 44.0348
784 44.0348
785 44.0416
785 44.0416
786 44.0580
786 44.0580
787 44.0620
787 44.0620
788 44.0672
788 44.0672
789 44.0740
789 44.0740
790 44.0908
790 44.0908
791 44.0984
791 44.0984
792 44.1060
792 44.1060
793 44.1140
793 44.1140
794 44.1320
794 44.1320
795 44.1412
795 44.1412
796 44.1504
796 44.1504
797 44.1552
797 44.1552
798 44.1676
798 44.1676
799 44.1768
799 44.1768
800 44.1860
800 44.1860
801 44.1952
801 44.1952
802 44.2144
802 44.2144
803 44.2244
803 44.2244
804 44.2348
804 44.2348
805 44.2452
805 44.2452
806 44.2664
806 44.2664
807 44.2728
807 44.2728
808 44.2816
808 44.2816
809 44.2920
809 44.2920
810 44.3132
810 44.3132
811 44.3244
811 44.3244
812 44.3356
812 44.3356
813 44.3468
813 44.3468
814 44.3696
814 44.3696
815 44.3824
815 44.3824
816 44.3952
816 44.3952
817 44.4028
817 44.4028
818 44.4240
818 44.4240
819 44.4368
819 44.4368
820 44.4492
820 44.4492
821 44.4616
821 44.4616
822 44.4852
822 44.4852
823 44.4980
823 44.4980
824 44.5108
824 44.5108
825 44.5236
825 44.5236
826 44.5424
826 44.5424
827 44.5508
827 44.5508
828 44.5612
828 44.5612
829 44.5652
829 44.5652
830 44.5884
830 44.5884
831 44.6004
831 44.6004
832 44.6124
832 44.6124
833 44.6240
833 44.6240
834 44.6472
834 44.6472
835 44.6596
835 44.6596
836 44.6720
836 44.6720
837 44.6808
837 44.6808
838 44.7016
838 44.7016
839 44.7132
839 44.7132
840 44.7248
840 44.7248
841 44.7360
841 44.7360
842 44.7584
842 44.7584
843 44.7700
843 44.7700
844 44.7820
844 44.7820
845 44.7936
845 44.7936
846 44.8164
846 44.8164
847 44.8264
847 44.8264
848 44.8364
848 44.8364
849 44.8476
849 44.8476
850 44.8704
850 44.8704
851 44.8816
851 44.8816
852 44.8928
852 44.8928
853 44.9040
853 44.9040
854 44.9268
854 44.9268
855 44.9384
855 44.9384
856 44.9500
856 44.9500
857 44.9608
857 44.9608
858 44.9828
858 44.9828
859 44.9940
859 44.9940
860 44.9940
860 44.9940
861 45.0052
861 45.0052
862 45.0280
862 45.0280
863 45.0396
863 45.0396
864 45.0516
864 45.0516
865 45.0636
865 45.0636
866 45.0864
866 45.0864
867 45.0984
867 45.0984
868 45.1104
868 45.1104
869 45.1224
869 45.1224
870 45.1456
870 45.1456
871 45.1580
871 45.1580
872 45.1704
872 45.1704
873 45.1828
873 45.1828
874 45.2064
874 45.2064
875 45.2192
875 45.2192
876 45.2320
876 45.2320
877 45.2448
877 45.2448
878 45.2688
878 45.2688
879 45.2820
879 45.2820
880 45.2952
880 45.2952
881 45.3200
881 45.3200
882 45.3340
882 45.3340
883 45.3480
883 45.3480
884 45.3620
884 45.3620
885 45.3864
885 45.3864
886 45.4008
886 45.4008
887 45.4152
887 45.4152
888 45.4296
888 45.4296
889 45.4544
889 45.4544
890 45.4692
890 45.4692
891 45.4692
891 45.4692
892 45.4840
892 45.4840
893 45.5092
893 45.5092
894 45.5244
894 45.5244
895 45.5396
895 45.5396
896 45.5548
896 45.5548
897 45.5800
897 45.5800
898 45.5956
898 45.5956
899 45.6112
899 45.6112
900 45.6268
900 45.6268
901 45.6520
901 45.6520
902 45.6680
902 45.6680
903 45.6840
903 45.6840
904 45.7000
904 45.7000
905 45.7256
905 45.7256
906 45.7420
906 45.7420
907 45.7584
907 45.7584
908 45.7748
908 45.7748
909 45.8004
909 45.8004
910 45.8172
910 45.8172
911 45.8356
911 45.8356
912 45.8556
912 45.8556
913 45.8856
913 45.8856
914 45.9076
914 45.9076
915 45.9300
915 45.9300
916 45.9524
916 45.9524
917 45.9832
917 45.9832
918 46.0064
918 46.0064
919 46.0300
919 46.0300
920 46.0540
920 46.0540
921 46.0724
921 46.0724
922 46.0936
922 46.0936
923 46.1188
923 46.1188
924 46.1440
924 46.1440
925 46.1768
925 46.1768
926 46.2020
926 46.2020
927 46.2280
927 46.2280
928 46.2540
928 46.2540
929 46.2832
929 46.2832
930 46.3096
930 46.3096
931 46.3364
931 46.3364
932 46.3632
932 46.3632
933 46.3920
933 46.3920
934 46.4188
934 46.4188
935 46.4468
935 46.4468
936 46.4732
936 46.4732
937 46.5016
937 46.5016
938 46.5288
938 46.5288
939 46.5576
939 46.5576
940 46.5864
940 46.5864
941 46.6144
941 46.6144
942 46.6420
942 46.6420
943 46.6716
943 46.6716
944 46.7012
944 46.7012
945 46.7288
946 46.7384
947 46.7508
948 46.7632
949 46.7792
950 46.8036
951 46.8324
952 46.8520
953 46.8676
953 46.8676
954 46.8864
954 46.8864
955 46.9000
955 46.9000
956 46.9116
956 46.9116
957 46.9252
957 46.9252
958 46.9424
958 46.9424
959 46.9568
959 46.9568
960 46.9728
960 46.9728
961 46.9892
961 46.9892
962 47.0044
962 47.0044
963 47.0200
963 47.0200
964 47.0352
964 47.0352
965 47.0504
965 47.0504
966 47.0616
966 47.0616
967 47.0752
967 47.0752
968 47.0904
968 47.0904
969 47.1056
969 47.1056
970 47.1212
970 47.1212
971 47.1368
971 47.1368
972 47.1524
972 47.1524
973 47.1684
973 47.1684
974 47.1848
974 47.1848
975 47.1968
975 47.1968
976 47.2108
976 47.2108
977 47.2264
977 47.2264
978 47.2424
978 47.2424
979 47.2584
979 47.2584
980 47.2744
980 47.2744
981 47.2904
981 47.2904
982 47.3068
982 47.3068
983 47.3240
983 47.3240
984 47.3408
984 47.3408
985 47.3536
985 47.3536
986 47.3684
986 47.3684
987 47.3848
987 47.3848
988 47.4012
988 47.4012
989 47.4176
989 47.4176
990 47.4340
990 47.4340
991 47.4508
991 47.4508
992 47.4680
992 47.4680
993 47.4852
993 47.4852
994 47.5024
994 47.5024
995 47.5168
995 47.5168
996 47.5320
996 47.5320
997 47.5488
997 47.5488
998 47.5656
998 47.5656
999 47.5828
999 47.5828
1000 47.5984
1000 47.5984
1001 47.6124
1001 47.6124
1002 47.6260
1002 47.6260
1003 47.6388
1003 47.6388
1004 47.6516
1004 47.6516
1005 47.6660
1005 47.6660
1006 47.6780
1006 47.6780
1007 47.6896
1007 47.6896
1008 47.7008
1008 47.7008
1009 47.7120
1009 47.7120
1010 47.7228
1010 47.7228
1011 47.7328
1011 47.7328
1012 47.7488
1012 47.7488
1013 47.7664
1013 47.7664
1014 47.7852
1014 47.7852
1015 47.8100
1015 47.8100
1016 47.8324
1016 47.8324
1017 47.8556
1017 47.8556
1018 47.8788
1018 47.8788
1019 47.9032
1019 47.9032
1020 47.9112
1020 47.9112
1021 47.9360
1021 47.9360
1022 47.9524
1022 47.9524
1023 47.9776
1023 47.9776
1024 48.0036
1024 48.0036
1025 48.0328
1025 48.0328
1026 48.0596
1026 48.0596
1027 48.0848
1027 48.0848
1028 48.1124
1028 48.1124
1029 48.1192
1029 48.1192
1030 48.1472
1030 48.1472
1031 48.1716
1031 48.1716
1032 48.1964
1032 48.1964
1033 48.2248
1033 48.2248
1034 48.2488
1034 48.2488
1035 48.2828
1035 48.2828
1036 48.3068
1036 48.3068
1037 48.3368
1037 48.3368
1038 48.3604
1038 48.3604
1039 48.3760
1039 48.3760
1040 48.3956
1040 48.3956
1041 48.4252
1041 48.4252
1042 48.4484
1042 48.4484
1043 48.4720
1043 48.4720
1044 48.5020
1044 48.5020
1045 48.5296
1045 48.5296
1046 48.5604
1046 48.5604
1047 48.5828
1047 48.5828
1048 48.6000
1048 48.6000
1049 48.6180
1049 48.6180
1050 48.6480
1050 48.6480
1051 48.6700
1051 48.6700
1052 48.7000
1052 48.7000
1053 48.7216
1053 48.7216
1054 48.7440
1054 48.7440
1055 48.7780
1055 48.7780
1056 48.7996
1056 48.7996
1057 48.8156
1057 48.8156
1058 48.8328
1058 48.8328
1059 48.8616
1059 48.8616
1060 48.8824
1060 48.8824
1061 48.9108
1061 48.9108
1062 48.9312
1062 48.9312
1063 48.9524
1063 48.9524
1064 48.9800
1064 48.9800
1065 49.0064
1065 49.0064
1066 49.0344
1066 49.0344
1067 49.0360
1067 49.0360
1068 49.0652
1068 49.0652
1069 49.0852
1069 49.0852
1070 49.1132
1070 49.1132
1071 49.1332
1071 49.1332
1072 49.1608
1072 49.1608
1073 49.1804
1073 49.1804
1074 49.2012
1074 49.2012
1075 49.2324
1075 49.2324
1076 49.2336
1076 49.2336
1077 49.2616
1077 49.2616
1078 49.2808
1078 49.2808
1079 49.3080
1079 49.3080
1080 49.3268
1080 49.3268
1081 49.3536
1081 49.3536
1082 49.3724
1082 49.3724
1083 49.3992
1083 49.3992
1084 49.4200
1084 49.4200
1085 49.4204
1085 49.4204
1086 49.4472
1086 49.4472
1087 49.4660
1087 49.4660
1088 49.4928
1088 49.4928
1089 49.5116
1089 49.5116
1090 49.5380
1090 49.5380
1091 49.5564
1091 49.5564
1092 49.5828
1092 49.5828
1093 49.6012
1093 49.6012
1094 49.6012
1094 49.6012
1095 49.6276
1095 49.6276
1096 49.6460
1096 49.6460
1097 49.6724
1097 49.6724
1098 49.6908
1098 49.6908
1099 49.7172
1099 49.7172
1100 49.7356
1100 49.7356
1101 49.7620
1101 49.7620
1102 49.7820
1102 49.7820
1103 49.8116
1103 49.8116
1104 49.8116
1104 49.8116
1105 49.8324
1105 49.8324
1106 49.8636
1106 49.8636
1107 49.8868
1107 49.8868
1108 49.9188
1108 49.9188
1109 49.9432
1109 49.9432
1110 49.9760
1110 49.9760
1111 50.0016
1111 50.0016
1112 50.0356
1112 50.0356
1113 50.0436
1113 50.0436
1114 50.0744
1114 50.0744
1115 50.0988
1115 50.0988
1116 50.1256
1116 50.1256
1117 50.1600
1117 50.1600
1118 50.1872
1118 50.1872
1119 50.2224
1119 50.2224
1120 50.2500
1120 50.2500
1121 50.2864
1121 50.2864
1122 50.2968
1122 50.2968
1123 50.3352
1123 50.3352
1124 50.3584
1124 50.3584
1125 50.3856
1125 50.3856
1126 50.4220
1126 50.4220
1127 50.4512
1127 50.4512
1128 50.4888
1128 50.4888
1129 50.5184
1129 50.5184
1130 50.5564
1130 50.5564
1131 50.5872
1131 50.5872
1132 50.6140
1132 50.6140
1133 50.6412
1133 50.6412
1134 50.6748
1134 50.6748
1135 50.7044
1135 50.7044
1136 50.7360
1136 50.7360
1137 50.7752
1137 50.7752
1138 50.8068
1138 50.8068
1139 50.8468
1139 50.8468
1140 50.8788
1140 50.8788
1141 50.9064
1141 50.9064
1142 50.9352
1142 50.9352
1143 50.9764
1143 50.9764
1144 51.0048
1144 51.0048
1145 51.0364
1145 51.0364
1146 51.0768
1146 51.0768
1147 51.1100
1147 51.1100
1148 51.1516
1148 51.1516
1149 51.1852
1149 51.1852
1150 51.2148
1150 51.2148
1151 51.2452
1151 51.2452
1152 51.2880
1152 51.2880
1153 51.3228
1153 51.3228
1154 51.3620
1154 51.3620
1155 51.3952
1155 51.3952
1156 51.4308
1156 51.4308
1157 51.4732
1157 51.4732
1158 51.5084
1158 51.5084
1159 51.5384
1159 51.5384
1160 51.5700
1160 51.5700
1161 51.6140
1161 51.6140
1162 51.6504
1162 51.6504
1163 51.6948
1163 51.6948
1164 51.7288
1164 51.7288
1165 51.7712
1165 51.7712
1166 51.8076
1166 51.8076
1167 51.8452
1167 51.8452
1168 51.8892
1168 51.8892
1169 51.9076
1169 51.9076
1170 51.9532
1170 51.9532
1171 51.9904
1171 51.9904
1172 52.0356
1172 52.0356
1173 52.0732
1173 52.0732
1174 52.1184
1174 52.1184
1175 52.1540
1175 52.1540
1176 52.1924
1176 52.1924
1177 52.2372
1177 52.2372
1178 52.2564
1178 52.2564
1179 52.3028
1179 52.3028
1180 52.3404
1180 52.3404
1181 52.3868
1181 52.3868
1182 52.4252
1182 52.4252
1183 52.4716
1183 52.4716
1184 52.5120
1184 52.5120
1185 52.5564
1185 52.5564
1186 52.5944
1186 52.5944
1187 52.6140
1187 52.6140
1188 52.6600
1188 52.6600
1189 52.6980
1189 52.6980
1190 52.7440
1190 52.7440
1191 52.7828
1191 52.7828
1192 52.8296
1192 52.8296
1193 52.8724
1193 52.8724
1194 52.9172
1194 52.9172
1195 52.9556
1195 52.9556
1196 52.9900
1196 52.9900
1197 53.0244
1197 53.0244
1198 53.0628
1198 53.0628
1199 53.1088
1199 53.1088
1200 53.1476
1200 53.1476
1201 53.1944
1201 53.1944
1202 53.2332
1202 53.2332
1203 53.2840
1203 53.2840
1204 53.3208
1204 53.3208
1205 53.3672
1205 53.3672
1206 53.3872
1206 53.3872
1207 53.4256
1207 53.4256
1208 53.4720
1208 53.4720
1209 53.5104
1209 53.5104
1210 53.5572
1210 53.5572
1211 53.5960
1211 53.5960
1212 53.6428
1212 53.6428
1213 53.6856
1213 53.6856
1214 53.7304
1214 53.7304
1215 53.7504
1215 53.7504
1216 53.7988
1216 53.7988
1217 53.8372
1217 53.8372
1218 53.8560
1218 53.8560
1219 53.9020
1219 53.9020
1220 53.9404
1220 53.9404
1221 53.9868
1221 53.9868
1222 54.0196
1222 54.0196
1223 54.0628
1223 54.0628
1224 54.0720
1224 54.0720
1225 54.1092
1225 54.1092
1225 54.1352
1225 54.1740
1225 54.1984
1225 54.2176
1225 54.2476
1225 54.2720
1225 54.3020
1225 54.3328
1225 54.3472
1225 54.3616
1225 54.3880
1225 54.4064
1225 54.4252
1225 54.4512
1225 54.4696
1226 54.4960
1226 54.4960
1227 54.5144
1227 54.5144
1228 54.5296
1228 54.5296
1229 54.5504
1229 54.5504
1230 54.5776
1230 54.5776
1231 54.6028
1231 54.6028
1232 54.6384
1232 54.6384
1233 54.6580
1233 54.6580
1234 54.6832
1234 54.6832
1235 54.7148
1235 54.7148
1236 54.7260
1236 54.7260
1237 54.7488
1237 54.7488
1238 54.7684
1238 54.7684
1239 54.7988
1239 54.7988
1240 54.8080
1240 54.8080
1241 54.8336
1241 54.8336
1242 54.8536
1242 54.8536
1243 54.8648
1243 54.8648
1244 54.8740
1244 54.8740
1245 54.8856
1245 54.8856
1246 54.8908
1246 54.8908
1247 54.8960
1247 54.8960
1248 54.9056
1248 54.9056
1249 54.9140
1249 54.9140
1250 54.9164
1250 54.9164
1251 54.9192
1251 54.9192
1252 54.9264
1252 54.9264
1253 54.9264
1253 54.9264
1254 54.9284
1254 54.9284
1255 54.9316
1255 54.9316
1256 54.9316
1256 54.9316
1257 54.9348
1257 54.9348
1258 54.9376
1258 54.9376
1259 54.9376
1259 54.9376
1260 54.9404
1260 54.9404
1261 54.9428
1261 54.9428
1262 54.9452
1262 54.9452
1263 54.9452
1263 54.9452
1264 54.9472
1264 54.9472
1265 54.9492
1265 54.9492
1266 54.9492
1266 54.9492
1267 54.9508
1267 54.9508
1268 54.9524
1268 54.9524
1269 54.9524
1269 54.9524
1270 54.9540
1270 54.9540
1271 54.9552
1271 54.9552
1272 54.9564
1272 54.9564
1273 54.9564
1273 54.9564
1274 54.9576
1274 54.9576
1275 54.9584
1275 54.9584
1276 54.9592
1276 54.9592
1277 54.9616
1277 54.9616
1278 54.9624
1278 54.9624
1279 54.9644
1279 54.9644
1280 54.9672
1280 54.9672
1281 54.9680
1281 54.9680
1282 54.9680
1282 54.9680
1283 54.9680
1283 54.9680
1284 54.9684
1284 54.9684
1285 54.9684
1285 54.9684
1286 54.9684
1286 54.9684
1287 54.9684
1287 54.9684
1288 54.9704
1288 54.9704
1289 54.9744
1289 54.9744
1290 54.9744
1290 54.9744
1291 54.9744
1291 54.9744
1292 54.9744
1292 54.9744
1293 54.9764
1293 54.9764
1294 54.9792
1294 54.9792
1295 54.9832
1295 54.9832
1296 54.9964
1296 54.9964
1297 55.0080
1297 55.0080
1298 55.0140
1298 55.0140
1299 55.0248
1299 55.0248
1300 55.0356
1300 55.0356
1301 55.0484
1301 55.0484
1302 55.0484
1302 55.0484
1303 55.0620
1303 55.0620
1304 55.0736
1304 55.0736
1305 55.0928
1305 55.0928
1306 55.1004
1306 55.1004
1307 55.1112
1307 55.1112
1308 55.1280
1308 55.1280
1309 55.1348
1309 55.1348
1310 55.1528
1310 55.1528
1311 55.1600
1311 55.1600
1312 55.1820
1312 55.1820
1313 55.1892
1313 55.1892
1314 55.2068
1314 55.2068
1315 55.2232
1315 55.2232
1316 55.2304
1316 55.2304
1317 55.2500
1317 55.2500
1318 55.2664
1318 55.2664
1319 55.2896
1319 55.2896
1320 55.2964
1320 55.2964
1321 55.3120
1321 55.3120
1322 55.3292
1322 55.3292
1323 55.3452
1323 55.3452
1324 55.3588
1324 55.3588
1325 55.3844
1325 55.3844
1326 55.4004
1326 55.4004
1327 55.4068
1327 55.4068
1328 55.4312
1328 55.4312
1329 55.4468
1329 55.4468
1330 55.4596
1330 55.4596
1331 55.4736
1331 55.4736
1332 55.4996
1332 55.4996
1333 55.5160
1333 55.5160
1334 55.5316
1334 55.5316
1335 55.5456
1335 55.5456
1336 55.5712
1336 55.5712
1337 55.5872
1337 55.5872
1338 55.5944
1338 55.5944
1339 55.6116
1339 55.6116
1340 55.6276
1340 55.6276
1341 55.6328
1341 55.6328
1342 55.6484
1342 55.6484
1343 55.6660
1343 55.6660
1344 55.6816
1344 55.6816
1345 55.6836
1345 55.6836
1346 55.6988
1346 55.6988
1347 55.7140
1347 55.7140
1348 55.7140
1349 55.7288
1350 55.7440
1351 55.7600
1352 55.7644
1353 55.7780
1354 55.7928
1354 55.7928
1355 55.7968
1355 55.7968
1356 55.8112
1356 55.8112
1357 55.8276
1357 55.8276
1358 55.8428
1358 55.8428
1359 55.8476
1359 55.8476
1360 55.8624
1360 55.8624
1361 55.8776
1361 55.8776
1362 55.8952
1362 55.8952
1363 55.9004
1363 55.9004
1364 55.9164
1364 55.9164
1365 55.9344
1365 55.9344
1366 55.9400
1366 55.9400
1367 55.9528
1367 55.9528
1368 55.9716
1368 55.9716
1369 55.9904
1369 55.9904
1370 55.9964
1370 55.9964
1371 56.0096
1371 56.0096
1372 56.0288
1372 56.0288
1373 56.0352
1373 56.0352
1374 56.0484
1374 56.0484
1375 56.0684
1375 56.0684
1376 56.0884
1376 56.0884
1377 56.0884
1377 56.0884
1378 56.1088
1378 56.1088
1379 56.1292
1379 56.1292
1380 56.1364
1380 56.1364
1381 56.1500
1381 56.1500
1382 56.1712
1382 56.1712
1383 56.1924
1383 56.1924
1384 56.1924
1384 56.1924
1385 56.2140
1385 56.2140
1386 56.2356
1386 56.2356
1387 56.2536
1387 56.2536
1388 56.2620
1388 56.2620
1389 56.2820
1389 56.2820
1390 56.2984
1390 56.2984
1391 56.3076
1391 56.3076
1392 56.3328
1392 56.3328
1393 56.3624
1393 56.3624
1394 56.3912
1394 56.3912
1395 56.4036
1395 56.4036
1396 56.4384
1396 56.4384
1397 56.4668
1397 56.4668
1398 56.4812
1398 56.4812
1399 56.5184
1399 56.5184
1400 56.5488
1400 56.5488
1401 56.5924
1401 56.5924
1402 56.6088
1402 56.6088
1403 56.6492
1403 56.6492
1404 56.6824
1404 56.6824
1405 56.7004
1405 56.7004
1406 56.7424
1406 56.7424
1407 56.7756
1407 56.7756
1408 56.8088
1408 56.8088
1409 56.8408
1409 56.8408
1410 56.8716
1410 56.8716
1411 56.9204
1411 56.9204
1412 56.9420
1412 56.9420
1413 56.9788
1413 56.9788
1414 57.0212
1414 57.0212
1415 57.0580
1415 57.0580
1416 57.0936
1416 57.0936
1417 57.1248
1417 57.1248
1418 57.1624
1418 57.1624
1419 57.2136
1419 57.2136
1420 57.2404
1420 57.2404
1421 57.2844
1421 57.2844
1422 57.3240
1422 57.3240
1423 57.3492
1423 57.3492
1424 57.3932
1424 57.3932
1425 57.4336
1425 57.4336
1426 57.4776
1426 57.4776
1427 57.5188
1427 57.5188
1428 57.5616
1428 57.5616
1429 57.6032
1429 57.6032
1430 57.6296
1430 57.6296
1431 57.6740
1431 57.6740
1432 57.7164
1432 57.7164
1433 57.7608
1433 57.7608
1434 57.8032
1434 57.8032
1435 57.8292
1435 57.8292
1436 57.8744
1436 57.8744
1437 57.9172
1437 57.9172
1438 57.9616
1438 57.9616
1439 58.0044
1439 58.0044
1440 58.0480
1440 58.0480
1441 58.0908
1441 58.0908
1442 58.1172
1442 58.1172
1443 58.1624
1443 58.1624
1444 58.2172
1444 58.2172
1445 58.2340
1445 58.2340
1446 58.2768
1446 58.2768
1447 58.3316
1447 58.3316
1448 58.3668
1448 58.3668
1449 58.3956
1449 58.3956
1450 58.4484
1450 58.4484
1451 58.5052
1451 58.5052
1452 58.5224
1452 58.5224
1453 58.5652
1453 58.5652
1454 58.6200
1454 58.6200
1455 58.6548
1455 58.6548
1456 58.6836
1456 58.6836
1457 58.7364
1457 58.7364
1458 58.7932
1458 58.7932
1459 58.7932
1459 58.7932
1460 58.8500
1460 58.8500
1461 58.9068
1461 58.9068
1462 58.9068
1462 58.9068
1463 58.9636
1463 58.9636
1464 59.0204
1464 59.0204
1465 59.0772
1465 59.0772
1466 59.0772
1466 59.0772
1467 59.1340
1467 59.1340
1468 59.1908
1468 59.1908
1469 59.1908
1469 59.1908
1470 59.2476
1470 59.2476
1471 59.3044
1471 59.3044
1472 59.3412
1472 59.3412
1473 59.3700
1473 59.3700
1474 59.4228
1474 59.4228
1475 59.4796
1475 59.4796
1476 59.4968
1476 59.4968
1477 59.5396
1477 59.5396
1478 59.5944
1478 59.5944
1479 59.6112
1479 59.6112
1480 59.6540
1480 59.6540
1481 59.7088
1481 59.7088
1482 59.7536
1482 59.7536
1483 59.7800
1483 59.7800
1484 59.8192
1484 59.8192
1485 59.8544
1485 59.8544
1486 59.8808
1486 59.8808
1487 59.9168
1487 59.9168
1488 59.9608
1488 59.9608
1489 59.9940
1489 59.9940
1490 60.0244
1491 60.0532
1492 60.0844
1492 60.0844
1493 60.1132
1493 60.1132
1494 60.1492
1494 60.1492
1495 60.1736
1495 60.1736
1496 60.2004
1496 60.2004
1497 60.2408
1497 60.2408
1498 60.2648
1498 60.2648
1499 60.2832
1499 60.2832
1500 60.3248
1500 60.3248
1501 60.3668
1501 60.3668
1502 60.3788
1502 60.3788
1503 60.4092
1503 60.4092
1504 60.4508
1504 60.4508
1505 60.4644
1505 60.4644
1506 60.5040
1506 60.5040
1507 60.5348
1507 60.5348
1508 60.5512
1508 60.5512
1509 60.5876
1509 60.5876
1510 60.6284
1510 60.6284
1511 60.6404
1511 60.6404
1512 60.6688
1512 60.6688
1513 60.7088
1513 60.7088
1514 60.7368
1514 60.7368
1515 60.7528
1515 60.7528
1516 60.7884
1516 60.7884
1517 60.8156
1517 60.8156
1518 60.8432
1518 60.8432
1519 60.8684
1519 60.8684
1520 60.9040
1520 60.9040
1521 60.9216
1521 60.9216
1522 60.9420
1522 60.9420
1523 60.9784
1523 60.9784
1524 61.0032
1524 61.0032
1525 61.0300
1525 61.0300
1526 61.0536
1526 61.0536
1527 61.0748
1527 61.0748
1528 61.1016
1528 61.1016
1529 61.1340
1529 61.1340
1530 61.1420
1530 61.1420
1531 61.1708
1531 61.1708
1532 61.2024
1532 61.2024
1533 61.2260
1533 61.2260
1534 61.2480
1534 61.2480
1535 61.2748
1535 61.2748
1536 61.2936
1536 61.2936
1537 61.3264
1537 61.3264
1538 61.3432
1538 61.3432
1539 61.3596
1539 61.3596
1540 61.3876
1540 61.3876
1541 61.4160
1541 61.4160
1542 61.4172
1542 61.4172
1543 61.4464
1543 61.4464
1544 61.4748
1544 61.4748
1545 61.4936
1545 61.4936
1546 61.5080
1546 61.5080
1547 61.5344
1547 61.5344
1548 61.5512
1548 61.5512
1549 61.5776
1549 61.5776
1550 61.5944
1550 61.5944
1551 61.6088
1551 61.6088
1552 61.6352
1552 61.6352
1553 61.6520
1553 61.6520
1554 61.6664
1554 61.6664
1555 61.6928
1555 61.6928
1556 61.7212
1556 61.7212
1557 61.7212
1557 61.7212
1558 61.7488
1558 61.7488
1559 61.7744
1559 61.7744
1560 61.7868
1560 61.7868
1561 61.8008
1561 61.8008
1562 61.8236
1562 61.8236
1563 61.8312
1563 61.8312
1564 61.8500
1564 61.8500
1565 61.8660
1565 61.8660
1566 61.8732
1566 61.8732
1567 61.8908
1567 61.8908
1568 61.9100
1568 61.9100
1569 61.9100
1569 61.9100
1570 61.9284
1570 61.9284
1571 61.9468
1571 61.9468
1572 61.9516
1572 61.9516
1573 61.9640
1573 61.9640
1574 61.9812
1574 61.9812
1575 61.9852
1575 61.9852
1576 61.9988
1576 61.9988
1577 62.0132
1577 62.0132
1578 62.0168
1578 62.0168
1579 62.0292
1579 62.0292
1580 62.0436
1580 62.0436
1581 62.0436
1581 62.0436
1582 62.0572
1582 62.0572
1583 62.0704
1583 62.0704
1584 62.0704
1584 62.0704
1585 62.0832
1585 62.0832
1586 62.0956
1586 62.0956
1587 62.0976
1587 62.0976
1588 62.1076
1588 62.1076
1589 62.1192
1589 62.1192
1590 62.1212
1590 62.1212
1591 62.1300
1591 62.1300
1592 62.1416
1592 62.1416
1593 62.1432
1593 62.1432
1594 62.1512
1594 62.1512
1595 62.1608
1595 62.1608
1596 62.1608
1596 62.1608
1597 62.1700
1597 62.1700
1598 62.1788
1598 62.1788
1599 62.1796
1599 62.1796
1600 62.1872
1600 62.1872
1601 62.1952
1601 62.1952
1602 62.1956
1602 62.1956
1603 62.2008
1603 62.2008
1604 62.2100
1604 62.2100
1605 62.2168
1605 62.2168
1606 62.2172
1606 62.2172
1607 62.2212
1607 62.2212
1608 62.2296
1608 62.2296
1609 62.2300
1609 62.2300
1610 62.2336
1610 62.2336
1611 62.2388
1611 62.2388
1612 62.2388
1612 62.2388
1613 62.2436
1613 62.2436
1614 62.2484
1614 62.2484
1615 62.2504
1615 62.2504
1616 62.2544
1616 62.2544
1617 62.2624
1617 62.2624
1618 62.2680
1618 62.2680
1619 62.2764
1619 62.2764
1620 62.2824
1620 62.2824
1621 62.2908
1621 62.2908
1622 62.3016
1622 62.3016
1623 62.3068
1623 62.3068
1624 62.3176
1624 62.3176
1625 62.3308
1625 62.3308
1626 62.3328
1626 62.3328
1627 62.3456
1627 62.3456
1628 62.3616
1628 62.3616
1629 62.3684
1629 62.3684
1630 62.3784
1630 62.3784
1631 62.3964
1631 62.3964
1632 62.4148
1632 62.4148
1633 62.4148
1633 62.4148
1634 62.4332
1634 62.4332
1635 62.4540
1635 62.4540
1636 62.4612
1636 62.4612
1637 62.4740
1637 62.4740
1638 62.4948
1638 62.4948
1639 62.5028
1639 62.5028
1640 62.5228
1640 62.5228
1641 62.5380
1641 62.5380
1642 62.5604
1642 62.5604
1643 62.5696
1643 62.5696
1644 62.5836
1644 62.5836
1645 62.6072
1645 62.6072
1646 62.6172
1646 62.6172
1647 62.6396
1647 62.6396
1648 62.6564
1648 62.6564
1649 62.6668
1649 62.6668
1650 62.6896
1650 62.6896
1651 62.7064
1651 62.7064
1652 62.7176
1652 62.7176
1653 62.7412
1653 62.7412
1654 62.7672
1654 62.7672
1655 62.7844
1655 62.7844
1656 62.7968
1656 62.7968
1657 62.8216
1657 62.8216
1658 62.8384
1658 62.8384
1659 62.8512
1659 62.8512
1660 62.8764
1660 62.8764
1661 62.9036
1661 62.9036
1662 62.9036
1662 62.9036
1663 62.9312
1663 62.9312
1664 62.9588
1664 62.9588
1665 62.9588
1665 62.9588
1666 62.9868
1666 62.9868
1667 63.0148
1667 63.0148
1668 63.0432
1668 63.0432
1669 63.0432
1669 63.0432
1670 63.0716
1670 63.0716
1671 63.1000
1671 63.1000
1672 63.1172
1672 63.1172
1673 63.1316
1673 63.1316
1674 63.1580
1674 63.1580
1675 63.1748
1675 63.1748
1676 63.1892
1676 63.1892
1677 63.2152
1677 63.2152
1678 63.2376
1678 63.2376
1679 63.2540
1679 63.2540
1680 63.2616
1680 63.2616
1681 63.2788
1681 63.2788
1682 63.2940
1682 63.2940
1683 63.2992
1683 63.2992
1683 63.3132
1683 63.3152
1683 63.3188
1683 63.3312
1683 63.3448
1683 63.3448
1683 63.3448
1683 63.3592
1683 63.3636
1683 63.3688
1683 63.3688
1684 63.3696
1684 63.3696
1685 63.3736
1685 63.3736
1686 63.3880
1686 63.3880
1687 63.3944
1687 63.3944
1688 63.4000
1688 63.4000
1689 63.4048
1689 63.4048
1690 63.4088
1690 63.4088
1691 63.4208
1691 63.4208
1692 63.4240
1692 63.4240
1693 63.4268
1693 63.4268
1694 63.4292
1694 63.4292
1695 63.4312
1695 63.4312
1696 63.4396
1696 63.4396
1697 63.4412
1697 63.4412
1698 63.4428
1698 63.4428
1699 63.4440
1699 63.4440
1700 63.4452
1700 63.4452
1701 63.4512
1701 63.4512
1702 63.4520
1702 63.4520
1703 63.4528
1703 63.4528
1704 63.4536
1704 63.4536
1705 63.4544
1705 63.4544
1706 63.4600
1706 63.4600
1707 63.4660
1707 63.4660
1708 63.4704
1708 63.4704
1709 63.4708
1709 63.4708
1710 63.4740
1710 63.4740
1711 63.4780
1711 63.4780
1712 63.4796
1712 63.4796
1713 63.4796
1713 63.4796
1714 63.4808
1714 63.4808
1715 63.4816
1715 63.4816
1716 63.4860
1716 63.4860
1717 63.4860
1717 63.4860
1718 63.4860
1718 63.4860
1719 63.4864
1719 63.4864
1720 63.4864
1720 63.4864
1721 63.4864
1721 63.4864
1722 63.4864
1722 63.4864
1723 63.4864
1723 63.4864
1724 63.4864
1724 63.4864
1725 63.4864
1725 63.4864
1726 63.4864
1726 63.4864
1727 63.4864
1727 63.4864
1728 63.4864
1728 63.4864
1729 63.4864
1729 63.4864
1730 63.4864
1730 63.4864
1731 63.4864
1731 63.4864
1732 63.4864
1732 63.4864
1733 63.4864
1733 63.4864
1734 63.4864
1734 63.4864
1735 63.4864
1735 63.4864
1736 63.4864
1736 63.4864
1737 63.4868
1737 63.4868
1738 63.4928
1738 63.4928
1739 63.5004
1739 63.5004
1740 63.5096
1740 63.5096
1741 63.5204
1741 63.5204
1742 63.5320
1742 63.5320
1743 63.5448
1743 63.5448
1744 63.5584
1744 63.5584
1745 63.5728
1745 63.5728
1746 63.5876
1746 63.5876
1747 63.6036
1747 63.6036
1748 63.6200
1748 63.6200
1749 63.6368
1749 63.6368
1750 63.6540
1750 63.6540
1751 63.6720
1751 63.6720
1752 63.6892
1752 63.6892
1753 63.7076
1753 63.7076
1754 63.7264
1754 63.7264
1755 63.7456
1755 63.7456
1756 63.7668
1756 63.7668
1757 63.7848
1757 63.7848
1758 63.8044
1758 63.8044
1759 63.8044
1759 63.8044
1760 63.8240
1760 63.8240
1761 63.8464
1761 63.8464
1762 63.8608
1762 63.8608
1763 63.8756
1763 63.8756
1764 63.8892
1764 63.8892
1765 63.9020
1765 63.9020
1766 63.9116
1766 63.9116
1767 63.9204
1767 63.9204
1768 63.9304
1768 63.9304
1769 63.9400
1769 63.9400
1770 63.9492
1770 63.9492
1771 63.9536
1771 63.9536
1772 63.9592
1772 63.9592
1773 63.9660
1773 63.9660
1774 63.9728
1774 63.9728
1775 63.9788
1775 63.9788
1776 63.9808
1776 63.9808
1777 63.9844
1777 63.9844
1778 63.9896
1778 63.9896
1779 63.9944
1779 63.9944
1780 63.9988
1780 63.9988
1781 63.9996
1781 63.9996
1782 64.0052
1782 64.0052
1783 64.0084
1783 64.0084
1784 64.0116
1784 64.0116
1785 64.0148
1785 64.0148
1786 64.0148
1786 64.0148
1787 64.0156
1787 64.0156
1788 64.0240
1788 64.0240
1789 64.0272
1789 64.0272
1790 64.0356
1790 64.0356
1791 64.0472
1791 64.0472
1792 64.0500
1792 64.0500
1793 64.0632
1793 64.0632
1794 64.0764
1794 64.0764
1795 64.0812
1795 64.0812
1796 64.0956
1796 64.0956
1797 64.1128
1797 64.1128
1798 64.1152
1798 64.1152
1799 64.1332
1799 64.1332
1800 64.1520
1800 64.1520
1801 64.1580
1801 64.1580
1802 64.1716
1802 64.1716
1803 64.1920
1803 64.1920
1804 64.1992
1804 64.1992
1805 64.2184
1805 64.2184
1806 64.2348
1806 64.2348
1807 64.2432
1807 64.2432
1808 64.2636
1808 64.2636
1809 64.2864
1809 64.2864
1810 64.2864
1810 64.2864
1811 64.3088
1811 64.3088
1812 64.3312
1812 64.3312
1813 64.3396
1813 64.3396
1814 64.3536
1814 64.3536
1815 64.3756
1815 64.3756
1816 64.3836
1816 64.3836
1817 64.3976
1817 64.3976
1818 64.4204
1818 64.4204
1819 64.4332
1819 64.4332
1820 64.4572
1820 64.4572
1821 64.4860
1821 64.4860
1822 64.5016
1822 64.5016
1823 64.5324
1823 64.5324
1824 64.5632
1824 64.5632
1825 64.5764
1825 64.5764
1826 64.6192
1826 64.6192
1827 64.6548
1827 64.6548
1828 64.6768
1828 64.6768
1829 64.7032
1829 64.7032
1830 64.7368
1830 64.7368
1831 64.7664
1831 64.7664
1832 64.8052
1832 64.8052
1833 64.8352
1833 64.8352
1834 64.8564
1834 64.8564
1835 64.8920
1835 64.8920
1836 64.9436
1836 64.9436
1837 64.9628
1837 64.9628
1838 65.0052
1838 65.0052
1839 65.0324
1839 65.0324
1840 65.0464
1840 65.0464
1841 65.0784
1841 65.0784
1842 65.1000
1842 65.1000
1843 65.1112
1843 65.1112
1844 65.1272
1844 65.1272
1845 65.1456
1845 65.1456
1846 65.1656
1846 65.1656
1847 65.1784
1847 65.1784
1848 65.1960
1848 65.1960
1849 65.2044
1849 65.2044
1850 65.2240
1850 65.2240
1851 65.2464
1851 65.2464
1852 65.2544
1852 65.2544
1853 65.2640
1853 65.2640
1854 65.2732
1854 65.2732
1855 65.2828
1855 65.2828
1856 65.3016
1856 65.3016
1857 65.3104
1857 65.3104
1858 65.3104
1858 65.3104
1859 65.3188
1859 65.3188
1860 65.3276
1860 65.3276
1861 65.3480
1861 65.3480
1862 65.3584
1862 65.3584
1863 65.3716
1863 65.3716
1864 65.3876
1864 65.3876
1865 65.3988
1865 65.3988
1866 65.4208
1866 65.4208
1867 65.4328
1867 65.4328
1868 65.4452
1868 65.4452
1869 65.4580
1869 65.4580
1870 65.4712
1870 65.4712
1871 65.4948
1871 65.4948
1872 65.5088
1872 65.5088
1873 65.5228
1873 65.5228
1874 65.5380
1874 65.5380
1875 65.5552
1875 65.5552
1876 65.5796
1876 65.5796
1877 65.5952
1877 65.5952
1878 65.6108
1878 65.6108
1879 65.6268
1879 65.6268
1880 65.6436
1880 65.6436
1881 65.6736
1881 65.6736
1882 65.7012
1882 65.7012
1883 65.7180
1883 65.7180
1884 65.7468
1884 65.7468
1885 65.7772
1885 65.7772
1886 65.8056
1886 65.8056
1887 65.8344
1887 65.8344
1888 65.8664
1888 65.8664
1889 65.8880
1889 65.8880
1890 65.9184
1890 65.9184
1891 65.9568
1891 65.9568
1892 65.9784
1892 65.9784
1893 66.0088
1893 66.0088
1894 66.0440
1894 66.0440
1895 66.0772
1895 66.0772
1896 66.1260
1896 66.1260
1897 66.1580
1897 66.1580
1898 66.1800
1898 66.1800
1899 66.2108
1899 66.2108
1900 66.2456
1900 66.2456
1901 66.2732
1901 66.2732
1902 66.3024
1902 66.3024
1903 66.3352
1903 66.3352
1904 66.3576
1904 66.3576
1905 66.3880
1905 66.3880
1906 66.4256
1906 66.4256
1907 66.4440
1907 66.4440
1908 66.4560
1908 66.4560
1909 66.4880
1909 66.4880
1910 66.5080
1910 66.5080
1911 66.5456
1911 66.5456
1912 66.5760
1912 66.5760
1913 66.5980
1913 66.5980
1914 66.6280
1914 66.6280
1915 66.6600
1915 66.6600
1916 66.6872
1916 66.6872
1917 66.7148
1917 66.7148
1918 66.7468
1918 66.7468
1919 66.7684
1919 66.7684
1920 66.7936
1920 66.7936
1921 66.8212
1921 66.8212
1922 66.8304
1922 66.8304
1923 66.8504
1923 66.8504
1924 66.8696
1924 66.8696
1925 66.8784
1925 66.8784
1926 66.8972
1926 66.8972
1927 66.9112
1927 66.9112
1928 66.9176
1928 66.9176
1929 66.9296
1929 66.9296
1930 66.9444
1930 66.9444
1931 66.9524
1931 66.9524
1932 66.9612
1932 66.9612
1933 66.9728
1933 66.9728
1934 66.9748
1934 66.9748
1935 66.9856
1935 66.9856
1936 66.9984
1936 66.9984
1937 67.0000
1937 67.0000
1938 67.0092
1938 67.0092
1939 67.0192
1939 67.0192
1940 67.0208
1940 67.0208
1941 67.0296
1941 67.0296
1942 67.0388
1942 67.0388
1943 67.0480
1943 67.0480
1944 67.0492
1944 67.0492
1945 67.0572
1945 67.0572
1946 67.0668
1946 67.0668
1947 67.0676
1947 67.0676
1948 67.0740
1948 67.0740
1949 67.0844
1949 67.0844
1950 67.0852
1950 67.0852
1951 67.0916
1951 67.0916
1952 67.1004
1952 67.1004
1953 67.1008
1953 67.1008
1954 67.1088
1954 67.1088
1955 67.1168
1955 67.1168
1956 67.1176
1956 67.1176
1957 67.1248
1957 67.1248
1958 67.1324
1958 67.1324
1959 67.1328
1959 67.1328
1960 67.1380
1960 67.1380
1961 67.1476
1961 67.1476
1962 67.1480
1962 67.1480
1963 67.1604
1963 67.1604
1964 67.1748
1964 67.1748
1965 67.1824
1965 67.1824
1966 67.1968
1966 67.1968
1967 67.2036
1967 67.2036
1968 67.2040
1968 67.2040
1969 67.2100
1969 67.2100