
0 0
1 2.0502
1 2.0502
1 2.0502
1 2.0502
2 2.0963
2 2.0963
2 2.0963
2 2.0963
3 2.1265
3 2.1265
3 2.1265
3 2.1265
4 2.1697
4 2.1697
4 2.1697
4 2.1697
5 2.1999
5 2.1999
5 2.1999
5 2.1999
6 2.2432
6 2.2432
6 2.2432
6 2.2432
7 2.2734
7 2.2734
7 2.2734
7 2.2734
8 2.3166
8 2.3166
8 2.3166
8 2.3166
9 2.3468
9 2.3468
9 2.3468
9 2.3468
10 2.3697
10 2.3697
10 2.3697
10 2.3697
11 2.3929
11 2.3929
11 2.3929
11 2.3929
12 2.4362
12 2.4362
12 2.4362
12 2.4362
13 2.4660
13 2.4660
13 2.4660
13 2.4660
14 2.5092
14 2.5092
14 2.5092
14 2.5092
15 2.5394
15 2.5394
15 2.5394
15 2.5394
16 2.5826
16 2.5826
16 2.5826
16 2.5826
17 2.6128
17 2.6128
17 2.6128
17 2.6128
18 2.6357
18 2.6357
18 2.6357
18 2.6357
19 2.6589
19 2.6589
19 2.6589
19 2.6589
20 2.7022
20 2.7022
20 2.7022
20 2.7022
21 2.7320
21 2.7320
21 2.7320
21 2.7320
22 2.7752
22 2.7752
22 2.7752
22 2.7752
23 2.8054
23 2.8054
23 2.8054
23 2.8054
24 2.8368
24 2.8368
24 2.8368
24 2.8368
25 2.8788
25 2.8788
25 2.8788
25 2.8788
26 2.8788
26 2.8788
26 2.8788
26 2.8788
27 2.9237
27 2.9237
27 2.9237
27 2.9237
28 2.9535
28 2.9535
28 2.9535
28 2.9535
29 2.9968
29 2.9968
29 2.9968
29 2.9968
30 3.0270
30 3.0270
30 3.0270
30 3.0270
31 3.0702
31 3.0702
31 3.0702
31 3.0702
32 3.1004
32 3.1004
32 3.1004
32 3.1004
33 3.1436
33 3.1436
33 3.1436
33 3.1436
34 3.1738
34 3.1738
34 3.1738
34 3.1738
35 3.1967
35 3.1967
35 3.1967
35 3.1967
36 3.2199
36 3.2199
36 3.2199
36 3.2199
37 3.2289
37 3.2289
37 3.2289
37 3.2289
38 3.2314
38 3.2314
38 3.2314
38 3.2314
39 3.2314
39 3.2314
39 3.2314
39 3.2314
40 3.2342
40 3.2342
40 3.2342
40 3.2342
41 3.2440
41 3.2440
41 3.2440
41 3.2440
42 3.2485
42 3.2485
42 3.2485
42 3.2485
43 3.2603
43 3.2603
43 3.2603
43 3.2603
44 3.2742
44 3.2742
44 3.2742
44 3.2742
45 3.2803
45 3.2803
45 3.2803
45 3.2803
46 3.2942
46 3.2942
46 3.2942
46 3.2942
47 3.3015
47 3.3015
47 3.3015
47 3.3015
48 3.3015
48 3.3015
48 3.3015
48 3.3015
49 3.3093
49 3.3093
49 3.3093
49 3.3093
50 3.3240
50 3.3240
50 3.3240
50 3.3240
51 3.3330
51 3.3330
51 3.3330
51 3.3330
52 3.3493
52 3.3493
52 3.3493
52 3.3493
53 3.3595
53 3.3595
53 3.3595
53 3.3595
54 3.3766
54 3.3766
54 3.3766
54 3.3766
55 3.3880
55 3.3880
55 3.3880
55 3.3880
56 3.4068
56 3.4068
56 3.4068
56 3.4068
57 3.4068
57 3.4068
57 3.4068
57 3.4068
58 3.4199
58 3.4199
58 3.4199
58 3.4199
59 3.4398
59 3.4398
59 3.4398
59 3.4398
60 3.4554
60 3.4554
60 3.4554
60 3.4554
61 3.4770
61 3.4770
61 3.4770
61 3.4770
62 3.4945
62 3.4945
62 3.4945
62 3.4945
63 3.5174
63 3.5174
63 3.5174
63 3.5174
64 3.5374
64 3.5374
64 3.5374
64 3.5374
65 3.5374
65 3.5374
65 3.5374
65 3.5374
66 3.5586
66 3.5586
66 3.5586
66 3.5586
67 3.5831
67 3.5831
67 3.5831
67 3.5831
68 3.6067
68 3.6067
68 3.6067
68 3.6067
69 3.6328
69 3.6328
69 3.6328
69 3.6328
70 3.6594
70 3.6594
70 3.6594
70 3.6594
71 3.6867
71 3.6867
71 3.6867
71 3.6867
72 3.7161
72 3.7161
72 3.7161
72 3.7161
73 3.7458
73 3.7458
73 3.7458
73 3.7458
74 3.7458
74 3.7458
74 3.7458
74 3.7458
75 3.7773
75 3.7773
75 3.7773
75 3.7773
76 3.8058
76 3.8058
76 3.8058
76 3.8058
77 3.8393
77 3.8393
77 3.8393
77 3.8393
78 3.8687
78 3.8687
78 3.8687
78 3.8687
79 3.9042
79 3.9042
79 3.9042
79 3.9042
80 3.9339
80 3.9339
80 3.9339
80 3.9339
81 3.9711
81 3.9711
81 3.9711
81 3.9711
82 4.0008
82 4.0008
82 4.0008
82 4.0008
83 4.0164
83 4.0164
83 4.0164
83 4.0164
84 4.0392
84 4.0392
84 4.0392
84 4.0392
85 4.0788
85 4.0788
85 4.0788
85 4.0788
86 4.1086
86 4.1086
86 4.1086
86 4.1086
87 4.1396
87 4.1396
87 4.1396
87 4.1396
88 4.1796
88 4.1796
88 4.1796
88 4.1796
89 4.2097
89 4.2097
89 4.2097
89 4.2097
90 4.2518
90 4.2518
90 4.2518
90 4.2518
91 4.2820
91 4.2820
91 4.2820
91 4.2820
92 4.3015
92 4.3015
92 4.3015
92 4.3015
93 4.3248
93 4.3248
93 4.3248
93 4.3248
94 4.3676
94 4.3676
94 4.3676
94 4.3676
95 4.3974
95 4.3974
95 4.3974
95 4.3974
96 4.4403
96 4.4403
96 4.4403
96 4.4403
97 4.4705
97 4.4705
97 4.4705
97 4.4705
98 4.4998
98 4.4998
98 4.4998
98 4.4998
99 4.5357
99 4.5357
99 4.5357
99 4.5357
100 4.5655
100 4.5655
100 4.5655
100 4.5655
101 4.5806
101 4.5806
101 4.5806
101 4.5806
102 4.6035
102 4.6035
102 4.6035
102 4.6035
103 4.6337
103 4.6337
103 4.6337
103 4.6337
104 4.6732
104 4.6732
104 4.6732
104 4.6732
105 4.7034
105 4.7034
105 4.7034
105 4.7034
106 4.7442
106 4.7442
106 4.7442
106 4.7442
107 4.7744
107 4.7744
107 4.7744
107 4.7744
108 4.8164
108 4.8164
108 4.8164
108 4.8164
109 4.8466
109 4.8466
109 4.8466
109 4.8466
110 4.8785
110 4.8785
110 4.8785
110 4.8785
111 4.8980
111 4.8980
111 4.8980
111 4.8980
112 4.9213
112 4.9213
112 4.9213
112 4.9213
113 4.9641
113 4.9641
113 4.9641
113 4.9641
114 4.9939
114 4.9939
114 4.9939
114 4.9939
115 5.0372
115 5.0372
115 5.0372
115 5.0372
116 5.0674
116 5.0674
116 5.0674
116 5.0674
117 5.0988
117 5.0988
117 5.0988
117 5.0988
118 5.1408
118 5.1408
118 5.1408
118 5.1408
119 5.1710
119 5.1710
119 5.1710
119 5.1710
120 5.2142
120 5.2142
120 5.2142
120 5.2142
121 5.2142
121 5.2142
121 5.2142
121 5.2142
122 5.2595
122 5.2595
122 5.2595
122 5.2595
123 5.2893
123 5.2893
123 5.2893
123 5.2893
124 5.3326
124 5.3326
124 5.3326
124 5.3326
125 5.3628
125 5.3628
125 5.3628
125 5.3628
126 5.3942
126 5.3942
126 5.3942
126 5.3942
127 5.4362
127 5.4362
127 5.4362
127 5.4362
128 5.4664
128 5.4664
128 5.4664
128 5.4664
129 5.5096
129 5.5096
129 5.5096
129 5.5096
130 5.5398
130 5.5398
130 5.5398
130 5.5398
131 5.5623
131 5.5623
131 5.5623
131 5.5623
132 5.5623
132 5.5623
132 5.5623
132 5.5623
133 5.5672
133 5.5672
133 5.5672
133 5.5672
134 5.5949
134 5.5949
134 5.5949
134 5.5949
135 5.6124
135 5.6124
135 5.6124
135 5.6124
136 5.6369
136 5.6369
136 5.6369
136 5.6369
137 5.6541
137 5.6541
137 5.6541
137 5.6541
138 5.6798
138 5.6798
138 5.6798
138 5.6798
139 5.6847
139 5.6847
139 5.6847
139 5.6847
140 5.7112
140 5.7112
140 5.7112
140 5.7112
141 5.7251
141 5.7251
141 5.7251
141 5.7251
142 5.7557
142 5.7557
142 5.7557
142 5.7557
143 5.7761
143 5.7761
143 5.7761
143 5.7761
144 5.8054
144 5.8054
144 5.8054
144 5.8054
145 5.8271
145 5.8271
145 5.8271
145 5.8271
146 5.8426
146 5.8426
146 5.8426
146 5.8426
147 5.8609
147 5.8609
147 5.8609
147 5.8609
148 5.8764
148 5.8764
148 5.8764
148 5.8764
149 5.9136
149 5.9136
149 5.9136
149 5.9136
150 5.9262
150 5.9262
150 5.9262
150 5.9262
151 5.9674
151 5.9674
151 5.9674
151 5.9674
152 5.9866
152 5.9866
152 5.9866
152 5.9866
153 6.0274
153 6.0274
153 6.0274
153 6.0274
154 6.0490
154 6.0490
154 6.0490
154 6.0490
155 6.0690
155 6.0690
155 6.0690
155 6.0690
156 6.0914
156 6.0914
156 6.0914
156 6.0914
157 6.1188
157 6.1188
157 6.1188
157 6.1188
158 6.1571
158 6.1571
158 6.1571
158 6.1571
159 6.1812
159 6.1812
159 6.1812
159 6.1812
160 6.2253
160 6.2253
160 6.2253
160 6.2253
161 6.2555
161 6.2555
161 6.2555
161 6.2555
162 6.2999
162 6.2999
162 6.2999
162 6.2999
163 6.3048
163 6.3048
163 6.3048
163 6.3048
164 6.3501
164 6.3501
164 6.3501
164 6.3501
165 6.3811
165 6.3811
165 6.3811
165 6.3811
166 6.4272
166 6.4272
166 6.4272
166 6.4272
167 6.4590
167 6.4590
167 6.4590
167 6.4590
168 6.4872
168 6.4872
168 6.4872
168 6.4872
169 6.5345
169 6.5345
169 6.5345
169 6.5345
170 6.5668
170 6.5668
170 6.5668
170 6.5668
171 6.5941
171 6.5941
171 6.5941
171 6.5941
172 6.6198
172 6.6198
172 6.6198
172 6.6198
173 6.6684
173 6.6684
173 6.6684
173 6.6684
174 6.7006
174 6.7006
174 6.7006
174 6.7006
175 6.7500
175 6.7500
175 6.7500
175 6.7500
176 6.7830
176 6.7830
176 6.7830
176 6.7830
177 6.8316
177 6.8316
177 6.8316
177 6.8316
178 6.8650
178 6.8650
178 6.8650
178 6.8650
179 6.8952
179 6.8952
179 6.8952
179 6.8952
180 6.9217
180 6.9217
180 6.9217
180 6.9217
181 6.9588
181 6.9588
181 6.9588
181 6.9588
182 7.0066
182 7.0066
182 7.0066
182 7.0066
183 7.0449
183 7.0449
183 7.0449
183 7.0449
184 7.0947
184 7.0947
184 7.0947
184 7.0947
185 7.1343
185 7.1343
185 7.1343
185 7.1343
186 7.1816
186 7.1816
186 7.1816
186 7.1816
187 7.2000
187 7.2000
187 7.2000
187 7.2000
187 7.2444
188 7.2506
188 7.2506
188 7.2506
188 7.2506
189 7.2861
189 7.2861
189 7.2861
189 7.2861
190 7.3048
190 7.3048
190 7.3048
190 7.3048
191 7.3244
191 7.3244
191 7.3244
191 7.3244
192 7.3599
192 7.3599
192 7.3599
192 7.3599
193 7.3799
193 7.3799
193 7.3799
193 7.3799
194 7.4117
194 7.4117
194 7.4117
194 7.4117
195 7.4321
195 7.4321
195 7.4321
195 7.4321
196 7.4701
196 7.4701
196 7.4701
196 7.4701
197 7.4913
197 7.4913
197 7.4913
197 7.4913
198 7.5309
198 7.5309
198 7.5309
198 7.5309
199 7.5529
199 7.5529
199 7.5529
199 7.5529
200 7.5937
200 7.5937
200 7.5937
200 7.5937
201 7.6165
201 7.6165
201 7.6165
201 7.6165
202 7.6590
202 7.6590
202 7.6590
202 7.6590
203 7.6728
203 7.6728
203 7.6728
203 7.6728
204 7.6973
204 7.6973
204 7.6973
204 7.6973
205 7.7414
205 7.7414
205 7.7414
205 7.7414
206 7.7671
206 7.7671
206 7.7671
206 7.7671
207 7.8132
207 7.8132
207 7.8132
207 7.8132
208 7.8405
208 7.8405
208 7.8405
208 7.8405
209 7.8883
209 7.8883
209 7.8883
209 7.8883
210 7.9172
210 7.9172
210 7.9172
210 7.9172
211 7.9670
211 7.9670
211 7.9670
211 7.9670
212 7.9829
212 7.9829
212 7.9829
212 7.9829
213 8.0364
213 8.0364
213 8.0364
213 8.0364
214 8.0690
214 8.0690
214 8.0690
214 8.0690
215 8.1025
215 8.1025
215 8.1025
215 8.1025
216 8.1551
216 8.1551
216 8.1551
216 8.1551
217 8.1902
217 8.1902
217 8.1902
217 8.1902
218 8.2465
218 8.2465
218 8.2465
218 8.2465
219 8.2840
219 8.2840
219 8.2840
219 8.2840
220 8.3424
220 8.3424
220 8.3424
220 8.3424
221 8.3616
221 8.3616
221 8.3616
221 8.3616
222 8.4236
222 8.4236
222 8.4236
222 8.4236
223 8.4652
223 8.4652
223 8.4652
223 8.4652
224 8.5264
224 8.5264
224 8.5264
224 8.5264
225 8.5700
225 8.5700
225 8.5700
225 8.5700
226 8.6145
226 8.6145
226 8.6145
226 8.6145
227 8.6769
227 8.6769
227 8.6769
227 8.6769
228 8.7239
228 8.7239
228 8.7239
228 8.7239
229 8.7891
229 8.7891
229 8.7891
229 8.7891
230 8.8124
230 8.8124
230 8.8124
230 8.8124
231 8.8809
231 8.8809
231 8.8809
231 8.8809
232 8.9303
232 8.9303
232 8.9303
232 8.9303
233 8.9980
233 8.9980
233 8.9980
233 8.9980
234 9.0494
234 9.0494
234 9.0494
234 9.0494
235 9.1180
235 9.1180
235 9.1180
235 9.1180
236 9.1710
236 9.1710
236 9.1710
236 9.1710
237 9.2400
237 9.2400
237 9.2400
238 9.2661
238 9.2661
238 9.2661
238 9.2661
239 9.2955
239 9.2955
239 9.2955
239 9.2955
240 9.3391
240 9.3391
240 9.3391
240 9.3391
241 9.3889
241 9.3889
241 9.3889
241 9.3889
242 9.4419
242 9.4419
242 9.4419
242 9.4419
243 9.4958
243 9.4958
243 9.4958
243 9.4958
244 9.5509
244 9.5509
244 9.5509
244 9.5509
245 9.6080
245 9.6080
245 9.6080
245 9.6080
246 9.6643
246 9.6643
246 9.6643
246 9.6643
247 9.7022
247 9.7022
247 9.7022
247 9.7022
248 9.7528
248 9.7528
248 9.7528
248 9.7528
248 9.8140
249 9.8426
249 9.8426
249 9.8426
249 9.8426
250 9.8899
250 9.8899
250 9.8899
250 9.8899
251 9.9442
251 9.9442
251 9.9442
251 9.9442
252 9.9952
252 9.9952
252 9.9952
252 9.9952
253 10.0543
253 10.0543
253 10.0543
253 10.0543
254 10.1078
254 10.1078
254 10.1078
254 10.1078
255 10.1466
255 10.1466
255 10.1466
255 10.1466
256 10.1947
256 10.1947
256 10.1947
256 10.1947
257 10.2583
257 10.2583
257 10.2583
257 10.2583
258 10.3142
258 10.3142
258 10.3142
258 10.3142
259 10.3942
259 10.3942
259 10.3942
259 10.3942
260 10.4517
260 10.4517
260 10.4517
260 10.4517
261 10.5215
261 10.5215
261 10.5215
261 10.5215
262 10.5798
262 10.5798
262 10.5798
262 10.5798
263 10.6260
263 10.6260
263 10.6260
263 10.6260
264 10.6802
264 10.6802
264 10.6802
264 10.6802
265 10.7398
265 10.7398
265 10.7398
265 10.7398
266 10.8153
266 10.8153
266 10.8153
266 10.8153
267 10.8756
267 10.8756
267 10.8756
267 10.8756
268 10.9540
268 10.9540
268 10.9540
268 10.9540
269 11.0152
269 11.0152
269 11.0152
269 11.0152
270 11.0890
270 11.0890
270 11.0890
270 11.0890
271 11.1576
271 11.1576
271 11.1576
271 11.1576
272 11.2106
272 11.2106
272 11.2106
272 11.2106
273 11.2743
273 11.2743
273 11.2743
274 11.3032
274 11.3032
274 11.3032
274 11.3032
275 11.3881
275 11.3881
275 11.3881
275 11.3881
276 11.4448
276 11.4448
276 11.4448
276 11.4448
277 11.5207
277 11.5207
277 11.5207
277 11.5207
278 11.5880
278 11.5880
278 11.5880
278 11.5880
279 11.6464
279 11.6464
279 11.6464
279 11.6464
280 11.7324
280 11.7324
280 11.7324
280 11.7324
281 11.7924
281 11.7924
281 11.7924
281 11.7924
282 11.8614
282 11.8614
282 11.8614
282 11.8614
283 11.9205
283 11.9205
283 11.9205
283 11.9205
283 12.0001
283 12.0001
283 12.0001
284 12.0380
284 12.0380
284 12.0380
284 12.0380
285 12.1180
285 12.1180
285 12.1180
285 12.1180
286 12.1951
286 12.1951
286 12.1951
286 12.1951
287 12.2592
287 12.2592
287 12.2592
287 12.2592
288 12.3383
288 12.3383
288 12.3383
288 12.3383
289 12.4154
289 12.4154
289 12.4154
289 12.4154
290 12.4970
290 12.4970
290 12.4970
290 12.4970
291 12.5505
291 12.5505
291 12.5505
291 12.5505
292 12.6358
292 12.6358
292 12.6358
292 12.6358
293 12.7198
293 12.7198
293 12.7198
293 12.7198
294 12.7920
294 12.7920
294 12.7920
294 12.7920
295 12.8606
295 12.8606
295 12.8606
295 12.8606
296 12.9467
296 12.9467
296 12.9467
296 12.9467
297 13.0327
297 13.0327
297 13.0327
297 13.0327
298 13.1188
298 13.1188
298 13.1188
298 13.1188
299 13.2053
299 13.2053
299 13.2053
299 13.2053
300 13.2959
300 13.2959
300 13.2959
300 13.2959
301 13.3636
301 13.3636
301 13.3636
301 13.3636
302 13.4354
302 13.4354
302 13.4354
302 13.4354
303 13.5276
303 13.5276
303 13.5276
303 13.5276
304 13.6166
304 13.6166
304 13.6166
304 13.6166
305 13.7002
305 13.7002
305 13.7002
305 13.7002
306 13.7973
306 13.7973
306 13.7973
306 13.7973
307 13.8948
307 13.8948
307 13.8948
307 13.8948
308 13.9899
308 13.9899
308 13.9899
309 14.0450
309 14.0450
309 14.0450
309 14.0450
310 14.1531
310 14.1531
310 14.1531
310 14.1531
311 14.2372
311 14.2372
311 14.2372
311 14.2372
312 14.3432
312 14.3432
312 14.3432
312 14.3432
313 14.4314
313 14.4314
313 14.4314
313 14.4314
314 14.5428
314 14.5428
314 14.5428
314 14.5428
315 14.6256
315 14.6256
315 14.6256
315 14.6256
316 14.7141
316 14.7141
316 14.7141
316 14.7141
317 14.8251
317 14.8251
317 14.8251
317 14.8251
318 14.9177
318 14.9177
318 14.9177
318 14.9177
318 15.0381
318 15.0381
318 15.0381
319 15.1017
319 15.1017
319 15.1017
319 15.1017
320 15.2213
320 15.2213
320 15.2213
320 15.2213
321 15.3143
321 15.3143
321 15.3143
321 15.3143
322 15.4093
322 15.4093
322 15.4093
322 15.4093
323 15.5248
323 15.5248
323 15.5248
323 15.5248
324 15.6227
324 15.6227
324 15.6227
324 15.6227
325 15.7276
325 15.7276
325 15.7276
325 15.7276
326 15.8080
326 15.8080
326 15.8080
326 15.8080
327 15.9071
327 15.9402
327 15.9402
328 15.9912
328 15.9912
328 15.9912
328 15.9912
329 16.1095
329 16.1095
329 16.1095
329 16.1095
330 16.2094
330 16.2094
330 16.2094
330 16.2094
331 16.3098
331 16.3098
331 16.3098
331 16.3098
332 16.4110
332 16.4110
332 16.4110
332 16.4110
333 16.5301
333 16.5301
333 16.5301
333 16.5301
334 16.6386
334 16.6386
334 16.6386
334 16.6386
335 16.7362
335 16.7362
335 16.7362
335 16.7362
336 16.8373
336 16.8373
336 16.8373
336 16.8373
337 16.9569
337 16.9569
337 16.9569
337 16.9569
338 17.0597
338 17.0597
338 17.0597
338 17.0597
339 17.1629
339 17.1629
339 17.1629
339 17.1629
340 17.2629
340 17.2629
340 17.2629
340 17.2629
341 17.3841
341 17.3841
341 17.4326
342 17.4657
342 17.4657
342 17.4657
343 17.5367
343 17.5367
343 17.5367
343 17.5367
344 17.6431
344 17.6431
344 17.6431
344 17.6431
345 17.7141
345 17.7141
345 17.7141
345 17.7141
346 17.8333
346 17.8333
346 17.8333
346 17.8333
347 17.9426
347 17.9426
347 17.9426
347 17.9426
348 18.0438
348 18.0438
348 18.0438
348 18.0438
349 18.1421
349 18.1421
349 18.1421
349 18.1421
350 18.2727
350 18.2727
350 18.2727
350 18.2727
351 18.3514
351 18.3514
351 18.3514
351 18.3514
352 18.4494
352 18.4494
352 18.4494
352 18.4494
353 18.5620
353 18.5620
353 18.5620
353 18.5620
353 18.6823
353 18.6823
353 18.6823
354 18.7321
354 18.7321
354 18.7321
354 18.7321
355 18.8284
355 18.8284
355 18.8284
355 18.8284
356 18.9149
356 18.9149
356 18.9149
356 18.9149
357 19.0560
357 19.0560
357 19.0560
357 19.0560
358 19.1691
358 19.1691
358 19.1691
358 19.1691
359 19.2319
359 19.2319
359 19.2319
359 19.2319
360 19.3555
360 19.3555
360 19.3555
360 19.3555
361 19.4184
361 19.4632
361 19.4632
362 19.4951
362 19.4951
362 19.4951
362 19.4951
363 19.6077
363 19.6077
363 19.6077
363 19.6077
364 19.7170
364 19.7170
364 19.7170
364 19.7170
365 19.8259
365 19.8259
365 19.8259
365 19.8259
366 19.9541
366 19.9541
366 19.9541
366 19.9541
367 20.0340
367 20.0340
367 20.0340
367 20.0340
368 20.1736
368 20.1736
368 20.1736
368 20.1736
369 20.2858
369 20.2858
369 20.2858
369 20.2858
370 20.3943
370 20.3943
370 20.3943
370 20.3943
371 20.5306
371 20.5306
371 20.5306
371 20.5306
372 20.6448
372 20.6448
372 20.6448
372 20.6448
373 20.7766
373 20.7766
373 20.7766
373 20.7766
374 20.8349
374 20.8349
374 20.8349
374 20.8349
375 20.9537
375 20.9537
375 20.9537
375 20.9537
376 21.0765
376 21.0765
376 21.1197
377 21.1617
377 21.1617
377 21.1617
378 21.2511
378 21.2511
378 21.2511
378 21.2511
379 21.3874
379 21.3874
379 21.3874
379 21.3874
380 21.4759
380 21.4759
380 21.4759
380 21.4759
381 21.6142
381 21.6142
381 21.6142
381 21.6142
382 21.7346
382 21.7346
382 21.7346
382 21.7346
383 21.8598
383 21.8598
383 21.8598
383 21.8598
384 22.0210
384 22.0210
384 22.0210
384 22.0210
385 22.0663
385 22.0663
385 22.0663
385 22.0663
386 22.1907
386 22.1907
386 22.1907
386 22.1907
387 22.3029
387 22.3029
387 22.3029
387 22.3029
388 22.4359
388 22.4359
388 22.4359
388 22.4359
388 22.5783
388 22.5783
388 22.5783
389 22.6640
389 22.6640
389 22.6640
389 22.6640
390 22.8178
390 22.8178
390 22.8178
390 22.8178
391 22.9125
391 22.9125
391 22.9125
391 22.9125
392 23.0332
392 23.0332
392 23.0332
392 23.0332
393 23.1764
393 23.1764
393 23.1764
393 23.1764
394 23.2580
394 23.2580
394 23.2580
394 23.2580
395 23.4216
395 23.4216
395 23.4216
395 23.4216
396 23.5326
396 23.5326
396 23.5326
396 23.5326
397 23.6713
397 23.6713
397 23.6713
397 23.6713
398 23.8060
398 23.8472
398 23.8472
399 23.9121
399 23.9121
399 23.9121
399 23.9121
400 24.0132
400 24.0132
400 24.0132
400 24.0132
401 24.1430
401 24.1430
401 24.1430
401 24.1430
402 24.2572
402 24.2572
402 24.2572
402 24.2572
403 24.3747
403 24.3747
403 24.3747
403 24.3747
404 24.4996
404 24.4996
404 24.4996
404 24.4996
405 24.6363
405 24.6363
405 24.6363
405 24.6363
406 24.7632
406 24.7632
406 24.7632
406 24.7632
407 24.8468
407 24.8468
407 24.8468
407 24.8468
408 24.9786
408 24.9786
408 24.9786
408 24.9786
409 25.0949
409 25.0949
409 25.0949
409 25.0949
410 25.2446
410 25.2446
410 25.2446
410 25.2446
411 25.3886
411 25.3886
411 25.4527
412 25.4959
412 25.4959
412 25.4959
413 25.5318
413 25.5318
413 25.5318
413 25.5318
414 25.6171
414 25.6171
414 25.6171
414 25.6171
415 25.7317
415 25.7317
415 25.7317
415 25.7317
416 25.8794
416 25.8794
416 25.8794
416 25.8794
417 25.9965
417 25.9965
417 25.9965
417 25.9965
418 26.1234
418 26.1234
418 26.1234
418 26.1234
419 26.2585
419 26.2585
419 26.2585
419 26.2585
420 26.3748
420 26.3748
420 26.3748
420 26.3748
421 26.4890
421 26.4890
421 26.4890
421 26.4890
422 26.6314
422 26.6314
422 26.6314
422 26.6314
422 26.7554
422 26.7554
422 26.7554
423 26.8684
423 26.8684
423 26.8684
423 26.8684
424 27.0018
424 27.0018
424 27.0018
424 27.0018
425 27.1344
425 27.1344
425 27.1344
425 27.1344
426 27.2524
426 27.2524
426 27.2524
426 27.2524
427 27.3478
427 27.3478
427 27.3478
427 27.3478
428 27.4637
428 27.4637
428 27.4637
428 27.4637
429 27.6224
429 27.6224
429 27.6224
429 27.6224
430 27.7452
430 27.7452
430 27.7452
430 27.7452
431 27.8929
431 27.8929
431 27.8929
431 27.8929
432 28.0349
432 28.0349
432 28.0349
432 28.0349
433 28.1361
433 28.1593
433 28.1593
434 28.2344
434 28.2344
434 28.2344
434 28.2344
435 28.3784
435 28.3784
435 28.3784
435 28.3784
436 28.5135
436 28.5135
436 28.5135
436 28.5135
437 28.6502
437 28.6502
437 28.6502
437 28.6502
438 28.7750
438 28.7750
438 28.7750
438 28.7750
439 28.8587
439 28.8587
439 28.8587
439 28.8587
440 29.0092
440 29.0092
440 29.0092
440 29.0092
441 29.0794
441 29.0794
441 29.0794
441 29.0794
442 29.2259
442 29.2259
442 29.2259
442 29.2259
443 29.3234
443 29.3234
443 29.3234
443 29.3234
444 29.4360
444 29.4360
444 29.4360
444 29.4360
445 29.5310
445 29.5310
445 29.5310
445 29.5310
446 29.6620
446 29.6620
446 29.6930
447 29.7248
447 29.7248
447 29.7248
447 29.7248
448 29.8632
448 29.8632
448 29.8632
449 29.9700
449 29.9700
449 29.9700
449 29.9700
450 30.0317
450 30.0317
450 30.0317
450 30.0317
451 30.1577
451 30.1577
451 30.1577
451 30.1577
452 30.2238
452 30.2238
452 30.2238
452 30.2238
453 30.3091
453 30.3091
453 30.3091
453 30.3091
454 30.4066
454 30.4066
454 30.4066
454 30.4066
455 30.5225
455 30.5225
455 30.5225
455 30.5225
456 30.5959
456 30.5959
456 30.5959
456 30.5959
456 30.7293
456 30.7293
456 30.7293
457 30.7824
457 30.7824
457 30.7824
457 30.7824
458 30.9011
458 30.9011
458 30.9011
458 30.9011
459 31.0096
459 31.0096
459 31.0096
459 31.0096
460 31.1137
460 31.1137
460 31.1137
460 31.1137
461 31.2042
461 31.2042
461 31.2042
461 31.2042
462 31.2801
462 31.2801
462 31.2801
462 31.2801
463 31.4082
463 31.4082
463 31.4082
463 31.4082
464 31.4674
464 31.4674
464 31.4674
464 31.4674
465 31.5976
465 31.5976
465 31.5976
465 31.5976
466 31.6906
466 31.6906
466 31.6906
466 31.6906
467 31.8179
467 31.8277
467 31.8277
468 31.8640
468 31.8640
468 31.8640
468 31.8640
469 31.9611
469 31.9611
469 31.9611
469 31.9611
470 32.0794
470 32.0794
470 32.0794
470 32.0794
471 32.1765
471 32.1765
471 32.1765
471 32.1765
472 32.2895
472 32.2895
472 32.2895
472 32.2895
473 32.3479
473 32.3479
473 32.3479
473 32.3479
474 32.4564
474 32.4564
474 32.4564
474 32.4564
475 32.5743
475 32.5743
475 32.5743
475 32.5743
476 32.6755
476 32.6755
476 32.6755
476 32.6755
477 32.7595
477 32.7595
477 32.7595
477 32.7595
478 32.8762
478 32.8762
478 32.8762
478 32.8762
479 32.9697
479 32.9697
479 32.9697
479 32.9697
480 33.0721
480 33.0721
480 33.0721
480 33.0721
481 33.1977
481 33.1977
481 33.2479
482 33.2781
482 33.2781
482 33.2781
482 33.2781
483 33.3507
483 33.3507
483 33.3507
484 33.4225
484 33.4225
484 33.4225
484 33.4225
485 33.5307
485 33.5307
485 33.5307
485 33.5307
486 33.6184
486 33.6184
486 33.6184
486 33.6184
487 33.7224
487 33.7224
487 33.7224
487 33.7224
488 33.8358
488 33.8358
488 33.8358
488 33.8358
489 33.9472
489 33.9472
489 33.9472
489 33.9472
490 34.0480
490 34.0480
490 34.0480
490 34.0480
491 34.1516
491 34.1516
491 34.1516
491 34.1516
492 34.2789
492 34.2789
492 34.2789
492 34.2789
493 34.3507
493 34.3507
493 34.3507
493 34.3507
493 34.4576
493 34.4576
493 34.4576
494 34.5437
494 34.5437
494 34.5437
494 34.5437
495 34.6751
495 34.6751
495 34.6751
495 34.6751
496 34.7902
496 34.7902
496 34.7902
496 34.7902
497 34.9126
497 34.9126
497 34.9126
497 34.9126
498 35.0252
498 35.0252
498 35.0252
498 35.0252
499 35.1463
499 35.1463
499 35.1463
499 35.1463
500 35.2692
500 35.2692
500 35.2692
500 35.2692
501 35.3663
501 35.3663
501 35.3663
501 35.3663
502 35.4617
502 35.4797
502 35.4797
503 35.5560
503 35.5560
503 35.5560
503 35.5560
504 35.6674
504 35.6674
504 35.6674
504 35.6674
505 35.7706
505 35.7706
505 35.7706
505 35.7706
506 35.8971
506 35.8971
506 35.8971
506 35.8971
507 36.0133
507 36.0133
507 36.0133
507 36.0133
508 36.1027
508 36.1027
508 36.1027
508 36.1027
509 36.2300
509 36.2300
509 36.2300
509 36.2300
510 36.3385
510 36.3385
510 36.3385
510 36.3385
511 36.4491
511 36.4491
511 36.4491
511 36.4491
512 36.5474
512 36.5474
512 36.5474
512 36.5474
513 36.6543
513 36.6543
513 36.6543
513 36.6543
514 36.7596
514 36.7596
514 36.7596
514 36.7596
515 36.8791
515 36.8791
515 36.8791
515 36.8791
516 36.9742
516 36.9742
516 37.0386
517 37.0717
517 37.0717
517 37.0717
517 37.0717
518 37.1488
518 37.1488
518 37.1488
519 37.1859
519 37.1859
519 37.1859
519 37.1859
520 37.3051
520 37.3051
520 37.3051
520 37.3051
521 37.4054
521 37.4054
521 37.4054
521 37.4054
522 37.5136
522 37.5136
522 37.5136
522 37.5136
523 37.6282
523 37.6282
523 37.6282
523 37.6282
524 37.7396
524 37.7396
524 37.7396
524 37.7396
525 37.8432
525 37.8432
525 37.8432
525 37.8432
526 37.9554
526 37.9554
526 37.9554
526 37.9554
527 38.0354
527 38.0354
527 38.0354
527 38.0354
528 38.1635
528 38.1635
528 38.1635
528 38.1635
529 38.2680
529 38.2680
529 38.2680
529 38.2680
530 38.3785
530 38.3785
530 38.3785
530 38.3785
530 38.4858
530 38.4858
530 38.4858
531 38.5385
531 38.5385
531 38.5385
531 38.5385
532 38.5776
532 38.5776
532 38.5776
532 38.5776
533 38.6755
533 38.6755
533 38.6755
533 38.6755
534 38.7408
534 38.7408
534 38.7408
534 38.7408
535 38.8236
535 38.8236
535 38.8236
535 38.8236
536 38.8955
536 38.9326
536 38.9326
537 38.9620
537 38.9620
537 38.9620
537 38.9620
538 38.9954
538 38.9954
538 38.9954
538 38.9954
539 39.0856
539 39.0856
539 39.0856
539 39.0856
540 39.1545
540 39.1545
540 39.1545
540 39.1545
541 39.2423
541 39.2423
541 39.2423
541 39.2423
542 39.3116
542 39.3116
542 39.3116
542 39.3116
543 39.3977
543 39.3977
543 39.3977
543 39.3977
544 39.4728
544 39.4728
544 39.4728
544 39.4728
545 39.5413
545 39.5413
545 39.5413
545 39.5413
546 39.5862
546 39.5862
546 39.5862
546 39.5862
547 39.6711
547 39.6711
547 39.6711
547 39.6711
548 39.7372
548 39.7372
548 39.7372
548 39.7372
549 39.8192
549 39.8192
549 39.8192
549 39.8192
550 39.8857
550 39.8857
550 39.8857
550 39.8857
551 39.9546
551 39.9546
551 39.9991
552 40.0024
552 40.0024
552 40.0024
553 40.0787
553 40.0787
553 40.0787
553 40.0787
554 40.1374
554 40.1374
554 40.1374
554 40.1374
555 40.2337
555 40.2337
555 40.2337
555 40.2337
556 40.3145
556 40.3145
556 40.3145
556 40.3145
557 40.4112
557 40.4112
557 40.4112
557 40.4112
558 40.4895
558 40.4895
558 40.4895
558 40.4895
559 40.5960
559 40.5960
559 40.5960
559 40.5960
560 40.6772
560 40.6772
560 40.6772
560 40.6772
561 40.7661
561 40.7661
561 40.7661
561 40.7661
562 40.8522
562 40.8522
562 40.8522
562 40.8522
563 40.9350
563 40.9350
563 40.9350
563 40.9350
564 41.0268
564 41.0268
564 41.0268
564 41.0268
565 41.1097
565 41.1097
565 41.1097
565 41.1097
566 41.2239
566 41.2239
566 41.2239
566 41.2239
566 41.3100
566 41.3100
566 41.3100
567 41.3802
567 41.3802
567 41.3802
567 41.3802
568 41.4838
568 41.4838
568 41.4838
568 41.4838
569 41.5825
569 41.5825
569 41.5825
569 41.5825
570 41.6927
570 41.7323
570 41.7323
571 41.7763
571 41.7763
571 41.7763
571 41.7763
572 41.8751
572 41.8751
572 41.8751
572 41.8751
573 41.9869
573 41.9869
573 41.9869
573 41.9869
574 42.0681
574 42.0681
574 42.0681
574 42.0681
575 42.1631
575 42.1631
575 42.1631
575 42.1631
576 42.2533
576 42.2533
576 42.2533
576 42.2533
577 42.3622
577 42.3622
577 42.3622
577 42.3622
578 42.4744
578 42.4744
578 42.4744
578 42.4744
579 42.5781
579 42.5781
579 42.5781
579 42.5781
580 42.6797
580 42.6797
580 42.6797
580 42.6797
581 42.7976
581 42.7976
581 42.7976
581 42.7976
582 42.9130
582 42.9130
582 42.9130
582 42.9130
583 43.0093
583 43.0093
583 43.0093
583 43.0093
584 43.1076
584 43.1076
584 43.1076
584 43.1076
585 43.2096
585 43.2096
585 43.2096
585 43.2096
586 43.3284
586 43.3284
586 43.3888
587 43.4116
587 43.4116
587 43.4116
588 43.4863
588 43.4863
588 43.4863
588 43.4863
589 43.5601
589 43.5601
589 43.5601
589 43.5601
590 43.6584
590 43.6584
590 43.6584
590 43.6584
591 43.7556
591 43.7556
591 43.7556
591 43.7556
592 43.8441
592 43.8441
592 43.8441
592 43.8441
593 43.9485
593 43.9485
593 43.9485
593 43.9485
594 44.0428
594 44.0428
594 44.0428
594 44.0428
595 44.1436
595 44.1436
595 44.1436
595 44.1436
596 44.2496
596 44.2496
596 44.2496
596 44.2496
597 44.3280
597 44.3280
597 44.3280
597 44.3280
598 44.4316
598 44.4316
598 44.4316
598 44.4316
599 44.5006
599 44.5006
599 44.5006
599 44.5006
600 44.5952
600 44.5952
600 44.5952
600 44.5952
601 44.6829
601 44.6829
601 44.6829
601 44.6829
602 44.7768
602 44.7768
602 44.7768
602 44.7768
602 44.8784
602 44.8784
602 44.8784
603 44.9330
603 44.9330
603 44.9330
603 44.9330
604 45.0036
604 45.0036
604 45.0036
604 45.0036
605 45.0987
605 45.1166
605 45.1166
606 45.1566
606 45.1566
606 45.1566
606 45.1566
607 45.2770
607 45.2770
607 45.2770
607 45.2770
608 45.3590
608 45.3590
608 45.3590
608 45.3590
609 45.4663
609 45.4663
609 45.4663
609 45.4663
610 45.5271
610 45.5271
610 45.5271
610 45.5271
611 45.6328
611 45.6328
611 45.6328
611 45.6328
612 45.7164
612 45.7164
612 45.7164
612 45.7164
613 45.8217
613 45.8217
613 45.8217
613 45.8217
614 45.9004
614 45.9004
614 45.9004
614 45.9004
615 46.0130
615 46.0130
615 46.0130
615 46.0130
616 46.1105
616 46.1105
616 46.1105
616 46.1105
617 46.1628
617 46.1628
617 46.1628
617 46.1628
618 46.2582
618 46.2582
618 46.2582
618 46.2582
619 46.3378
619 46.3378
619 46.3378
619 46.3378
620 46.4296
620 46.4296
620 46.4296
620 46.4296
621 46.5030
621 46.5030
621 46.5577
622 46.5842
622 46.5842
622 46.5842
623 46.6299
623 46.6299
623 46.6299
623 46.6299
624 46.6976
624 46.6976
624 46.6976
624 46.6976
625 46.7641
625 46.7641
625 46.7641
625 46.7641
626 46.8498
626 46.8498
626 46.8498
626 46.8498
627 46.9180
627 46.9180
627 46.9180
627 46.9180
628 47.0016
628 47.0016
628 47.0016
628 47.0016
629 47.0620
629 47.0620
629 47.0620
629 47.0620
630 47.1228
630 47.1228
630 47.1228
630 47.1228
631 47.1758
631 47.1758
631 47.1758
631 47.1758
632 47.2440
632 47.2440
632 47.2440
632 47.2440
633 47.2950
633 47.2950
633 47.2950
633 47.2950
634 47.3582
634 47.3582
634 47.3582
634 47.3582
635 47.4039
635 47.4039
635 47.4039
635 47.4039
636 47.4626
636 47.4626
636 47.4626
636 47.4626
637 47.4961
637 47.4961
637 47.4961
637 47.4961
637 47.5553
637 47.5553
637 47.5553
638 47.5871
638 47.5871
638 47.5871
638 47.5871
639 47.6181
639 47.6234
639 47.6234
640 47.6483
640 47.6483
640 47.6483
640 47.6483
641 47.6821
641 47.6821
641 47.6821
641 47.6821
642 47.7119
642 47.7119
642 47.7119
642 47.7119
643 47.7397
643 47.7397
643 47.7397
643 47.7397
644 47.7678
644 47.7678
644 47.7678
644 47.7678
645 47.7948
645 47.7948
645 47.7948
645 47.7948
646 47.8205
646 47.8205
646 47.8205
646 47.8205
647 47.8470
647 47.8470
647 47.8470
647 47.8470
648 47.8731
648 47.8731
648 47.8731
648 47.8731
649 47.8992
649 47.8992
649 47.8992
649 47.8992
650 47.9253
650 47.9253
650 47.9253
650 47.9253
651 47.9514
651 47.9514
651 47.9514
651 47.9514
652 47.9775
652 47.9775
652 47.9775
652 47.9775
653 48.0036
653 48.0036
653 48.0036
653 48.0036
654 48.0298
654 48.0298
654 48.0298
654 48.0298
655 48.0559
655 48.0559
655 48.0559
655 48.0559
656 48.0820
656 48.0820
656 48.0820
657 48.0820
657 48.0820
657 48.0820
657 48.0820
658 48.1081
658 48.1081
658 48.1081
659 48.1273
659 48.1273
659 48.1273
659 48.1273
660 48.1501
660 48.1501
660 48.1501
660 48.1501
661 48.1746
661 48.1746
661 48.1746
661 48.1746
662 48.1999
662 48.1999
662 48.1999
662 48.1999
663 48.2195
663 48.2195
663 48.2195
663 48.2195
664 48.2456
664 48.2456
664 48.2456
664 48.2456
665 48.2717
665 48.2717
665 48.2717
665 48.2717
666 48.3015
666 48.3015
666 48.3015
666 48.3015
667 48.3048
667 48.3048
667 48.3048
667 48.3048
668 48.3252
668 48.3252
668 48.3252
668 48.3252
669 48.3541
669 48.3541
669 48.3541
669 48.3541
670 48.3823
670 48.3823
670 48.3823
670 48.3823
671 48.4100
671 48.4100
671 48.4100
671 48.4100
671 48.4427
671 48.4427
671 48.4427
672 48.4688
672 48.4688
672 48.4688
672 48.4688
673 48.4957
673 48.4957
673 48.4957
674 48.5230
674 48.5230
674 48.5230
674 48.5230
675 48.5565
675 48.5565
675 48.5565
675 48.5565
676 48.5912
676 48.5912
676 48.5912
676 48.5912
677 48.6075
677 48.6075
677 48.6075
677 48.6075
678 48.6393
678 48.6393
678 48.6393
678 48.6393
679 48.6736
679 48.6736
679 48.6736
679 48.6736
680 48.6968
680 48.6968
680 48.6968
680 48.6968
681 48.7319
681 48.7319
681 48.7319
681 48.7319
682 48.7601
682 48.7601
682 48.7601
682 48.7601
683 48.7866
683 48.7866
683 48.7866
683 48.7866
684 48.8180
684 48.8180
684 48.8180
684 48.8180
685 48.8535
685 48.8535
685 48.8535
685 48.8535
686 48.8923
686 48.8923
686 48.8923
686 48.8923
687 48.9094
687 48.9094
687 48.9094
687 48.9094
688 48.9474
688 48.9474
688 48.9474
688 48.9474
689 48.9873
689 48.9873
689 48.9873
689 48.9873
690 49.0204
690 49.0204
690 49.0204
690 49.0204
691 49.0494
691 49.0494
691 49.0494
692 49.0710
692 49.0710
692 49.0710
692 49.0710
693 49.1154
693 49.1154
693 49.1154
693 49.1154
694 49.1775
694 49.1775
694 49.1775
694 49.1775
695 49.1954
695 49.1954
695 49.1954
695 49.1954
696 49.2513
696 49.2513
696 49.2513
696 49.2513
697 49.3039
697 49.3039
697 49.3039
697 49.3039
698 49.3660
698 49.3660
698 49.3660
698 49.3660
699 49.4223
699 49.4223
699 49.4223
699 49.4223
700 49.4855
700 49.4855
700 49.4855
700 49.4855
701 49.5418
701 49.5418
701 49.5418
701 49.5418
702 49.5895
702 49.5895
702 49.5895
702 49.5895
703 49.6565
703 49.6565
703 49.6565
703 49.6565
704 49.7197
704 49.7197
704 49.7197
704 49.7197
705 49.7903
705 49.7903
705 49.7903
705 49.7903
706 49.8413
706 49.8413
706 49.8413
706 49.8413
707 49.9062
707 49.9062
707 49.9229
708 49.9461
708 49.9461
708 49.9461
708 49.9461
709 50.0196
709 50.0196
709 50.0196
709 50.0196
710 50.1048
710 50.1048
710 50.1048
710 50.1048
711 50.1722
711 50.1722
711 50.1722
711 50.1722
712 50.2338
712 50.2338
712 50.2338
712 50.2338
713 50.2738
713 50.2738
713 50.2738
713 50.2738
714 50.3517
714 50.3517
714 50.3517
714 50.3517
715 50.4296
715 50.4296
715 50.4296
715 50.4296
716 50.5047
716 50.5047
716 50.5047
716 50.5047
717 50.5683
717 50.5683
717 50.5683
717 50.5683
718 50.6181
718 50.6181
718 50.6181
718 50.6181
719 50.6879
719 50.6879
719 50.6879
719 50.6879
720 50.7397
720 50.7397
720 50.7397
720 50.7397
721 50.8127
721 50.8127
721 50.8127
721 50.8127
722 50.8670
722 50.8670
722 50.8670
722 50.8670
723 50.9523
723 50.9523
723 50.9523
723 50.9523
724 50.9767
724 50.9767
724 50.9767
724 50.9767
725 51.0473
725 51.0473
725 51.0473
725 51.0473
725 51.1175
725 51.1175
725 51.1175
726 51.1534
726 51.1534
726 51.1534
727 51.1942
727 51.1942
727 51.1942
727 51.1942
728 51.2428
728 51.2428
728 51.2428
728 51.2428
729 51.3260
729 51.3260
729 51.3260
729 51.3260
730 51.3578
730 51.3578
730 51.3578
730 51.3578
731 51.4415
731 51.4415
731 51.4415
731 51.4415
732 51.4904
732 51.4904
732 51.4904
732 51.4904
733 51.5630
733 51.5630
733 51.5630
733 51.5630
734 51.6030
734 51.6030
734 51.6030
734 51.6030
735 51.6475
735 51.6475
735 51.6475
735 51.6475
736 51.7160
736 51.7160
736 51.7160
736 51.7160
737 51.7797
737 51.7797
737 51.7797
737 51.7797
738 51.8319
738 51.8319
738 51.8319
738 51.8319
739 51.8850
739 51.8850
739 51.8850
739 51.8850
740 51.9670
740 51.9670
740 51.9670
740 51.9670
741 52.0192
741 52.0192
741 52.0192
741 52.0192
742 52.1040
742 52.1040
742 52.1040
742 52.1040
743 52.1522
743 52.1522
743 52.1930
744 52.2187
744 52.2187
744 52.2187
744 52.2187
745 52.2758
745 52.2758
745 52.2758
745 52.2758
746 52.3378
746 52.3378
746 52.3378
746 52.3378
747 52.3582
747 52.3582
747 52.3582
747 52.3582
748 52.4223
748 52.4223
748 52.4223
748 52.4223
749 52.4598
749 52.4598
749 52.4598
749 52.4598
750 52.5345
750 52.5586
750 52.5586
751 52.5749
751 52.5749
751 52.5749
751 52.5749
752 52.6332
752 52.6332
752 52.6332
752 52.6332
753 52.6834
753 52.6834
753 52.6834
753 52.6834
754 52.7344
754 52.7344
754 52.7344
754 52.7344
755 52.7434
755 52.7434
755 52.7434
755 52.7434
756 52.7858
756 52.7858
756 52.7858
756 52.7858
757 52.8340
757 52.8340
757 52.8340
757 52.8340
758 52.8666
758 52.8666
758 52.8666
758 52.8666
759 52.9237
759 52.9237
759 52.9237
759 52.9237
760 52.9539
760 52.9539
760 52.9539
760 52.9539
761 53.0106
761 53.0106
761 53.0106
761 53.0106
761 53.0380
761 53.0380
762 53.0380
762 53.0380
762 53.0380
762 53.0380
763 53.0657
763 53.0657
763 53.0657
763 53.0657
764 53.1028
764 53.1028
764 53.1028
764 53.1028
765 53.1391
765 53.1391
765 53.1391
765 53.1391
766 53.1710
766 53.1710
766 53.1710
766 53.1710
767 53.2212
767 53.2212
767 53.2212
767 53.2212
768 53.2648
768 53.2648
768 53.2648
768 53.2648
769 53.3068
769 53.3068
769 53.3068
769 53.3068
770 53.3529
770 53.3529
770 53.3529
770 53.3529
771 53.3994
771 53.3994
771 53.3994
771 53.3994
772 53.4402
772 53.4402
772 53.4402
772 53.4402
773 53.4864
773 53.4864
773 53.4864
773 53.4864
774 53.5263
774 53.5263
774 53.5263
774 53.5263
775 53.5651
775 53.5651
775 53.5651
775 53.5651
776 53.6006
776 53.6006
776 53.6006
776 53.6006
777 53.6345
777 53.6345
777 53.6345
777 53.6345
778 53.6773
778 53.6773
778 53.6773
778 53.6773
779 53.7099
779 53.7099
779 53.7099
779 53.7099
780 53.7430
780 53.7430
780 53.7430
780 53.7430
781 53.7756
781 53.7756
781 53.7756
781 53.7756
782 53.8083
782 53.8083
782 53.8083
782 53.8083
783 53.8491
783 53.8491
783 53.8491
783 53.8491
784 53.8793
784 53.8793
784 53.8793
784 53.8793
785 53.9111
785 53.9111
785 53.9111
785 53.9111
786 53.9433
786 53.9433
786 53.9433
786 53.9433
787 53.9760
787 53.9760
787 53.9760
787 53.9760
788 54.0168
788 54.0168
788 54.0168
788 54.0168
789 54.0469
789 54.0469
789 54.0469
789 54.0469
790 54.0788
790 54.0788
790 54.0788
790 54.0788
791 54.1110
791 54.1110
791 54.1110
791 54.1110
792 54.1436
792 54.1436
792 54.1436
792 54.1436
793 54.1844
793 54.1844
793 54.1844
793 54.1844
794 54.2146
794 54.2146
794 54.2146
794 54.2146
795 54.2465
795 54.2465
795 54.2465
795 54.2465
796 54.2787
796 54.2787
796 54.2787
796 54.2787
797 54.3113
797 54.3113
797 54.3113
797 54.3521
797 54.3521
797 54.3521
798 54.3521
798 54.3521
798 54.3521
798 54.3521
799 54.3848
799 54.3848
799 54.3848
799 54.3848
800 54.4146
800 54.4146
800 54.4146
800 54.4146
801 54.4313
801 54.4313
801 54.4313
801 54.4313
802 54.4545
802 54.4545
802 54.4545
802 54.4545
803 54.4847
803 54.4847
803 54.4847
803 54.4847
804 54.5259
804 54.5259
804 54.5259
804 54.5259
805 54.5561
805 54.5561
805 54.5561
805 54.5561
806 54.5880
806 54.5880
806 54.5880
806 54.5880
807 54.6296
807 54.6296
807 54.6296
807 54.6296
808 54.6598
808 54.6598
808 54.6598
808 54.6598
809 54.7026
809 54.7026
809 54.7026
809 54.7026
810 54.7348
810 54.7348
810 54.7348
810 54.7348
811 54.7707
811 54.7707
811 54.7707
811 54.7707
812 54.8205
812 54.8205
812 54.8205
812 54.8205
813 54.8605
813 54.8605
813 54.8605
813 54.8605
814 54.9021
814 54.9021
814 54.9021
814 54.9021
815 54.9315
815 54.9315
815 54.9315
815 54.9315
816 54.9633
816 54.9633
816 54.9633
816 54.9633
817 55.0004
817 55.0004
817 55.0004
817 55.0004
818 55.0498
818 55.0498
818 55.0498
818 55.0498
819 55.0861
819 55.0861
819 55.0861
819 55.0861
820 55.1343
820 55.1343
820 55.1343
820 55.1343
821 55.1689
821 55.1689
821 55.1689
821 55.1689
822 55.2028
822 55.2028
822 55.2028
822 55.2028
823 55.2485
823 55.2485
823 55.2485
823 55.2485
824 55.2816
824 55.2816
824 55.2816
824 55.2816
825 55.3109
825 55.3109
825 55.3109
825 55.3109
826 55.3476
826 55.3476
826 55.3476
826 55.3476
827 55.3701
827 55.3701
827 55.3701
827 55.3701
828 55.4064
828 55.4064
828 55.4064
828 55.4064
829 55.4158
829 55.4158
829 55.4158
829 55.4158
830 55.4411
830 55.4411
830 55.4411
830 55.4411
831 55.4762
831 55.4762
831 55.4762
831 55.4762
832 55.5039
832 55.5039
832 55.5039
832 55.5039
833 55.5374
833 55.5374
833 55.5374
833 55.5374
833 55.5696
833 55.5696
833 55.5696
834 55.5892
834 55.5892
834 55.5892
834 55.5892
835 55.6177
835 55.6177
835 55.6177
835 55.6177
836 55.6434
836 55.6434
836 55.6434
836 55.6434
837 55.6655
837 55.6655
837 55.6655
837 55.6655
838 55.6908
838 55.6908
838 55.6908
838 55.6908
839 55.7193
839 55.7193
839 55.7193
839 55.7193
840 55.7454
840 55.7454
840 55.7454
840 55.7454
841 55.7785
841 55.7785
841 55.7785
841 55.7785
842 55.8038
842 55.8038
842 55.8038
842 55.8038
843 55.8291
843 55.8291
843 55.8291
843 55.8291
844 55.8532
844 55.8532
844 55.8532
844 55.8532
845 55.8776
845 55.8776
845 55.8776
845 55.8776
846 55.8989
846 55.8989
846 55.8989
846 55.8989
847 55.9315
847 55.9315
847 55.9348
848 55.9515
848 55.9515
848 55.9515
848 55.9515
849 55.9707
849 55.9707
849 55.9707
849 55.9707
850 55.9919
850 55.9919
850 55.9919
850 55.9919
851 56.0102
851 56.0102
851 56.0102
851 56.0102
852 56.0421
852 56.0421
852 56.0421
852 56.0421
853 56.0612
853 56.0612
853 56.0612
853 56.0612
854 56.0772
854 56.0772
854 56.0772
854 56.0772
855 56.0939
855 56.0939
855 56.0939
855 56.0939
856 56.1090
856 56.1090
856 56.1090
856 56.1090
857 56.1396
857 56.1396
857 56.1396
857 56.1396
858 56.1547
858 56.1547
858 56.1547
858 56.1547
859 56.1685
859 56.1685
859 56.1685
859 56.1685
860 56.1828
860 56.1828
860 56.1828
860 56.1828
861 56.1967
861 56.1967
861 56.1967
861 56.1967
862 56.2261
862 56.2261
862 56.2261
863 56.2269
863 56.2269
863 56.2269
863 56.2269
864 56.2408
864 56.2408
864 56.2408
864 56.2408
865 56.2599
865 56.2599
865 56.2599
865 56.2599
866 56.2738
866 56.2738
866 56.2738
867 56.3056
867 56.3056
867 56.3056
867 56.3056
868 56.3191
868 56.3191
868 56.3191
868 56.3191
868 56.3513
868 56.3513
868 56.3513
869 56.3730
869 56.3730
869 56.3730
869 56.3730
870 56.3868
870 56.3868
870 56.3868
870 56.3868
871 56.4203
871 56.4203
871 56.4203
871 56.4203
872 56.4346
872 56.4346
872 56.4346
872 56.4346
873 56.4692
873 56.4692
873 56.4692
873 56.4692
874 56.5076
874 56.5076
874 56.5076
874 56.5076
875 56.5104
875 56.5104
875 56.5104
875 56.5104
876 56.5472
876 56.5472
876 56.5472
876 56.5472
877 56.5623
877 56.5623
877 56.5623
877 56.5623
878 56.5957
878 56.5957
878 56.5957
878 56.5957
879 56.6112
879 56.6112
879 56.6112
879 56.6112
880 56.6345
880 56.6345
880 56.6345
880 56.6345
881 56.6720
881 56.6720
881 56.6720
881 56.6720
882 56.6871
882 56.6871
882 56.6871
882 56.6871
883 56.7218
883 56.7218
883 56.7218
884 56.7361
884 56.7361
884 56.7361
884 56.7361
885 56.7589
885 56.7589
885 56.7589
885 56.7589
886 56.7740
886 56.7740
886 56.7740
886 56.7740
887 56.8087
887 56.8087
887 56.8087
887 56.8087
888 56.8458
888 56.8458
888 56.8458
888 56.8458
889 56.8605
889 56.8605
889 56.8605
889 56.8605
890 56.8952
890 56.8952
890 56.8952
890 56.8952
891 56.8952
891 56.8952
891 56.8952
891 56.8952
892 56.9323
892 56.9323
892 56.9323
892 56.9323
893 56.9474
893 56.9474
893 56.9474
893 56.9474
894 56.9825
894 56.9825
894 56.9825
894 56.9825
895 57.0188
895 57.0188
895 57.0188
895 57.0188
896 57.0188
896 57.0188
896 57.0188
896 57.0188
897 57.0494
897 57.0494
897 57.0494
897 57.0494
898 57.0572
898 57.0572
898 57.0572
898 57.0572
899 57.0792
899 57.0792
899 57.0792
900 57.0792
900 57.0792
900 57.0792
900 57.0792
901 57.1012
901 57.1012
901 57.1012
901 57.1012
902 57.1265
902 57.1265
902 57.1265
902 57.1265
903 57.1518
903 57.1518
903 57.1518
903 57.1518
904 57.1779
904 57.1779
904 57.1779
904 57.1779
905 57.2073
905 57.2073
905 57.2073
905 57.2073
906 57.2342
906 57.2342
906 57.2342
906 57.2342
907 57.2612
907 57.2612
907 57.2612
907 57.2612
908 57.2918
908 57.2918
908 57.2918
908 57.2918
908 57.2918
908 57.2918
908 57.2918
909 57.3191
909 57.3191
909 57.3191
909 57.3191
910 57.3493
910 57.3493
910 57.3493
910 57.3493
911 57.3766
911 57.3766
911 57.3766
911 57.3766
912 57.4040
912 57.4040
912 57.4040
912 57.4040
913 57.4346
913 57.4346
913 57.4346
913 57.4346
914 57.4623
914 57.4623
914 57.4623
914 57.4623
915 57.4909
915 57.4909
915 57.4909
915 57.4909
916 57.5215
916 57.5215
916 57.5215
916 57.5215
917 57.5496
917 57.5496
917 57.5496
917 57.5496
918 57.5786
918 57.5786
918 57.5786
918 57.5786
919 57.6092
919 57.6092
919 57.6092
919 57.6092
920 57.6378
920 57.6378
920 57.6378
920 57.6378
921 57.6671
921 57.6671
921 57.6671
921 57.6671
922 57.6981
922 57.6981
922 57.6981
923 57.7267
923 57.7267
923 57.7267
923 57.7267
924 57.7565
924 57.7565
924 57.7565
924 57.7565
925 57.7879
925 57.7879
925 57.7879
925 57.7879
926 57.7879
926 57.7879
926 57.7879
926 57.7879
927 57.8165
927 57.8165
927 57.8165
927 57.8165
928 57.8483
928 57.8483
928 57.8483
928 57.8483
929 57.8772
929 57.8772
929 57.8772
929 57.8772
930 57.9087
930 57.9087
930 57.9087
930 57.9087
931 57.9425
931 57.9425
931 57.9425
931 57.9425
932 57.9731
932 57.9731
932 57.9731
932 57.9731
933 58.0058
933 58.0058
933 58.0058
933 58.0058
934 58.0409
934 58.0409
934 58.0409
934 58.0409
935 58.0727
935 58.0727
935 58.0727
936 58.0764
936 58.0764
936 58.0764
936 58.0764
937 58.1110
937 58.1110
937 58.1110
937 58.1110
938 58.1494
938 58.1494
938 58.1494
938 58.1494
939 58.1832
939 58.1832
939 58.1832
939 58.1832
940 58.2224
940 58.2224
940 58.2224
940 58.2224
941 58.2281
941 58.2281
941 58.2281
941 58.2281
942 58.2681
942 58.2681
942 58.2681
942 58.2681
943 58.3044
943 58.3044
943 58.3044
943 58.3044
944 58.3424
944 58.3424
944 58.3424
944 58.3424
945 58.3844
945 58.3844
945 58.3844
945 58.3844
946 58.4223
946 58.4223
946 58.4223
946 58.4223
947 58.4656
947 58.4656
947 58.4656
947 58.4656
948 58.5043
948 58.5043
948 58.5043
948 58.5043
949 58.5464
949 58.5464
949 58.5464
949 58.5464
950 58.5745
950 58.5745
950 58.5745
950 58.5745
951 58.5847
951 58.5847
951 58.5847
951 58.5847
952 58.6239
952 58.6239
952 58.6239
952 58.6239
953 58.6622
953 58.6622
953 58.6622
953 58.6622
954 58.6998
954 58.6998
954 58.6998
954 58.6998
955 58.7381
955 58.7381
955 58.7381
955 58.7381
956 58.7712
956 58.7712
956 58.7712
956 58.7712
957 58.8091
957 58.8091
957 58.8091
957 58.8091
958 58.8487
958 58.8487
958 58.8487
958 58.8487
959 58.8850
959 58.8850
959 58.8850
959 58.8850
960 58.9230
960 58.9230
960 58.9230
960 58.9230
961 58.9409
961 58.9409
961 58.9409
961 58.9409
962 58.9723
962 58.9723
962 58.9723
962 58.9723
963 59.0078
963 59.0078
963 59.0078
963 59.0078
964 59.0458
964 59.0458
964 59.0458
964 59.0458
965 59.0849
965 59.0849
965 59.0849
965 59.0849
965 59.1204
965 59.1204
965 59.1204
966 59.1461
966 59.1461
966 59.1461
966 59.1461
967 59.1820
967 59.1820
967 59.1820
967 59.1820
968 59.2302
968 59.2302
968 59.2302
968 59.2302
969 59.2869
969 59.2869
969 59.2869
969 59.2869
970 59.3183
970 59.3183
970 59.3183
970 59.3183
971 59.3681
971 59.3681
971 59.3681
972 59.4093
972 59.4093
972 59.4093
972 59.4093
973 59.4717
973 59.4717
973 59.4717
973 59.4717
974 59.5288
974 59.5288
974 59.5288
974 59.5288
975 59.5880
975 59.5880
975 59.5880
975 59.5880
976 59.6582
976 59.6753
976 59.6753
977 59.7161
977 59.7161
977 59.7161
977 59.7161
978 59.7883
978 59.7883
978 59.7883
978 59.7883
979 59.8614
979 59.8614
979 59.8614
979 59.8614
980 59.9201
980 59.9201
980 59.9201
980 59.9201
981 59.9829
981 59.9829
981 59.9829
981 59.9829
982 60.0458
982 60.0458
982 60.0458
982 60.0458
983 60.1347
983 60.1347
983 60.1347
983 60.1347
984 60.1935
984 60.1935
984 60.1935
984 60.1935
985 60.2575
985 60.2575
985 60.2575
985 60.2575
986 60.3354
986 60.3354
986 60.3354
986 60.3354
987 60.3934
987 60.3934
987 60.3934
987 60.3934
988 60.4525
988 60.4525
988 60.4525
988 60.4525
989 60.5129
989 60.5129
989 60.5129
989 60.5129
990 60.5713
990 60.5713
990 60.5713
990 60.5713
991 60.6357
991 60.6357
991 60.6357
991 60.6357
992 60.7010
992 60.7010
992 60.7010
992 60.7010
993 60.7953
993 60.7953
993 60.7953
993 60.7953
994 60.8536
994 60.8536
994 60.8536
994 60.8536
995 60.9185
995 60.9185
995 60.9185
995 60.9185
996 61.0013
996 61.0013
996 61.0013
996 61.0013
997 61.0735
997 61.0735
997 61.0735
997 61.0735
998 61.1392
998 61.1392
998 61.1392
998 61.1392
999 61.2029
999 61.2029
999 61.2029
999 61.2029
1000 61.2816
1000 61.2816
1000 61.2816
1000 61.2816
1000 61.3338
1000 61.3338
1000 61.3338
1001 61.3771
1001 61.3771
1001 61.3954
1002 61.4138
1002 61.4138
1002 61.4138
1002 61.4138
1003 61.4815
1003 61.4815
1003 61.4815
1003 61.4815
1004 61.5170
1004 61.5170
1004 61.5170
1004 61.5170
1005 61.5852
1005 61.5852
1005 61.5852
1005 61.5852
1006 61.6321
1006 61.6321
1006 61.6321
1007 61.6814
1007 61.6814
1007 61.6814
1007 61.6814
1008 61.7524
1008 61.7524
1008 61.7524
1008 61.7524
1009 61.7822
1009 61.7822
1009 61.7822
1009 61.7822
1010 61.8434
1010 61.8434
1010 61.8434
1010 61.8434
1011 61.8887
1011 61.8887
1011 61.8887
1011 61.8887
1012 61.9495
1012 61.9495
1012 61.9495
1012 61.9495
1013 62.0131
1013 62.0131
1013 62.0131
1013 62.0131
1014 62.0344
1014 62.0344
1014 62.0344
1014 62.0344
1015 62.0935
1015 62.0935
1015 62.0935
1015 62.0935
1016 62.1527
1016 62.1527
1016 62.1527
1016 62.1527
1017 62.1865
1017 62.1865
1017 62.1865
1017 62.1865
1018 62.2208
1018 62.2208
1018 62.2208
1018 62.2208
1019 62.2620
1019 62.2620
1019 62.2620
1019 62.2620
1020 62.3187
1020 62.3187
1020 62.3187
1020 62.3187
1021 62.3775
1021 62.3775
1021 62.3775
1021 62.3775
1022 62.4203
1022 62.4203
1022 62.4203
1022 62.4203
1023 62.4570
1023 62.4570
1023 62.4570
1023 62.4570
1024 62.5138
1024 62.5138
1024 62.5138
1024 62.5138
1025 62.5574
1025 62.5574
1025 62.5574
1025 62.5574
1026 62.6170
1026 62.6170
1026 62.6170
1026 62.6170
1027 62.6615
1027 62.6615
1027 62.6615
1027 62.6615
1028 62.6998
1028 62.6998
1028 62.6998
1028 62.6998
1029 62.7488
1029 62.7488
1029 62.7488
1029 62.7488
1030 62.7904
1030 62.7904
1030 62.7904
1030 62.7904
1031 62.8500
1031 62.8500
1031 62.8500
1031 62.8500
1032 62.8948
1032 62.8948
1032 62.8948
1032 62.8948
1033 62.9336
1033 62.9336
1033 62.9336
1033 62.9336
1034 62.9928
1034 62.9928
1034 62.9928
1034 62.9928
1034 63.0372
1034 63.0372
1034 63.0372
1035 63.0805
1035 63.0805
1035 63.0805
1035 63.0805
1036 63.1217
1036 63.1217
1036 63.1217
1036 63.1217
1037 63.1633
1037 63.1633
1037 63.1633
1037 63.1633
1038 63.2416
1038 63.2416
1038 63.2608
1039 63.2608
1039 63.2608
1039 63.2608
1039 63.2608
1040 63.3041
1040 63.3041
1040 63.3041
1040 63.3041
1041 63.3469
1041 63.3469
1041 63.3469
1041 63.3469
1042 63.4248
1042 63.4248
1042 63.4248
1043 63.4689
1043 63.4689
1043 63.4689
1043 63.4689
1044 63.5130
1044 63.5130
1044 63.5130
1044 63.5130
1045 63.5570
1045 63.5570
1045 63.5570
1045 63.5570
1046 63.6182
1046 63.6182
1046 63.6182
1046 63.6182
1047 63.6782
1047 63.6782
1047 63.6782
1047 63.6782
1048 63.7227
1048 63.7227
1048 63.7227
1048 63.7227
1049 63.7671
1049 63.7671
1049 63.7671
1049 63.7671
1050 63.8296
1050 63.8296
1050 63.8296
1050 63.8296
1051 63.8487
1051 63.8487
1051 63.8487
1051 63.8487
1052 63.8928
1052 63.8928
1052 63.8928
1052 63.8928
1053 63.9389
1053 63.9389
1053 63.9389
1053 63.9389
1054 63.9854
1054 63.9854
1054 63.9854
1054 63.9854
1055 64.0503
1055 64.0503
1055 64.0503
1055 64.0503
1056 64.1143
1056 64.1143
1056 64.1143
1056 64.1143
1057 64.1629
1057 64.1629
1057 64.1629
1057 64.1629
1058 64.2135
1058 64.2135
1058 64.2135
1058 64.2135
1059 64.2804
1059 64.2804
1059 64.2804
1059 64.2804
1060 64.3334
1060 64.3334
1060 64.3334
1060 64.3334
1061 64.3999
1061 64.3999
1061 64.3999
1061 64.3999
1062 64.4522
1062 64.4522
1062 64.4522
1062 64.4522
1063 64.5244
1063 64.5244
1063 64.5244
1063 64.5244
1064 64.5778
1064 64.5778
1064 64.5778
1064 64.5778
1065 64.6301
1065 64.6301
1065 64.6301
1065 64.6301
1066 64.6994
1066 64.6994
1066 64.6994
1066 64.6994
1067 64.7708
1067 64.7708
1067 64.7708
1067 64.7708
1068 64.8316
1068 64.8316
1068 64.8316
1068 64.8316
1069 64.8875
1069 64.8875
1069 64.8875
1069 64.8875
1069 64.9503
1069 64.9503
1070 64.9981
1070 64.9981
1070 64.9981
1070 64.9981
1071 65.0556
1071 65.0556
1071 65.0556
1071 65.0556
1072 65.1209
1072 65.1209
1072 65.1209
1072 65.1209
1073 65.1792
1073 65.1792
1073 65.1792
1073 65.1792
1074 65.2620
1074 65.2620
1074 65.2869
1075 65.2955
1075 65.2955
1075 65.2955
1075 65.2955
1076 65.3469
1076 65.3469
1076 65.3469
1076 65.3469
1077 65.4338
1077 65.4338
1077 65.4338
1077 65.4338
1078 65.4946
1078 65.4946
1078 65.4946
1078 65.4946
1079 65.5399
1079 65.5399
1079 65.5399
1079 65.5399
1080 65.6178
1080 65.6178
1080 65.6178
1080 65.6178
1081 65.6802
1081 65.6802
1081 65.6802
1081 65.6802
1082 65.7716
1082 65.7716
1082 65.7716
1082 65.7716
1083 65.8365
1083 65.8365
1083 65.8365
1083 65.8365
1084 65.9328
1084 65.9328
1084 65.9328
1084 65.9328
1085 66.0009
1085 66.0009
1085 66.0009
1085 66.0009
1086 66.0825
1086 66.0825
1086 66.0825
1086 66.0825
1087 66.1348
1087 66.1348
1087 66.1348
1088 66.2021
1088 66.2021
1088 66.2021
1088 66.2021
1089 66.2531
1089 66.2531
1089 66.2531
1089 66.2531
1090 66.3359
1090 66.3359
1090 66.3359
1090 66.3359
1091 66.3836
1091 66.3836
1091 66.3836
1091 66.3836
1092 66.4579
1092 66.4579
1092 66.4579
1092 66.4579
1093 66.5028
1093 66.5028
1093 66.5028
1093 66.5028
1094 66.5770
1094 66.5770
1094 66.5770
1094 66.5770
1095 66.5987
1095 66.5987
1095 66.5987
1095 66.5987
1096 66.6590
1096 66.6590
1096 66.6590
1096 66.6590
1097 66.7202
1097 66.7202
1097 66.7202
1097 66.7202
1098 66.7774
1098 66.7774
1098 66.7774
1098 66.7774
1099 66.8394
1099 66.8394
1099 66.8394
1099 66.8394
1100 66.8961
1100 66.8961
1100 66.8961
1100 66.8961
1101 66.9475
1101 66.9475
1101 66.9475
1101 66.9475
1102 67.0038
1102 67.0038
1102 67.0038
1102 67.0038
1103 67.0356
1103 67.0356
1103 67.0356
1103 67.0356
1103 67.0940
1103 67.0940
1103 67.0940
1104 67.1535
1104 67.1535
1104 67.1535
1104 67.1535
1105 67.2151
1105 67.2151
1105 67.2151
1105 67.2151
1106 67.2857
1106 67.2857
1106 67.2857
1106 67.2857
1107 67.3624
1107 67.3624
1107 67.3624
1107 67.3624
1108 67.4151
1108 67.4151
1108 67.4151
1108 67.4151
1109 67.4726
1109 67.4726
1109 67.4726
1109 67.4726
1110 67.5167
1110 67.5167
1110 67.5305
1111 67.5464
1111 67.5464
1111 67.5464
1111 67.5464
1112 67.5970
1112 67.5970
1112 67.5970
1112 67.5970
1113 67.6558
1113 67.6558
1113 67.6558
1113 67.6558
1114 67.7064
1114 67.7064
1114 67.7064
1114 67.7064
1115 67.7692
1115 67.7692
1115 67.7692
1115 67.7692
1116 67.8194
1116 67.8194
1116 67.8194
1116 67.8194
1117 67.8806
1117 67.8806
1117 67.8806
1117 67.8806
1118 67.9304
1118 67.9304
1118 67.9304
1118 67.9304
1119 67.9659
1119 67.9834
1119 67.9834
1120 68.0136
1120 68.0136
1120 68.0136
1120 68.0136
1121 68.0662
1121 68.0662
1121 68.0662
1121 68.0662
1122 68.1160
1122 68.1160
1122 68.1160
1122 68.1160
1123 68.1654
1123 68.1654
1123 68.1654
1124 68.2147
1124 68.2147
1124 68.2147
1124 68.2147
1125 68.2649
1125 68.2649
1125 68.2649
1125 68.2649
1126 68.3245
1126 68.3245
1126 68.3245
1126 68.3245
1127 68.3494
1127 68.3494
1127 68.3494
1127 68.3494
1128 68.4036
1128 68.4036
1128 68.4036
1128 68.4036
1129 68.4551
1129 68.4551
1129 68.4551
1129 68.4551
1130 68.5101
1130 68.5101
1130 68.5101
1130 68.5101
1131 68.5607
1131 68.5607
1131 68.5607
1131 68.5607
1132 68.6117
1132 68.6117
1132 68.6117
1132 68.6117
1133 68.6627
1133 68.6627
1133 68.6627
1133 68.6627
1134 68.7125
1134 68.7125
1134 68.7125
1134 68.7125
1135 68.7602
1135 68.7602
1135 68.7602
1135 68.7602
1136 68.7880
1136 68.7880
1136 68.7880
1136 68.7880
1137 68.8284
1137 68.8284
1137 68.8284
1137 68.8284
1138 68.8749
1138 68.8749
1138 68.8749
1138 68.8749
1139 68.9218
1139 68.9218
1139 68.9218
1139 68.9218
1139 68.9671
1139 68.9671
1139 68.9671
1140 68.9985
1140 68.9985
1140 68.9985
1140 68.9985
1141 69.0577
1141 69.0577
1141 69.0577
1141 69.0577
1142 69.1038
1142 69.1038
1142 69.1038
1142 69.1038
1143 69.1201
1143 69.1201
1143 69.1201
1143 69.1201
1144 69.1658
1144 69.1658
1144 69.1658
1144 69.1658
1145 69.2094
1145 69.2094
1145 69.2250
1146 69.2250
1146 69.2250
1146 69.2250
1146 69.2250
1147 69.2711
1147 69.2711
1147 69.2711
1147 69.2711
1148 69.2959
1148 69.2959
1148 69.2959
1148 69.2959
1149 69.3384
1149 69.3384
1149 69.3384
1149 69.3384
1150 69.3780
1150 69.3780
1150 69.3780
1150 69.3780
1151 69.4024
1151 69.4024
1151 69.4024
1151 69.4024
1152 69.4449
1152 69.4449
1152 69.4449
1152 69.4449
1153 69.5012
1153 69.5012
1153 69.5012
1153 69.5012
1154 69.5212
1154 69.5212
1154 69.5212
1154 69.5212
1155 69.5538
1155 69.5538
1155 69.5538
1155 69.5538
1156 69.5726
1156 69.5726
1156 69.5726
1156 69.5726
1157 69.6044
1157 69.6044
1157 69.6044
1158 69.6374
1158 69.6374
1158 69.6374
1158 69.6374
1159 69.6550
1159 69.6550
1159 69.6550
1159 69.6550
1160 69.6852
1160 69.6852
1160 69.6852
1160 69.6852
1161 69.7019
1161 69.7019
1161 69.7019
1161 69.7019
1162 69.7296
1162 69.7296
1162 69.7296
1162 69.7296
1163 69.7590
1163 69.7590
1163 69.7590
1163 69.7590
1164 69.7904
1164 69.7904
1164 69.7904
1164 69.7904
1165 69.8206
1165 69.8206
1165 69.8206
1165 69.8206
1166 69.8500
1166 69.8500
1166 69.8500
1166 69.8500
1167 69.8667
1167 69.8667
1167 69.8667
1167 69.8667
1168 69.8920
1168 69.8920
1168 69.8920
1168 69.8920
1169 69.9075
1169 69.9075
1169 69.9075
1169 69.9075
1170 69.9345
1170 69.9345
1170 69.9345
1170 69.9345
1171 69.9618
1171 69.9618
1171 69.9618
1171 69.9618
1172 69.9785
1172 69.9785
1172 69.9785
1172 69.9785
1173 70.0030
1173 70.0030
1173 70.0030
1173 70.0030
1174 70.0197
1174 70.0197
1174 70.0197
1174 70.0197
1175 70.0471
1175 70.0471
1175 70.0471
1175 70.0471
1176 70.0907
1176 70.0907
1176 70.0907
1176 70.0907
1177 70.1087
1177 70.1087
1177 70.1087
1177 70.1087
1178 70.1315
1178 70.1487
1178 70.1487
1179 70.1487
1179 70.1487
1179 70.1487
1179 70.1487
1180 70.1740
1180 70.1740
1180 70.1740
1180 70.1740
1181 70.1997
1181 70.1997
1181 70.2172
1181 70.2172
1181 70.2172
1181 70.2172
1182 70.2294
1182 70.2294
1182 70.2294
1182 70.2294
1183 70.2670
1183 70.2670
1183 70.2670
1183 70.2670
1184 70.3033
1184 70.3033
1184 70.3033
1184 70.3033
1185 70.3425
1185 70.3425
1185 70.3425
1185 70.3425
1186 70.3890
1186 70.3890
1186 70.3890
1186 70.3890
1187 70.4457
1187 70.4457
1187 70.4457
1187 70.4457
1188 70.4975
1188 70.4975
1188 70.4975
1188 70.4975
1189 70.5391
1189 70.5391
1189 70.5391
1189 70.5391
1190 70.5738
1190 70.5738
1190 70.5738
1190 70.5738
1191 70.6248
1191 70.6248
1191 70.6248
1191 70.6248
1192 70.6680
1192 70.6680
1192 70.6680
1192 70.6680
1193 70.7292
1193 70.7292
1193 70.7292
1193 70.7292
1194 70.7925
1194 70.7925
1194 70.7925
1194 70.7925
1195 70.8574
1195 70.8574
1195 70.8574
1195 70.8574
1196 70.9071
1196 70.9071
1196 70.9071
1196 70.9071
1197 70.9720
1197 70.9720
1197 70.9720
1197 70.9720
1198 71.0369
1198 71.0369
1198 71.0369
1198 71.0369
1199 71.0875
1199 71.0875
1199 71.0875
1199 71.0875
1200 71.1699
1200 71.1699
1200 71.1699
1200 71.1699
1201 71.2054
1201 71.2054
1201 71.2054
1201 71.2054
1202 71.2290
1202 71.2290
1202 71.2290
1202 71.2290
1203 71.3139
1203 71.3139
1203 71.3139
1203 71.3139
1204 71.3661
1204 71.3661
1204 71.3661
1204 71.3661
1205 71.4339
1205 71.4339
1205 71.4339
1205 71.4339
1206 71.5057
1206 71.5057
1206 71.5057
1206 71.5057
1207 71.5591
1207 71.5591
1207 71.5591
1207 71.5591
1208 71.6268
1208 71.6268
1208 71.6268
1208 71.6268
1209 71.6995
1209 71.6995
1209 71.6995
1209 71.6995
1210 71.7688
1210 71.7688
1210 71.7688
1210 71.7688
1211 71.8435
1211 71.8435
1211 71.8435
1211 71.8435
1212 71.8986
1212 71.8986
1212 71.8986
1213 71.9679
1213 71.9679
1213 71.9679
1213 71.9679
1214 72.0426
1214 72.0426
1214 72.0426
1214 72.0426
1215 72.0708
1215 72.0708
1215 72.0708
1215 72.0708
1216 72.1426
1216 72.1426
1216 72.1426
1216 72.1426
1217 72.2021
1217 72.2021
1217 72.2021
1217 72.2021
1217 72.2748
1217 72.2850
1218 72.2850
1218 72.2850
1218 72.2850
1218 72.2850
1219 72.3433
1219 72.3433
1219 72.3433
1219 72.3433
1220 72.4204
1220 72.4204
1220 72.4204
1220 72.4204
1221 72.4934
1221 72.4934
1221 72.4934
1221 72.4934
1222 72.5620
1222 72.5620
1222 72.5620
1222 72.5620
1223 72.6203
1223 72.6203
1223 72.6203
1223 72.6203
1224 72.7138
1224 72.7138
1224 72.7138
1224 72.7138
1225 72.7750
1225 72.7750
1225 72.7750
1225 72.7750
1226 72.8362
1226 72.8362
1226 72.8362
1226 72.8362
1227 72.9084
1227 72.9084
1227 72.9084
1227 72.9084
1228 72.9696
1228 72.9696
1228 72.9696
1228 72.9696
1229 73.0512
1229 73.0512
1229 73.0512
1229 73.0512
1230 73.1136
1230 73.1136
1230 73.1136
1230 73.1136
1231 73.2050
1231 73.2050
1231 73.2050
1232 73.2270
1232 73.2270
1232 73.2270
1232 73.2270
1233 73.3123
1233 73.3123
1233 73.3123
1233 73.3123
1234 73.3906
1234 73.3906
1234 73.3906
1234 73.3906
1235 73.4580
1235 73.4580
1235 73.4580
1235 73.4580
1236 73.5404
1236 73.5404
1236 73.5404
1236 73.5404
1237 73.5971
1237 73.5971
1237 73.5971
1237 73.5971
1238 73.6832
1238 73.6832
1238 73.6832
1238 73.6832
1239 73.7395
1239 73.7395
1239 73.7395
1239 73.7395
1240 73.8362
1240 73.8362
1240 73.8362
1240 73.8362
1241 73.9047
1241 73.9047
1241 73.9047
1241 73.9047
1242 73.9720
1242 73.9720
1242 73.9720
1242 73.9720
1243 74.0704
1243 74.0704
1243 74.0704
1243 74.0704
1244 74.1389
1244 74.1389
1244 74.1389
1244 74.1389
1245 74.2262
1245 74.2262
1245 74.2262
1245 74.2262
1246 74.3078
1246 74.3078
1246 74.3078
1246 74.3078
1247 74.3625
1247 74.3625
1247 74.3625
1247 74.3625
1248 74.4278
1248 74.4278
1248 74.4278
1248 74.4278
1249 74.5277
1249 74.5277
1249 74.5277
1249 74.5277
1250 74.5987
1250 74.5987
1250 74.5987
1250 74.5987
1251 74.6399
1251 74.6399
1251 74.6399
1251 74.6399
1252 74.7268
1252 74.7268
1252 74.7268
1252 74.7268
1253 74.8109
1253 74.8109
1253 74.8109
1253 74.8109
1253 74.8990
1253 74.9133
1254 74.9133
1254 74.9133
1254 74.9133
1254 74.9133
1255 74.9712
1255 74.9712
1255 74.9712
1255 74.9712
1256 75.0585
1256 75.0585
1256 75.0585
1256 75.0585
1257 75.1050
1257 75.1050
1257 75.1050
1257 75.1050
1258 75.1936
1258 75.1936
1258 75.1936
1258 75.1936
1259 75.2527
1259 75.2527
1259 75.2527
1259 75.2527
1260 75.3339
1260 75.3339
1260 75.3339
1260 75.3339
1261 75.3996
1261 75.3996
1261 75.3996
1261 75.3996
1262 75.4812
1262 75.4812
1262 75.4812
1262 75.4812
1263 75.5281
1263 75.5281
1263 75.5281
1263 75.5281
1264 75.5865
1264 75.5865
1264 75.5865
1264 75.5865
1265 75.6444
1265 75.6444
1265 75.6444
1265 75.6444
1266 75.7268
1266 75.7268
1266 75.7268
1266 75.7268
1267 75.7897
1267 75.7897
1267 75.7897
1268 75.8541
1268 75.8541
1268 75.8541
1268 75.8541
1269 75.9219
1269 75.9219
1269 75.9219
1269 75.9219
1270 75.9937
1270 75.9937
1270 75.9937
1270 75.9937
1271 76.0247
1271 76.0247
1271 76.0247
1271 76.0247
1272 76.0936
1272 76.0936
1272 76.0936
1272 76.0936
1273 76.1516
1273 76.1516
1273 76.1516
1273 76.1516
1274 76.2209
1274 76.2209
1274 76.2209
1274 76.2209
1275 76.2772
1275 76.2772
1275 76.2772
1275 76.2772
1276 76.3470
1276 76.3470
1276 76.3470
1276 76.3470
1277 76.4033
1277 76.4033
1277 76.4033
1277 76.4033
1278 76.4731
1278 76.4731
1278 76.4731
1278 76.4731
1279 76.5004
1279 76.5004
1279 76.5004
1279 76.5004
1280 76.5734
1280 76.5734
1280 76.5734
1280 76.5734
1281 76.6310
1281 76.6310
1281 76.6310
1281 76.6310
1282 76.7024
1282 76.7024
1282 76.7024
1282 76.7024
1283 76.7611
1283 76.7611
1283 76.7611
1283 76.7611
1284 76.8333
1284 76.8333
1284 76.8333
1284 76.8333
1285 76.8929
1285 76.8929
1285 76.8929
1285 76.8929
1286 76.9451
1286 76.9451
1286 76.9451
1286 76.9451
1287 76.9978
1287 76.9978
1287 76.9978
1287 76.9978
1288 77.0708
1288 77.0708
1288 77.0708
1288 77.0708
1289 77.1308
1289 77.1308
1289 77.1308
1289 77.1308
1289 77.2042
1289 77.2042
1289 77.2042
1290 77.2650
1290 77.2650
1291 77.2650
1291 77.2650
1291 77.2650
1291 77.2650
1292 77.3478
1292 77.3478
1292 77.3478
1292 77.3478
1293 77.4184
1293 77.4184
1293 77.4184
1293 77.4184
1294 77.4600
1294 77.4600
1294 77.4600
1294 77.4600
1295 77.5224
1295 77.5224
1295 77.5224
1295 77.5224
1296 77.5951
1296 77.5951
1296 77.5951
1296 77.5951
1297 77.6465
1297 77.6465
1297 77.6465
1297 77.6465
1298 77.7322
1298 77.7322
1298 77.7322
1298 77.7322
1299 77.7864
1299 77.7864
1299 77.7864
1299 77.7864
1300 77.8578
1300 77.8578
1300 77.8578
1300 77.8578
1301 77.9349
1301 77.9349
1301 77.9349
1301 77.9349
1302 77.9839
1302 77.9900
1302 77.9900
1303 78.0541
1303 78.0541
1303 78.0541
1303 78.0541
1304 78.1124
1304 78.1124
1304 78.1124
1304 78.1124
1305 78.1842
1305 78.1842
1305 78.1842
1305 78.1842
1306 78.2646
1306 78.2646
1306 78.2646
1306 78.2646
1307 78.3380
1307 78.3380
1307 78.3380
1307 78.3380
1308 78.4098
1308 78.4098
1308 78.4098
1308 78.4098
1309 78.5061
1309 78.5061
1309 78.5061
1309 78.5061
1310 78.5139
1310 78.5139
1310 78.5139
1310 78.5139
1311 78.6138
1311 78.6138
1311 78.6138
1311 78.6138
1312 78.6771
1312 78.6771
1312 78.6771
1312 78.6771
1313 78.7730
1313 78.7730
1313 78.7730
1313 78.7730
1314 78.8570
1314 78.8570
1314 78.8570
1314 78.8570
1315 78.9109
1315 78.9109
1315 78.9109
1315 78.9109
1316 78.9978
1316 78.9978
1316 78.9978
1316 78.9978
1317 79.0757
1317 79.0757
1317 79.0757
1317 79.0757
1318 79.1602
1318 79.1602
1318 79.1602
1318 79.1602
1319 79.2218
1319 79.2218
1319 79.2218
1319 79.2218
1320 79.2805
1320 79.2805
1320 79.2805
1320 79.2805
1321 79.3760
1321 79.3760
1321 79.3760
1321 79.3760
1322 79.4641
1322 79.4641
1322 79.4641
1322 79.4641
1323 79.5359
1323 79.5359
1323 79.5359
1323 79.5359
1324 79.6098
1324 79.6098
1324 79.6098
1324 79.6098
1325 79.6767
1325 79.6767
1325 79.6767
1325 79.6767
1326 79.7771
1326 79.7771
1326 79.7771
1326 79.7771
1327 79.8366
1327 79.8366
1328 79.8448
1328 79.8448
1328 79.8448
1328 79.8448
1329 79.9288
1329 79.9288
1329 79.9288
1329 79.9288
1329 79.9990
1329 79.9990
1329 79.9990
1330 80.0700
1330 80.0700
1330 80.0700
1330 80.0700
1331 80.1398
1331 80.1398
1331 80.1398
1331 80.1398
1332 80.2242
1332 80.2242
1332 80.2242
1332 80.2242
1333 80.2695
1333 80.2695
1333 80.2695
1333 80.2695
1334 80.3532
1334 80.3532
1334 80.3532
1334 80.3532
1335 80.3948
1335 80.3948
1335 80.3948
1335 80.3948
1336 80.4760
1336 80.4760
1336 80.4760
1336 80.4760
1337 80.5453
1337 80.5453
1337 80.5453
1337 80.5453
1338 80.6306
1338 80.6306
1338 80.6306
1338 80.6306
1339 80.7048
1339 80.7048
1339 80.7048
1339 80.7048
1340 80.7893
1340 80.7893
1340 80.7893
1340 80.7893
1341 80.8623
1341 80.8623
1341 80.8623
1341 80.8623
1342 80.9501
1342 80.9501
1342 80.9501
1342 80.9501
1343 81.0223
1343 81.0223
1343 81.0223
1343 81.0223
1344 81.0651
1344 81.0651
1344 81.0651
1344 81.0651
1345 81.1532
1345 81.1532
1345 81.1532
1345 81.1532
1346 81.2291
1346 81.2291
1346 81.2291
1346 81.2291
1347 81.3152
1347 81.3152
1347 81.3152
1347 81.3152
1348 81.3891
1348 81.3891
1348 81.3891
1348 81.3891
1349 81.4776
1349 81.4776
1349 81.4776
1349 81.4776
1350 81.5510
1350 81.5510
1350 81.5510
1350 81.5510
1351 81.6379
1351 81.6379
1351 81.6379
1351 81.6379
1352 81.6547
1352 81.6547
1352 81.6547
1352 81.6547
1353 81.7440
1353 81.7440
1353 81.7440
1353 81.7440
1354 81.8179
1354 81.8179
1354 81.8179
1354 81.8179
1355 81.9068
1355 81.9068
1355 81.9068
1355 81.9068
1356 81.9811
1356 81.9811
1356 81.9811
1356 81.9811
1357 82.0684
1357 82.0684
1357 82.0684
1357 82.0684
1358 82.1443
1358 82.1443
1358 82.1443
1358 82.1443
1359 82.2320
1359 82.2320
1359 82.2320
1359 82.2320
1360 82.2765
1360 82.2765
1360 82.2765
1360 82.2765
1361 82.3683
1361 82.3683
1361 82.3683
1361 82.3683
1362 82.4429
1362 82.4429
1362 82.4601
1363 82.4874
1363 82.4874
1363 82.4874
1364 82.5478
1364 82.5478
1364 82.5478
1364 82.5478
1365 82.6245
1365 82.6245
1365 82.6245
1365 82.6245
1365 82.7134
1365 82.7134
1365 82.7134
1366 82.7714
1366 82.7714
1366 82.7714
1366 82.7714
1367 82.8611
1367 82.8611
1367 82.8611
1367 82.8611
1368 82.9076
1368 82.9076
1368 82.9076
1368 82.9076
1369 82.9986
1369 82.9986
1369 82.9986
1369 82.9986
1370 83.0455
1370 83.0455
1370 83.0455
1370 83.0455
1371 83.1235
1371 83.1235
1371 83.1235
1371 83.1235
1372 83.2108
1372 83.2108
1372 83.2108
1372 83.2108
1373 83.2879
1373 83.2879
1373 83.2879
1373 83.2879
1374 83.3789
1374 83.3789
1374 83.3789
1374 83.3789
1375 83.4548
1375 83.4548
1375 83.4548
1375 83.4548
1376 83.5245
1376 83.5245
1376 83.5245
1376 83.5245
1377 83.5963
1377 83.5963
1377 83.5963
1377 83.5963
1378 83.6853
1378 83.6853
1378 83.6853
1378 83.6853
1379 83.7628
1379 83.7628
1379 83.7628
1379 83.7628
1380 83.8554
1380 83.8554
1380 83.8554
1380 83.8554
1381 83.9317
1381 83.9317
1381 83.9317
1381 83.9317
1382 84.0227
1382 84.0227
1382 84.0227
1382 84.0227
1383 84.1035
1383 84.1035
1383 84.1035
1383 84.1035
1384 84.1728
1384 84.1728
1384 84.1728
1384 84.1728
1385 84.2442
1385 84.2442
1385 84.2442
1385 84.2442
1386 84.3389
1386 84.3389
1386 84.3389
1386 84.3389
1387 84.4152
1387 84.4152
1387 84.4152
1387 84.4152
1388 84.4756
1388 84.4927
1388 84.4927
1389 84.5580
1389 84.5580
1389 84.5580
1389 84.5580
1390 84.6478
1390 84.6478
1390 84.6478
1390 84.6478
1391 84.7265
1391 84.7265
1391 84.7265
1391 84.7265
1392 84.8028
1392 84.8028
1392 84.8028
1392 84.8028
1393 84.8734
1393 84.8734
1393 84.8734
1393 84.8734
1394 84.9664
1394 84.9664
1394 84.9664
1394 84.9664
1395 85.0529
1395 85.0529
1395 85.0529
1395 85.0529
1396 85.1333
1396 85.1333
1396 85.1333
1396 85.1333
1397 85.2243
1397 85.2243
1397 85.2243
1397 85.2243
1398 85.3022
1398 85.3022
1398 85.3246
1399 85.3434
1399 85.3434
1399 85.3434
1400 85.3883
1400 85.3883
1400 85.3883
1400 85.3883
1401 85.4711
1401 85.4711
1401 85.4711
1401 85.4711
1401 85.5229
1401 85.5229
1401 85.5229
1402 85.6041
1402 85.6041
1402 85.6041
1402 85.6041
1403 85.6918
1403 85.6918
1403 85.6918
1403 85.6918
1404 85.7604
1404 85.7604
1404 85.7604
1404 85.7604
1405 85.8497
1405 85.8497
1405 85.8497
1405 85.8497
1406 85.9073
1406 85.9073
1406 85.9073
1406 85.9073
1407 85.9999
1407 85.9999
1407 85.9999
1407 85.9999
1408 86.1104
1408 86.1104
1408 86.1104
1408 86.1104
1409 86.1843
1409 86.1843
1409 86.1843
1409 86.1843
1410 86.2781
1410 86.2781
1410 86.2781
1410 86.2781
1411 86.3393
1411 86.3393
1411 86.3393
1411 86.3393
1412 86.4446
1412 86.4446
1412 86.4446
1412 86.4446
1413 86.5507
1413 86.5507
1413 86.5507
1413 86.5507
1414 86.6245
1414 86.6245
1414 86.6245
1414 86.6245
1415 86.7090
1415 86.7090
1415 86.7090
1415 86.7090
1416 86.8175
1416 86.8175
1416 86.8175
1416 86.8175
1417 86.8950
1417 86.8950
1417 86.8950
1417 86.8950
1418 87.0003
1418 87.0003
1418 87.0003
1418 87.0003
1419 87.0750
1419 87.0750
1419 87.0750
1419 87.0750
1420 87.1741
1420 87.1741
1420 87.1741
1420 87.1741
1421 87.2736
1421 87.2736
1421 87.2736
1421 87.2736
1422 87.3512
1422 87.3512
1422 87.3512
1422 87.3512
1423 87.4483
1423 87.4483
1423 87.4483
1423 87.4483
1424 87.5478
1424 87.5478
1424 87.5478
1424 87.5478
1425 87.6339
1425 87.6339
1425 87.6339
1425 87.6339
1426 87.7335
1426 87.7335
1426 87.7335
1426 87.7335
1427 87.8110
1427 87.8110
1427 87.8110
1427 87.8110
1428 87.9228
1428 87.9228
1428 87.9228
1428 87.9228
1429 88.0305
1429 88.0305
1429 88.0305
1429 88.0305
1430 88.0966
1430 88.0966
1430 88.0966
1430 88.0966
1431 88.1957
1431 88.1957
1431 88.1957
1431 88.1957
1432 88.2900
1432 88.2900
1432 88.2900
1432 88.2900
1433 88.3871
1433 88.3871
1433 88.3871
1433 88.3871
1434 88.4891
1434 88.4891
1434 88.5062
1435 88.5156
1435 88.5156
1435 88.5156
1435 88.5156
1436 88.5964
1436 88.5964
1436 88.5964
1437 88.6780
1437 88.6780
1437 88.6780
1437 88.6780
1437 88.7478
1437 88.7478
1437 88.7478
1438 88.8375
1438 88.8546
1438 88.8546
1439 88.8885
1439 88.8885
1439 88.8885
1439 88.8885
1440 89.0125
1440 89.0125
1440 89.0125
1440 89.0125
1441 89.0778
1441 89.0778
1441 89.0778
1441 89.0778
1442 89.2059
1442 89.2059
1442 89.2059
1442 89.2059
1443 89.2520
1443 89.2520
1443 89.2520
1443 89.2520
1444 89.3614
1444 89.3614
1444 89.3614
1444 89.3614
1445 89.4540
1445 89.4540
1445 89.4540
1445 89.4540
1446 89.5609
1446 89.5609
1446 89.5609
1446 89.5609
1447 89.6551
1447 89.6551
1447 89.6551
1447 89.6551
1448 89.7510
1448 89.7510
1448 89.7510
1448 89.7510
1449 89.7943
1449 89.7943
1449 89.7943
1449 89.7943
1450 89.8934
1450 89.8934
1450 89.8934
1450 89.8934
1451 89.9595
1451 89.9595
1451 89.9595
1451 89.9595
1452 90.0513
1452 90.0513
1452 90.0513
1452 90.0513
1453 90.1260
1453 90.1260
1453 90.1260
1453 90.1260
1454 90.2186
1454 90.2186
1454 90.2186
1454 90.2186
1455 90.2859
1455 90.2859
1455 90.2859
1455 90.2859
1456 90.3618
1456 90.3618
1456 90.3618
1456 90.3618
1457 90.4479
1457 90.4479
1457 90.4479
1457 90.4479
1458 90.5193
1458 90.5193
1458 90.5193
1458 90.5193
1459 90.6054
1459 90.6054
1459 90.6054
1459 90.6054
1460 90.6682
1460 90.6682
1460 90.6682
1460 90.6682
1461 90.7123
1461 90.7123
1461 90.7123
1461 90.7123
1462 90.7971
1462 90.7971
1462 90.7971
1462 90.7971
1463 90.8596
1463 90.8596
1463 90.8596
1463 90.8596
1464 90.9456
1464 90.9456
1464 90.9456
1464 90.9456
1465 91.0109
1465 91.0109
1465 91.0109
1465 91.0109
1466 91.0778
1466 91.0778
1466 91.0778
1466 91.0778
1467 91.1566
1467 91.1566
1467 91.1566
1467 91.1566
1468 91.2198
1468 91.2198
1468 91.2198
1468 91.2198
1469 91.3010
1469 91.3010
1469 91.3010
1469 91.3010
1470 91.3659
1470 91.3659
1470 91.4120
1471 91.4157
1471 91.4157
1471 91.4157
1471 91.4157
1472 91.5066
1472 91.5066
1472 91.5066
1472 91.5066
1473 91.5393
1473 91.5393
1473 91.5393
1473 91.6107
1473 91.6107
1474 91.6401
1474 91.6401
1474 91.6401
1474 91.6401
1475 91.7115
1475 91.7115
1475 91.7115
1475 91.7115
1476 91.7837
1476 91.7837
1476 91.7837
1476 91.7837
1477 91.8563
1477 91.8563
1477 91.8563
1477 91.8563
1478 91.9371
1478 91.9371
1478 91.9371
1478 91.9371
1479 92.0077
1479 92.0077
1479 92.0077
1479 92.0077
1480 92.0672
1480 92.0672
1480 92.0672
1480 92.0672
1481 92.1309
1481 92.1309
1481 92.1309
1481 92.1309
1482 92.1949
1482 92.1949
1482 92.1949
1482 92.1949
1483 92.2643
1483 92.2643
1483 92.2643
1483 92.2643
1484 92.3271
1484 92.3271
1484 92.3271
1484 92.3271
1485 92.3794
1485 92.3794
1485 92.3794
1485 92.3794
1486 92.4124
1486 92.4124
1486 92.4124
1486 92.4124
1487 92.4728
1487 92.4728
1487 92.4728
1487 92.4728
1488 92.5405
1488 92.5405
1488 92.5405
1488 92.5405
1489 92.6009
1489 92.6009
1489 92.6009
1489 92.6009
1490 92.6515
1490 92.6515
1490 92.6515
1490 92.6515
1491 92.7078
1491 92.7078
1491 92.7078
1491 92.7078
1492 92.7686
1492 92.7686
1492 92.7686
1492 92.7686
1493 92.8184
1493 92.8184
1493 92.8184
1493 92.8184
1494 92.8555
1494 92.8555
1494 92.8555
1494 92.8555
1495 92.8983
1495 92.8983
1495 92.8983
1495 92.8983
1496 92.9391
1496 92.9391
1496 92.9391
1496 92.9391
1497 92.9852
1497 92.9852
1497 92.9852
1497 92.9852
1498 93.0244
1498 93.0244
1498 93.0244
1498 93.0244
1499 93.0428
1499 93.0428
1499 93.0428
1499 93.0428
1500 93.0726
1500 93.0726
1500 93.0726
1500 93.0726
1501 93.1121
1501 93.1121
1501 93.1121
1501 93.1121
1502 93.1407
1502 93.1407
1502 93.1407
1502 93.1407
1503 93.1725
1503 93.1725
1503 93.1725
1503 93.1725
1504 93.1925
1504 93.1925
1504 93.1925
1504 93.1925
1505 93.2109
1505 93.2109
1505 93.2109
1505 93.2109
1506 93.2288
1506 93.2288
1506 93.2353
1507 93.2390
1507 93.2390
1507 93.2390
1507 93.2390
1508 93.2537
1508 93.2537
1508 93.2537
1508 93.2537
1509 93.2590
1509 93.2602
1509 93.2602
1509 93.2602
1509 93.2602
1510 93.2655
1510 93.2655
1510 93.2655
1510 93.2655
1511 93.2802
1511 93.2802
1511 93.2802
1511 93.2802
1512 93.3010
1512 93.3010
1512 93.3010
1512 93.3010
1513 93.3214
1513 93.3214
1513 93.3214
1513 93.3214
1514 93.3484
1514 93.3484
1514 93.3484
1514 93.3484
1515 93.3802
1515 93.3802
1515 93.3802
1515 93.3802
1516 93.4120
1516 93.4120
1516 93.4120
1516 93.4120
1517 93.4451
1517 93.4451
1517 93.4451
1517 93.4451
1518 93.4810
1518 93.4810
1518 93.4810
1518 93.4810
1519 93.5001
1519 93.5001
1519 93.5001
1519 93.5001
1520 93.5364
1520 93.5364
1520 93.5364
1520 93.5364
1521 93.5691
1521 93.5691
1521 93.5691
1521 93.5691
1522 93.6030
1522 93.6030
1522 93.6030
1522 93.6030
1523 93.6405
1523 93.6405
1523 93.6405
1523 93.6405
1524 93.6735
1524 93.6735
1524 93.6735
1524 93.6735
1525 93.6739
1525 93.6739
1525 93.6739
1525 93.6739
1526 93.7074
1526 93.7074
1526 93.7074
1526 93.7074
1527 93.7388
1527 93.7388
1527 93.7388
1527 93.7388
1528 93.7719
1528 93.7719
1528 93.7719
1528 93.7719
1529 93.8025
1529 93.8025
1529 93.8025
1529 93.8025
1530 93.8408
1530 93.8408
1530 93.8408
1530 93.8408
1531 93.8726
1531 93.8726
1531 93.8726
1531 93.8726
1532 93.8906
1532 93.8906
1532 93.8906
1532 93.8906
1533 93.9269
1533 93.9269
1533 93.9269
1533 93.9269
1534 93.9591
1534 93.9591
1534 93.9591
1534 93.9591
1535 93.9873
1535 93.9873
1535 93.9873
1535 93.9873
1536 94.0252
1536 94.0252
1536 94.0252
1536 94.0252
1537 94.0534
1537 94.0534
1537 94.0534
1537 94.0534
1538 94.0697
1538 94.0697
1538 94.0697
1538 94.0697
1539 94.0901
1539 94.0901
1539 94.0901
1539 94.0901
1540 94.1076
1540 94.1076
1540 94.1076
1540 94.1076
1541 94.1407
1541 94.1407
1541 94.1619
1542 94.1709
1542 94.1709
1542 94.1709
1542 94.1709
1543 94.1982
1543 94.1982
1543 94.1982
1543 94.1982
1544 94.2072
1544 94.2072
1544 94.2072
1545 94.2198
1545 94.2198
1545 94.2198
1545 94.2198
1545 94.2378
1545 94.2378
1545 94.2378
1546 94.2586
1546 94.2586
1546 94.2586
1546 94.2586
1547 94.2978
1547 94.3072
1547 94.3072
1548 94.3214
1548 94.3214
1548 94.3214
1548 94.3214
1549 94.3704
1549 94.3704
1549 94.3704
1549 94.3704
1550 94.4185
1550 94.4185
1550 94.4185
1550 94.4185
1551 94.4536
1551 94.4536
1551 94.4536
1551 94.4536
1552 94.5120
1552 94.5120
1552 94.5120
1552 94.5120
1553 94.5450
1553 94.5450
1553 94.5450
1553 94.5450
1554 94.5797
1554 94.5797
1554 94.5797
1554 94.5797
1555 94.6299
1555 94.6299
1555 94.6299
1555 94.6299
1556 94.6662
1556 94.6662
1556 94.6662
1556 94.6662
1557 94.7205
1557 94.7205
1557 94.7205
1557 94.7205
1558 94.7706
1558 94.7706
1558 94.7706
1558 94.7706
1559 94.8196
1559 94.8196
1559 94.8196
1559 94.8196
1560 94.8706
1560 94.8706
1560 94.8706
1560 94.8706
1561 94.9147
1561 94.9147
1561 94.9147
1561 94.9147
1562 94.9644
1562 94.9644
1562 94.9644
1562 94.9644
1563 95.0167
1563 95.0167
1563 95.0167
1563 95.0167
1564 95.0746
1564 95.0746
1564 95.0746
1564 95.0746
1565 95.1126
1565 95.1126
1565 95.1126
1565 95.1126
1566 95.1497
1566 95.1497
1566 95.1497
1566 95.1497
1567 95.1970
1567 95.1970
1567 95.1970
1567 95.1970
1568 95.2590
1568 95.2590
1568 95.2590
1568 95.2590
1569 95.2945
1569 95.2945
1569 95.2945
1569 95.2945
1570 95.3341
1570 95.3341
1570 95.3341
1570 95.3341
1571 95.3871
1571 95.3871
1571 95.3871
1571 95.3871
1572 95.4504
1572 95.4504
1572 95.4504
1572 95.4504
1573 95.4904
1573 95.4904
1573 95.4904
1573 95.4904
1574 95.5605
1574 95.5605
1574 95.5605
1574 95.5605
1575 95.6013
1575 95.6013
1575 95.6013
1575 95.6013
1576 95.6654
1576 95.6654
1576 95.6654
1576 95.6654
1577 95.7229
1577 95.7229
1577 95.7229
1577 95.7229
1578 95.7462
1578 95.7462
1578 95.7462
1579 95.7976
1579 95.7976
1579 95.7976
1579 95.7976
1580 95.8486
1580 95.8486
1580 95.8486
1580 95.8486
1581 95.8780
1581 95.8780
1581 95.8780
1581 95.8780
1581 95.9396
1581 95.9396
1581 95.9396
1582 95.9857
1582 95.9857
1582 95.9857
1582 95.9857
1583 96.0497
1583 96.0681
1583 96.0681
1584 96.0913
1584 96.0913
1584 96.0913
1584 96.0913
1585 96.1166
1585 96.1166
1585 96.1166
1585 96.1166
1586 96.1921
1586 96.1921
1586 96.1921
1586 96.1921
1587 96.2370
1587 96.2370
1587 96.2370
1587 96.2370
1588 96.2941
1588 96.2941
1588 96.2941
1588 96.2941
1589 96.3353
1589 96.3353
1589 96.3353
1589 96.3353
1590 96.3986
1590 96.3986
1590 96.3986
1590 96.3986
1591 96.4528
1591 96.4528
1591 96.4528
1591 96.4528
1592 96.5132
1592 96.5132
1592 96.5132
1592 96.5132
1593 96.5479
1593 96.5479
1593 96.5479
1593 96.5479
1594 96.6124
1594 96.6124
1594 96.6124
1594 96.6124
1595 96.6625
1595 96.6625
1595 96.6625
1595 96.6625
1596 96.7213
1596 96.7213
1596 96.7213
1596 96.7213
1597 96.7629
1597 96.7629
1597 96.7629
1597 96.7629
1598 96.7992
1598 96.7992
1598 96.7992
1598 96.7992
1599 96.8172
1599 96.8172
1599 96.8172
1599 96.8172
1600 96.8563
1600 96.8563
1600 96.8563
1600 96.8563
1601 96.8596
1601 96.8596
1601 96.8596
1601 96.8596
1602 96.8984
1602 96.8984
1602 96.8984
1602 96.8984
1603 96.9106
1603 96.9106
1603 96.9106
1603 96.9106
1604 96.9371
1604 96.9371
1604 96.9412
1605 96.9416
1605 96.9416
1605 96.9416
1605 96.9416
1606 96.9583
1606 96.9583
1606 96.9583
1606 96.9583
1607 96.9751
1607 96.9751
1607 96.9751
1607 96.9751
1608 96.9828
1608 96.9828
1608 96.9828
1608 96.9828
1609 97.0057
1609 97.0057
1609 97.0057
1609 97.0057
1610 97.0057
1610 97.0057
1610 97.0057
1610 97.0057
1611 97.0293
1611 97.0293
1611 97.0293
1611 97.0293
1612 97.0346
1612 97.0346
1612 97.0346
1612 97.0346
1613 97.0518
1613 97.0518
1613 97.0518
1614 97.0550
1614 97.0550
1614 97.0550
1614 97.0550
1615 97.0718
1615 97.0718
1615 97.0718
1615 97.0718
1615 97.0816
1615 97.0816
1615 97.0816
1616 97.1020
1616 97.1020
1616 97.1020
1616 97.1020
1617 97.1195
1617 97.1195
1617 97.1195
1617 97.1195
1618 97.1383
1618 97.1383
1618 97.1383
1618 97.1383
1619 97.1587
1619 97.1587
1619 97.1587
1620 97.1587
1620 97.1587
1620 97.1587
1620 97.1587
1621 97.1815
1621 97.1815
1621 97.1815
1621 97.1815
1622 97.2019
1622 97.2019
1622 97.2019
1622 97.2019
1623 97.2329
1623 97.2329
1623 97.2329
1623 97.2329
1624 97.2578
1624 97.2578
1624 97.2578
1624 97.2578
1625 97.2815
1625 97.2815
1625 97.2815
1625 97.2815
1626 97.2958
1626 97.2958
1626 97.2958
1626 97.2958
1627 97.3198
1627 97.3198
1627 97.3198
1627 97.3198
1628 97.3537
1628 97.3537
1628 97.3537
1628 97.3537
1629 97.3680
1629 97.3680
1629 97.3680
1629 97.3680
1630 97.4006
1630 97.4006
1630 97.4006
1630 97.4006
1631 97.4047
1631 97.4047
1631 97.4047
1631 97.4047
1632 97.4349
1632 97.4349
1632 97.4349
1632 97.4349
1633 97.4610
1633 97.4610
1633 97.4610
1633 97.4610
1634 97.4781
1634 97.4781
1634 97.4781
1634 97.4781
1635 97.5047
1635 97.5047
1635 97.5047
1635 97.5047
1636 97.5234
1636 97.5234
1636 97.5234
1636 97.5234
1637 97.5312
1637 97.5312
1637 97.5312
1637 97.5312
1638 97.5471
1638 97.5471
1638 97.5471
1638 97.5471
1639 97.5675
1639 97.5675
1639 97.5675
1639 97.5675
1640 97.5891
1640 97.5891
1640 97.5891
1640 97.5891
1641 97.6046
1641 97.6046
1641 97.6046
1641 97.6046
1642 97.6234
1642 97.6234
1642 97.6234
1642 97.6234
1643 97.6238
1643 97.6238
1643 97.6238
1643 97.6238
1644 97.6417
1644 97.6417
1644 97.6417
1644 97.6417
1645 97.6552
1645 97.6552
1645 97.6552
1645 97.6552
1646 97.6728
1646 97.6728
1646 97.6728
1646 97.6728
1647 97.6895
1647 97.6895
1647 97.6895
1647 97.6895
1648 97.7034
1648 97.7034
1648 97.7034
1648 97.7034
1649 97.7066
1649 97.7066
1649 97.7066
1649 97.7066
1650 97.7197
1650 97.7197
1650 97.7197
1651 97.7197
1651 97.7197
1651 97.7197
1651 97.7197
1652 97.7360
1652 97.7360
1652 97.7360
1652 97.7360
1652 97.7499
1652 97.7499
1652 97.7499
1653 97.7658
1653 97.7658
1653 97.7658
1653 97.7658
1654 97.7658
1654 97.7658
1654 97.7658
1655 97.7809
1655 97.7809
1655 97.7809
1656 97.7960
1656 97.7960
1656 97.7960
1656 97.7960
1657 97.8098
1657 97.8098
1657 97.8098
1657 97.8098
1658 97.8245
1658 97.8245
1658 97.8245
1658 97.8245
1659 97.8388
1659 97.8388
1659 97.8388
1659 97.8388
1660 97.8408
1660 97.8408
1660 97.8408
1660 97.8408
1661 97.8535
1661 97.8535
1661 97.8535
1661 97.8535
1662 97.8674
1662 97.8674
1662 97.8674
1662 97.8674
1663 97.8812
1663 97.8812
1663 97.8812
1663 97.8812
1664 97.8955
1664 97.8955
1664 97.8955
1664 97.8955
1665 97.9086
1665 97.9086
1665 97.9086
1665 97.9086
1666 97.9086
1666 97.9086
1666 97.9086
1666 97.9086
1667 97.9216
1667 97.9216
1667 97.9216
1667 97.9216
1668 97.9363
1668 97.9363
1668 97.9363
1668 97.9363
1669 97.9490
1669 97.9490
1669 97.9490
1669 97.9490
1670 97.9612
1670 97.9612
1670 97.9612
1670 97.9612
1671 97.9612
1671 97.9612
1671 97.9612
1671 97.9612
1672 97.9730
1672 97.9730
1672 97.9730
1672 97.9730
1673 97.9877
1673 97.9877
1673 97.9877
1673 97.9877
1674 97.9992
1674 97.9992
1674 97.9992
1674 97.9992
1675 98.0138
1675 98.0138
1675 98.0138
1675 98.0138
1676 98.0249
1676 98.0249
1676 98.0249
1676 98.0249
1677 98.0253
1677 98.0253
1677 98.0253
1677 98.0253
1678 98.0351
1678 98.0351
1678 98.0351
1678 98.0351
1679 98.0448
1679 98.0448
1679 98.0448
1679 98.0448
1680 98.0599
1680 98.0599
1680 98.0599
1680 98.0599
1681 98.0693
1681 98.0693
1681 98.0693
1681 98.0693
1682 98.0844
1682 98.0844
1682 98.0844
1682 98.0844
1683 98.0848
1683 98.0848
1683 98.0848
1683 98.0848
1684 98.0905
1684 98.0905
1684 98.0905
1684 98.0905
1685 98.1020
1685 98.1020
1685 98.1020
1686 98.1020
1686 98.1020
1686 98.1020
1686 98.1020
1687 98.1167
1687 98.1167
1687 98.1167
1687 98.1167
1688 98.1318
1688 98.1318
1688 98.1318
1688 98.1318
1689 98.1546
1689 98.1546
1689 98.1546
1689 98.1546
1690 98.1701
1690 98.1701
1690 98.1701
1690 98.1701
1691 98.1860
1691 98.1860
1691 98.1860
1691 98.1860
1692 98.2019
1692 98.2019
1692 98.2019
1692 98.2019
1693 98.2256
1693 98.2256
1693 98.2256
1693 98.2256
1694 98.2419
1694 98.2419
1694 98.2419
1694 98.2419
1695 98.2582
1695 98.2582
1695 98.2582
1695 98.2582
1696 98.2750
1696 98.2750
1696 98.2750
1696 98.2750
1697 98.2998
1697 98.2998
1697 98.2998
1697 98.2998
1698 98.3170
1698 98.3170
1698 98.3170
1698 98.3170
1699 98.3341
1699 98.3341
1699 98.3341
1699 98.3341
1700 98.3513
1700 98.3513
1700 98.3513
1700 98.3513
1701 98.3778
1701 98.3778
1701 98.3778
1701 98.3778
1702 98.3778
1702 98.3778
1702 98.3778
1702 98.3778
1703 98.3953
1703 98.3953
1703 98.3953
1703 98.3953
1704 98.4133
1704 98.4133
1704 98.4133
1704 98.4133
1705 98.4406
1705 98.4406
1705 98.4406
1705 98.4406
1706 98.4590
1706 98.4590
1706 98.4590
1706 98.4590
1707 98.4773
1707 98.4773
1707 98.4773
1707 98.4773
1708 98.4961
1708 98.4961
1708 98.4961
1708 98.4961
1709 98.5242
1709 98.5242
1709 98.5242
1709 98.5242
1710 98.5434
1710 98.5434
1710 98.5434
1710 98.5434
1711 98.5626
1711 98.5626
1711 98.5626
1711 98.5626
1712 98.5818
1712 98.5818
1712 98.5818
1712 98.5818
1713 98.6116
1713 98.6116
1713 98.6116
1713 98.6116
1714 98.6311
1714 98.6311
1714 98.6311
1714 98.6311
1715 98.6511
1715 98.6511
1715 98.6511
1715 98.6511
1716 98.6711
1716 98.6711
1716 98.6711
1716 98.6711
1717 98.7025
1717 98.7025
1717 98.7025
1717 98.7025
1718 98.7229
1718 98.7229
1718 98.7229
1718 98.7229
1719 98.7433
1719 98.7433
1719 98.7433
1719 98.7433
1720 98.7637
1720 98.7637
1720 98.7637
1721 98.7637
1721 98.7637
1721 98.7637
1721 98.7637
1722 98.7768
1722 98.7768
1722 98.7768
1722 98.7768
1723 98.7890
1723 98.7890
1723 98.7890
1723 98.7890
1724 98.8192
1724 98.8192
1724 98.8192
1724 98.8192
1725 98.8311
1725 98.8311
1725 98.8311
1725 98.8311
1726 98.8425
1726 98.8425
1726 98.8425
1726 98.8425
1727 98.8535
1727 98.8535
1727 98.8535
1727 98.8535
1728 98.8641
1728 98.8641
1728 98.8641
1728 98.8641
1729 98.8743
1729 98.8743
1729 98.8743
1729 98.8743
1730 98.9004
1730 98.9004
1730 98.9004
1730 98.9004
1731 98.9102
1731 98.9102
1731 98.9102
1731 98.9102
1732 98.9196
1732 98.9196
1732 98.9196
1732 98.9196
1733 98.9290
1733 98.9290
1733 98.9290
1733 98.9290
1734 98.9380
1734 98.9380
1734 98.9380
1734 98.9380
1735 98.9620
1735 98.9620
1735 98.9620
1735 98.9620
1736 98.9706
1736 98.9706
1736 98.9706
1736 98.9706
1737 98.9788
1737 98.9788
1737 98.9788
1737 98.9788
1738 98.9865
1738 98.9865
1738 98.9865
1738 98.9865
1739 98.9943
1739 98.9943
1739 98.9943
1739 98.9943
1740 99.0167
1740 99.0167
1740 99.0167
1740 99.0167
1741 99.0240
1741 99.0240
1741 99.0240
1741 99.0240
1742 99.0314
1742 99.0314
1742 99.0314
1742 99.0314
1743 99.0383
1743 99.0383
1743 99.0383
1743 99.0383
1744 99.0449
1744 99.0449
1744 99.0449
1744 99.0449
1745 99.0657
1745 99.0657
1745 99.0657
1745 99.0657
1746 99.0722
1746 99.0722
1746 99.0722
1746 99.0722
1747 99.0783
1747 99.0783
1747 99.0783
1747 99.0783
1748 99.0844
1748 99.0844
1748 99.0844
1748 99.0844
1749 99.0910
1749 99.0910
1749 99.0910
1749 99.0910
1750 99.1130
1750 99.1130
1750 99.1130
1750 99.1130
1751 99.1224
1751 99.1224
1751 99.1224
1751 99.1224
1752 99.1326
1752 99.1326
1752 99.1326
1752 99.1326
1753 99.1432
1753 99.1432
1753 99.1432
1753 99.1432
1754 99.1554
1754 99.1554
1754 99.1554
1754 99.1554
1755 99.1799
1755 99.1799
1755 99.1799
1756 99.1872
1756 99.1872
1756 99.1872
1756 99.1872
1757 99.1954
1757 99.1954
1757 99.1954
1757 99.1954
1758 99.2260
1758 99.2260
1758 99.2260
1758 99.2260
1759 99.2456
1759 99.2456
1759 99.2456
1759 99.2456
1760 99.2697
1760 99.2697
1760 99.2697
1760 99.2697
1761 99.2925
1761 99.2925
1761 99.2925
1761 99.2925
1762 99.3150
1762 99.3150
1762 99.3150
1762 99.3150
1763 99.3337
1763 99.3337
1763 99.3337
1763 99.3337
1764 99.3574
1764 99.3574
1764 99.3574
1764 99.3574
1765 99.3700
1765 99.3700
1765 99.3700
1765 99.3700
1766 99.3778
1766 99.3778
1766 99.3778
1766 99.3778
1767 99.3896
1767 99.3896
1767 99.3896
1767 99.3896
1768 99.4031
1768 99.4031
1768 99.4031
1768 99.4031
1769 99.4092
1769 99.4092
1769 99.4092
1769 99.4092
1770 99.4198
1770 99.4198
1770 99.4198
1770 99.4198
1771 99.4292
1771 99.4292
1771 99.4292
1771 99.4292
1772 99.4320
1772 99.4320
1772 99.4320
1772 99.4320
1773 99.4406
1773 99.4406
1773 99.4406
1773 99.4406
1774 99.4431
1774 99.4431
1774 99.4431
1774 99.4431
1775 99.4431
1775 99.4431
1775 99.4431
1775 99.4431
1776 99.4447
1776 99.4447
1776 99.4447
1776 99.4447
1777 99.4516
1777 99.4516
1777 99.4516
1777 99.4516
1778 99.4533
1778 99.4533
1778 99.4533
1778 99.4533
1779 99.4598
1779 99.4598
1779 99.4598
1779 99.4598
1780 99.4610
1780 99.4610
1780 99.4610
1780 99.4610
1781 99.4667
1781 99.4667
1781 99.4667
1781 99.4667
1781 99.4741
1781 99.4741
1781 99.4741
1782 99.4749
1782 99.4749
1782 99.4749
1782 99.4749
1783 99.4749
1783 99.4749
1783 99.4749
1783 99.4749
1784 99.4753
1784 99.4753
1784 99.4753
1784 99.4753
1785 99.4794
1785 99.4794
1785 99.4794
1785 99.4794
1786 99.4798
1786 99.4798
1786 99.4798
1786 99.4798
1787 99.4839
1787 99.4839
1787 99.4839
1787 99.4839
1788 99.4839
1788 99.4839
1788 99.4839
1789 99.4871
1789 99.4871
1789 99.4871
1789 99.4871
1790 99.4871
1790 99.4871
1790 99.4871
1791 99.4871
1791 99.4871
1791 99.4871
1791 99.4871
1792 99.4920
1792 99.4920
1792 99.4920
1793 99.5051
1793 99.5051
1793 99.5051
1793 99.5051
1794 99.5153
1794 99.5153
1794 99.5153
1794 99.5153
1795 99.5332
1795 99.5332
1795 99.5332
1795 99.5332
1796 99.5520
1796 99.5520
1796 99.5520
1796 99.5520
1797 99.5520
1797 99.5520
1797 99.5520
1797 99.5520
1798 99.5724
1798 99.5724
1798 99.5724
1798 99.5724
1799 99.5863
1799 99.5863
1799 99.5863
1799 99.5863
1800 99.6079
1800 99.6079
1800 99.6079
1800 99.6079
1801 99.6226
1801 99.6226
1801 99.6226
1801 99.6226
1802 99.6307
1802 99.6307
1802 99.6307
1802 99.6307
1803 99.6536
1803 99.6536
1803 99.6536
1803 99.6536
1804 99.6699
1804 99.6699
1804 99.6699
1804 99.6699
1805 99.6952
1805 99.6952
1805 99.6952
1805 99.6952
1806 99.7123
1806 99.7123
1806 99.7123
1806 99.7123
1807 99.7393
1807 99.7393
1807 99.7393
1807 99.7393
1808 99.7393
1808 99.7393
1808 99.7393
1808 99.7393
1809 99.7670
1809 99.7670
1809 99.7670
1809 99.7670
1810 99.7956
1810 99.7956
1810 99.7956
1810 99.7956
1811 99.8143
1811 99.8143
1811 99.8143
1811 99.8143
1812 99.8449
1812 99.8449
1812 99.8449
1812 99.8449
1813 99.8649
1813 99.8649
1813 99.8649
1813 99.8649
1814 99.8772
1814 99.8772
1814 99.8772
1814 99.8772
1815 99.8968
1815 99.8968
1815 99.8968
1815 99.8968
1816 99.9294
1816 99.9294
1816 99.9294
1816 99.9294
1817 99.9502
1817 99.9502
1817 99.9502
1817 99.9502
1818 99.9775
1818 99.9775
1818 99.9775
1818 99.9775
1819 99.9906
1819 99.9906
1819 99.9906
1819 99.9906
1820 100
1820 100
1820 100
1820 100
