
1.0000 1.9648
2.0000 2.0300
3.0000 2.1596
4.0000 2.2924
5.0000 2.2924
6.0000 2.4284
7.0000 2.5676
8.0000 2.5676
9.0000 2.7100
10.0000 2.8556
11.0000 2.9500
12.0000 3.0056
13.0000 3.1564
14.0000 3.3084
15.0000 3.3084
16.0000 3.4636
17.0000 3.6220
18.0000 3.7060
19.0000 3.7868
20.0000 3.9452
21.0000 4.0516
22.0000 4.1136
23.0000 4.2780
24.0000 4.4460
25.0000 4.5348
26.0000 4.6180
27.0000 4.7644
28.0000 4.8632
29.0000 4.9208
30.0000 5.0604
31.0000 5.1592
32.0000 5.2640
33.0000 5.3684
34.0000 5.5356
35.0000 5.6376
36.0000 5.7280
37.0000 5.8976
38.0000 6.0204
39.0000 6.1476
40.0000 6.2708
41.0000 6.3844
42.0000 6.5392
43.0000 6.6400
44.0000 6.8096
45.0000 6.9324
46.0000 7.0596
47.0000 7.1828
48.0000 7.2964
49.0000 7.4512
50.0000 7.5520
51.0000 7.6628
52.0000 7.8160
53.0000 7.9732
54.0000 8.0960
55.0000 8.2092
56.0000 8.3364
57.0000 8.4596
58.0000 8.5732
59.0000 8.7280
60.0000 8.8852
61.0000 8.9276
62.0000 9.1080
63.0000 9.2436
64.0000 9.3716
65.0000 9.4852
66.0000 9.6400
67.0000 9.7972
68.0000 9.8396
69.0000 10.0012
70.0000 10.1596
71.0000 10.2020
72.0000 10.3824
73.0000 10.5448
74.0000 10.7032
75.0000 10.7456
76.0000 10.9072
77.0000 11.0656
78.0000 11.1080
79.0000 11.2884
80.0000 11.4240
81.0000 11.5568
82.0000 11.6704
83.0000 11.8252
84.0000 11.9824
85.0000 12.0248
86.0000 12.1864
87.0000 12.3448
88.0000 12.4700
89.0000 12.5832
90.0000 12.7372
91.0000 12.8380
92.0000 12.9488
93.0000 13.1020
94.0000 13.2592
95.0000 13.3820
96.0000 13.4952
97.0000 13.6492
98.0000 13.7500
99.0000 13.8608
100.0000 14.0140
101.0000 14.1148
102.0000 14.2844
103.0000 14.3884
104.0000 14.5384
105.0000 14.6588
106.0000 14.7720
107.0000 14.9260
108.0000 15.0268
109.0000 15.1964
110.0000 15.3004
111.0000 15.3916
112.0000 15.5612
113.0000 15.6840
114.0000 15.8380
115.0000 15.9388
116.0000 16.1084
117.0000 16.2124
118.0000 16.3036
119.0000 16.4732
120.0000 16.5772
121.0000 16.6880
122.0000 16.8412
123.0000 17.0180
124.0000 17.1244
125.0000 17.2156
126.0000 17.3852
127.0000 17.4892
128.0000 17.5804
129.0000 17.7500
130.0000 17.9292
131.0000 17.9560
132.0000 18.1144
133.0000 18.2924
134.0000 18.4012
135.0000 18.4924
136.0000 18.6620
137.0000 18.8224
138.0000 18.8648
139.0000 19.0264
140.0000 19.2044
141.0000 19.2304
142.0000 19.3888
143.0000 19.5668
144.0000 19.7284
145.0000 19.7708
146.0000 19.9324
147.0000 20.1104
148.0000 20.1364
149.0000 20.2948
150.0000 20.4728
151.0000 20.5864
152.0000 20.6776
153.0000 20.8472
154.0000 21.0076
155.0000 21.0500
156.0000 21.2116
157.0000 21.3896
158.0000 21.4984
159.0000 21.5896
160.0000 21.7592
161.0000 21.8632
162.0000 21.9740
163.0000 22.1272
164.0000 22.3040
165.0000 22.4104
166.0000 22.5016
167.0000 22.6712
168.0000 22.7752
169.0000 22.8860
170.0000 23.0392
171.0000 23.1400
172.0000 23.3096
173.0000 23.4136
174.0000 23.5832
175.0000 23.6872
176.0000 23.7784
177.0000 23.9480
178.0000 24.0520
179.0000 24.2216
180.0000 24.3256
181.0000 24.4364
182.0000 24.5896
183.0000 24.6904
184.0000 24.8600
185.0000 24.9640
186.0000 25.1336
187.0000 25.2376
188.0000 25.3288
189.0000 25.4984
190.0000 25.6024
191.0000 25.7132
192.0000 25.8664
193.0000 26.0432
194.0000 26.1496
195.0000 26.2408
196.0000 26.4104
197.0000 26.5144
198.0000 26.6252
199.0000 26.7784
200.0000 26.9356
201.0000 26.9780
202.0000 27.1396
203.0000 27.3176
204.0000 27.4264
205.0000 27.5176
206.0000 27.6872
207.0000 27.8476
208.0000 27.8900
209.0000 28.0516
210.0000 28.2296
211.0000 28.2556
212.0000 28.4140
213.0000 28.5920
214.0000 28.7536
215.0000 28.7960
216.0000 28.9576
217.0000 29.1356
218.0000 29.1616
219.0000 29.3200
220.0000 29.4980
221.0000 29.6116
222.0000 29.7028
223.0000 29.8724
224.0000 30.0516
225.0000 30.0784
226.0000 30.2368
227.0000 30.4148
228.0000 30.5236
229.0000 30.6148
230.0000 30.7844
231.0000 30.8884
232.0000 30.9992
233.0000 31.1524
234.0000 31.3292
235.0000 31.4356
236.0000 31.5268
237.0000 31.6964
238.0000 31.8004
239.0000 31.8916
240.0000 32.0612
241.0000 32.1840
242.0000 32.3380
243.0000 32.4388
244.0000 32.6084
245.0000 32.7124
246.0000 32.8036
247.0000 32.9732
248.0000 33.0960
249.0000 33.2500
250.0000 33.3508
251.0000 33.4616
252.0000 33.6148
253.0000 33.7156
254.0000 33.8852
255.0000 33.9892
256.0000 34.1392
257.0000 34.2596
258.0000 34.3728
259.0000 34.5268
260.0000 34.6276
261.0000 34.7384
262.0000 34.8916
263.0000 35.0488
264.0000 35.1716
265.0000 35.2848
266.0000 35.4388
267.0000 35.5396
268.0000 35.6504
269.0000 35.8036
270.0000 35.9608
271.0000 36.0032
272.0000 36.1836
273.0000 36.3192
274.0000 36.4472
275.0000 36.5608
276.0000 36.7156
277.0000 36.8728
278.0000 36.9152
279.0000 37.0768
280.0000 37.2352
281.0000 37.2776
282.0000 37.4580
283.0000 37.6204
284.0000 37.7788
285.0000 37.8212
286.0000 37.9828
287.0000 38.1412
288.0000 38.1836
289.0000 38.3640
290.0000 38.4996
291.0000 38.6324
292.0000 38.7460
293.0000 38.9008
294.0000 39.0580
295.0000 39.1004
296.0000 39.2796
297.0000 39.3948
298.0000 39.4924
299.0000 39.5952
300.0000 39.7088
301.0000 39.7576
302.0000 39.8396
303.0000 39.9176
304.0000 39.9792
305.0000 40.0164
306.0000 40.0536
307.0000 40.0884
308.0000 40.1104
309.0000 40.1336
310.0000 40.1584
311.0000 40.1680
312.0000 40.1836
313.0000 40.1904
314.0000 40.1940
315.0000 40.1944
316.0000 40.1944
317.0000 40.1944
318.0000 40.1944
319.0000 40.1944
320.0000 40.1944
321.0000 40.1944
322.0000 40.1944
323.0000 40.1944
324.0000 40.1944
325.0000 40.1944
326.0000 40.1944
327.0000 40.1944
328.0000 40.1944
329.0000 40.1944
330.0000 40.1944
331.0000 40.1944
332.0000 40.1944
333.0000 40.1944
334.0000 40.1944
335.0000 40.1944
336.0000 40.1944
337.0000 40.1944
338.0000 40.1944
339.0000 40.1944
340.0000 40.1944
341.0000 40.1944
342.0000 40.1944
343.0000 40.1944
344.0000 40.1944
345.0000 40.1944
346.0000 40.1944
347.0000 40.1944
348.0000 40.1944
349.0000 40.1944
350.0000 40.1944
351.0000 40.1952
352.0000 40.1968
353.0000 40.2000
354.0000 40.2044
355.0000 40.2100
356.0000 40.2172
357.0000 40.2268
358.0000 40.2372
359.0000 40.2504
360.0000 40.2640
361.0000 40.2792
362.0000 40.2964
363.0000 40.3148
364.0000 40.3348
365.0000 40.3564
366.0000 40.3796
367.0000 40.4044
368.0000 40.4308
369.0000 40.4576
370.0000 40.4860
371.0000 40.5160
372.0000 40.5472
373.0000 40.5800
374.0000 40.6136
375.0000 40.6488
376.0000 40.6856
377.0000 40.7224
378.0000 40.7608
379.0000 40.7996
380.0000 40.8400
381.0000 40.8816
382.0000 40.9236
383.0000 40.9672
384.0000 41.0120
385.0000 41.0572
386.0000 41.1040
387.0000 41.1516
388.0000 41.2000
389.0000 41.2500
390.0000 41.3000
391.0000 41.3516
392.0000 41.4040
393.0000 41.4572
394.0000 41.5116
395.0000 41.5664
396.0000 41.6224
397.0000 41.6788
398.0000 41.7364
399.0000 41.7944
400.0000 41.8492
401.0000 41.9088
402.0000 41.9692
403.0000 42.0256
404.0000 42.0872
405.0000 42.1500
406.0000 42.2132
407.0000 42.2772
408.0000 42.3420
409.0000 42.4068
410.0000 42.4732
411.0000 42.5332
412.0000 42.6000
413.0000 42.6676
414.0000 42.7356
415.0000 42.8044
416.0000 42.8736
417.0000 42.9432
418.0000 43.0136
419.0000 43.0844
420.0000 43.1556
421.0000 43.2276
422.0000 43.2996
423.0000 43.3724
424.0000 43.4452
425.0000 43.5188
426.0000 43.5924
427.0000 43.6664
428.0000 43.7408
429.0000 43.8152
430.0000 43.8904
431.0000 43.9656
432.0000 44.0412
433.0000 44.1168
434.0000 44.1924
435.0000 44.2680
436.0000 44.3436
437.0000 44.4196
438.0000 44.4956
439.0000 44.5724
440.0000 44.6492
441.0000 44.7264
442.0000 44.8036
443.0000 44.8716
444.0000 44.9456
445.0000 45.0212
446.0000 45.0972
447.0000 45.1736
448.0000 45.2408
449.0000 45.3140
450.0000 45.3888
451.0000 45.4644
452.0000 45.5404
453.0000 45.6096
454.0000 45.6824
455.0000 45.7568
456.0000 45.8320
457.0000 45.9076
458.0000 45.9832
459.0000 46.0588
460.0000 46.1344
461.0000 46.2104
462.0000 46.2864
463.0000 46.3624
464.0000 46.4384
465.0000 46.5144
466.0000 46.5904
467.0000 46.6664
468.0000 46.7424
469.0000 46.8184
470.0000 46.8944
471.0000 46.9704
472.0000 47.0464
473.0000 47.1224
474.0000 47.1984
475.0000 47.2744
476.0000 47.3504
477.0000 47.4264
478.0000 47.5024
479.0000 47.5784
480.0000 47.6544
481.0000 47.7304
482.0000 47.7972
483.0000 47.8700
484.0000 47.9444
485.0000 48.0192
486.0000 48.0848
487.0000 48.1568
488.0000 48.2304
489.0000 48.3044
490.0000 48.3792
491.0000 48.4540
492.0000 48.5288
493.0000 48.6036
494.0000 48.6692
495.0000 48.7412
496.0000 48.8148
497.0000 48.8888
498.0000 48.9632
499.0000 49.0376
500.0000 49.1120
501.0000 49.1864
502.0000 49.2612
503.0000 49.3360
504.0000 49.4108
505.0000 49.4856
506.0000 49.5604
507.0000 49.6352
508.0000 49.7100
509.0000 49.7848
510.0000 49.8596
511.0000 49.9344
512.0000 50.0092
513.0000 50.0840
514.0000 50.1588
515.0000 50.2336
516.0000 50.3084
517.0000 50.3832
518.0000 50.4580
519.0000 50.5328
520.0000 50.6076
521.0000 50.6824
522.0000 50.7572
523.0000 50.8320
524.0000 50.9068
525.0000 50.9816
526.0000 51.0564
527.0000 51.1312
528.0000 51.2000
529.0000 51.2620
530.0000 51.3320
531.0000 51.4040
532.0000 51.4768
533.0000 51.5500
534.0000 51.6232
535.0000 51.6964
536.0000 51.7700
537.0000 51.8440
538.0000 51.9180
539.0000 51.9824
540.0000 52.0532
541.0000 52.1256
542.0000 52.1984
543.0000 52.2716
544.0000 52.3448
545.0000 52.4124
546.0000 52.4736
547.0000 52.5324
548.0000 52.5892
549.0000 52.6444
550.0000 52.6980
551.0000 52.7504
552.0000 52.7976
553.0000 52.8448
554.0000 52.8928
555.0000 52.9404
556.0000 52.9876
557.0000 53.0340
558.0000 53.0796
559.0000 53.1244
560.0000 53.1688
561.0000 53.2128
562.0000 53.2600
563.0000 53.3104
564.0000 53.3608
565.0000 53.4112
566.0000 53.4608
567.0000 53.5080
568.0000 53.5492
569.0000 53.5896
570.0000 53.6300
571.0000 53.6696
572.0000 53.7092
573.0000 53.7396
574.0000 53.7756
575.0000 53.8128
576.0000 53.8504
577.0000 53.8884
578.0000 53.9264
579.0000 53.9644
580.0000 54.0020
581.0000 54.0396
582.0000 54.0772
583.0000 54.1148
584.0000 54.1524
585.0000 54.1808
586.0000 54.2152
587.0000 54.2512
588.0000 54.2876
589.0000 54.3244
590.0000 54.3612
591.0000 54.3980
592.0000 54.4348
593.0000 54.4720
594.0000 54.5092
595.0000 54.5464
596.0000 54.5836
597.0000 54.6208
598.0000 54.6580
599.0000 54.6952
600.0000 54.7324
601.0000 54.7692
602.0000 54.8004
603.0000 54.8296
604.0000 54.8628
605.0000 54.8920
606.0000 54.9216
607.0000 54.9552
608.0000 54.9924
609.0000 55.0296
610.0000 55.0668
611.0000 55.1040
612.0000 55.1412
613.0000 55.1784
614.0000 55.2156
615.0000 55.2528
616.0000 55.2832
617.0000 55.3172
618.0000 55.3528
619.0000 55.3888
620.0000 55.4252
621.0000 55.4616
622.0000 55.5012
623.0000 55.5372
624.0000 55.5736
625.0000 55.6100
626.0000 55.6464
627.0000 55.6828
628.0000 55.7192
629.0000 55.7556
630.0000 55.7852
631.0000 55.8184
632.0000 55.8532
633.0000 55.8884
634.0000 55.9240
635.0000 55.9596
636.0000 55.9952
637.0000 56.0308
638.0000 56.0668
639.0000 56.1028
640.0000 56.1388
641.0000 56.1748
642.0000 56.2108
643.0000 56.2468
644.0000 56.2828
645.0000 56.3188
646.0000 56.3548
647.0000 56.3908
648.0000 56.4268
649.0000 56.4628
650.0000 56.4988
651.0000 56.5348
652.0000 56.5708
653.0000 56.6068
654.0000 56.6428
655.0000 56.6788
656.0000 56.7148
657.0000 56.7508
658.0000 56.7868
659.0000 56.8168
660.0000 56.8496
661.0000 56.8840
662.0000 56.9188
663.0000 56.9540
664.0000 56.9892
665.0000 57.0244
666.0000 57.0596
667.0000 57.0952
668.0000 57.1308
669.0000 57.1664
670.0000 57.2020
671.0000 57.2376
672.0000 57.2732
673.0000 57.3088
674.0000 57.3444
675.0000 57.3800
676.0000 57.4096
677.0000 57.4420
678.0000 57.4760
679.0000 57.5104
680.0000 57.5496
681.0000 57.5844
682.0000 57.6192
683.0000 57.6540
684.0000 57.6892
685.0000 57.7244
686.0000 57.7596
687.0000 57.7948
688.0000 57.8300
689.0000 57.8652
690.0000 57.9004
691.0000 57.9356
692.0000 57.9708
693.0000 58.0104
694.0000 58.0456
695.0000 58.0808
696.0000 58.1160
697.0000 58.1512
698.0000 58.1864
699.0000 58.2216
700.0000 58.2568
701.0000 58.2920
702.0000 58.3220
703.0000 58.3540
704.0000 58.3876
705.0000 58.4216
706.0000 58.4560
707.0000 58.4904
708.0000 58.5248
709.0000 58.5592
710.0000 58.5940
711.0000 58.6288
712.0000 58.6636
713.0000 58.6984
714.0000 58.7332
715.0000 58.7680
716.0000 58.8028
717.0000 58.8340
718.0000 58.8632
719.0000 58.8912
720.0000 58.9172
721.0000 58.9372
722.0000 58.9584
723.0000 58.9804
724.0000 58.9988
725.0000 59.0160
726.0000 59.0308
727.0000 59.0440
728.0000 59.0556
729.0000 59.0664
730.0000 59.0760
731.0000 59.0844
732.0000 59.0916
733.0000 59.0976
734.0000 59.1024
735.0000 59.1064
736.0000 59.1100
737.0000 59.1132
738.0000 59.1160
739.0000 59.1184
740.0000 59.1200
741.0000 59.1208
742.0000 59.1216
743.0000 59.1220
744.0000 59.1220
745.0000 59.1220
746.0000 59.1264
747.0000 59.1264
748.0000 59.1264
749.0000 59.1264
750.0000 59.1264
751.0000 59.1264
752.0000 59.1264
753.0000 59.1264
754.0000 59.1264
755.0000 59.1308
756.0000 59.1308
757.0000 59.1308
758.0000 59.1308
759.0000 59.1308
760.0000 59.1308
761.0000 59.1308
762.0000 59.1308
763.0000 59.1352
764.0000 59.1352
765.0000 59.1352
766.0000 59.1352
767.0000 59.1396
768.0000 59.1396
769.0000 59.1396
770.0000 59.1396
771.0000 59.1396
772.0000 59.1396
773.0000 59.1396
774.0000 59.1396
775.0000 59.1396
776.0000 59.1396
777.0000 59.1396
778.0000 59.1396
779.0000 59.1396
780.0000 59.1396
781.0000 59.1396
782.0000 59.1396
783.0000 59.1396
784.0000 59.1396
785.0000 59.1396
786.0000 59.1396
787.0000 59.1396
788.0000 59.1396
789.0000 59.1440
790.0000 59.1440
791.0000 59.1440
792.0000 59.1440
793.0000 59.1440
794.0000 59.1440
795.0000 59.1440
796.0000 59.1440
797.0000 59.1440
798.0000 59.1440
799.0000 59.1440
800.0000 59.1440
801.0000 59.1440
802.0000 59.1440
803.0000 59.0988
804.0000 59.0988
805.0000 59.0956
806.0000 59.0956
807.0000 59.0944
808.0000 59.0920
809.0000 59.0912
810.0000 59.0888
811.0000 59.0876
812.0000 59.0904
813.0000 59.0884
814.0000 59.0880
815.0000 59.0868
816.0000 59.0848
817.0000 59.0840
818.0000 59.0844
819.0000 59.0836
820.0000 59.0832
821.0000 59.0832
822.0000 59.0580
823.0000 59.0536
824.0000 59.0404
825.0000 59.0368
826.0000 59.0296
827.0000 59.0248
828.0000 59.0204
829.0000 59.0160
830.0000 59.0124
831.0000 59.0088
832.0000 59.0060
833.0000 59.0060
834.0000 59.0028
835.0000 59.0028
836.0000 59.0024
837.0000 59.0024
838.0000 59.0028
839.0000 59.0028
840.0000 59.0036
841.0000 59.0052
842.0000 59.0084
843.0000 59.0116
844.0000 59.0144
845.0000 59.0200
846.0000 59.0252
847.0000 59.0324
848.0000 59.0392
849.0000 59.0452
850.0000 59.0528
851.0000 59.0632
852.0000 59.0744
853.0000 59.0844
854.0000 59.0976
855.0000 59.1044
856.0000 59.1184
857.0000 59.1328
858.0000 59.1456
859.0000 59.1616
860.0000 59.1696
861.0000 59.1868
862.0000 59.2016
863.0000 59.2204
864.0000 59.2400
865.0000 59.2572
866.0000 59.2700
867.0000 59.2880
868.0000 59.3100
869.0000 59.3288
870.0000 59.3520
871.0000 59.3668
872.0000 59.3872
873.0000 59.4120
874.0000 59.4340
875.0000 59.4600
876.0000 59.4872
877.0000 59.4996
878.0000 59.5272
879.0000 59.5516
880.0000 59.5804
881.0000 59.6060
882.0000 59.6240
883.0000 59.6540
884.0000 59.6808
885.0000 59.7128
886.0000 59.7420
887.0000 59.7628
888.0000 59.7932
889.0000 59.8288
890.0000 59.8664
891.0000 59.8968
892.0000 59.9360
893.0000 59.9564
894.0000 59.9988
895.0000 60.0408
896.0000 60.0824
897.0000 60.1264
898.0000 60.1524
899.0000 60.1944
900.0000 60.2388
901.0000 60.2812
902.0000 60.3268
903.0000 60.3752
904.0000 60.4108
905.0000 60.4572
906.0000 60.5144
907.0000 60.5568
908.0000 60.6160
909.0000 60.6540
910.0000 60.7072
911.0000 60.7676
912.0000 60.8248
913.0000 60.8800
914.0000 60.9144
915.0000 60.9720
916.0000 61.0348
917.0000 61.0936
918.0000 61.1628
919.0000 61.2236
920.0000 61.2760
921.0000 61.3384
922.0000 61.3928
923.0000 61.4636
924.0000 61.5176
925.0000 61.5740
926.0000 61.6364
927.0000 61.7140
928.0000 61.7836
929.0000 61.8568
930.0000 61.9200
931.0000 61.9688
932.0000 62.0468
933.0000 62.1232
934.0000 62.1964
935.0000 62.2672
936.0000 62.3152
937.0000 62.4004
938.0000 62.4600
939.0000 62.5464
940.0000 62.6236
941.0000 62.7044
942.0000 62.7700
943.0000 62.8460
944.0000 62.9328
945.0000 63.0160
946.0000 63.0628
947.0000 63.1256
948.0000 63.1972
949.0000 63.2892
950.0000 63.3704
951.0000 63.4648
952.0000 63.5284
953.0000 63.6088
954.0000 63.6812
955.0000 63.7692
956.0000 63.8636
957.0000 63.9340
958.0000 64.0012
959.0000 64.0976
960.0000 64.1816
961.0000 64.2824
962.0000 64.3480
963.0000 64.4296
964.0000 64.5124
965.0000 64.6040
966.0000 64.7080
967.0000 64.7988
968.0000 64.8840
969.0000 64.9228
970.0000 65.0192
971.0000 65.1232
972.0000 65.2184
973.0000 65.3236
974.0000 65.3928
975.0000 65.4996
976.0000 65.5968
977.0000 65.6688
978.0000 65.7788
979.0000 65.8520
980.0000 65.9420
981.0000 66.0328
982.0000 66.1348
983.0000 66.2432
984.0000 66.3468
985.0000 66.4100
986.0000 66.5044
987.0000 66.6168
988.0000 66.7184
989.0000 66.8216
990.0000 66.8944
991.0000 66.9848
992.0000 67.1020
993.0000 67.1752
994.0000 67.2840
995.0000 67.3824
996.0000 67.4684
997.0000 67.5808
998.0000 67.6828
999.0000 67.7992
1000.0000 67.9052
1001.0000 67.9340
1002.0000 68.0444
1003.0000 68.1520
1004.0000 68.2740
1005.0000 68.3780
1006.0000 68.4980
1007.0000 68.5788
1008.0000 68.6884
1009.0000 68.7904
1010.0000 68.8888
1011.0000 69.0140
1012.0000 69.0608
1013.0000 69.1760
1014.0000 69.2924
1015.0000 69.4084
1016.0000 69.5304
1017.0000 69.5912
1018.0000 69.7064
1019.0000 69.8176
1020.0000 69.9300
1021.0000 70.0536
1022.0000 70.1652
1023.0000 70.2520
1024.0000 70.3444
1025.0000 70.4404
1026.0000 70.5508
1027.0000 70.6696
1028.0000 70.7720
1029.0000 70.8784
1030.0000 71.0032
1031.0000 71.1168
1032.0000 71.2012
1033.0000 71.3268
1034.0000 71.3868
1035.0000 71.5184
1036.0000 71.6208
1037.0000 71.7424
1038.0000 71.8600
1039.0000 71.9592
1040.0000 72.0356
1041.0000 72.1540
1042.0000 72.2776
1043.0000 72.3916
1044.0000 72.5060
1045.0000 72.5824
1046.0000 72.6884
1047.0000 72.8156
1048.0000 72.9080
1049.0000 73.0156
1050.0000 73.1140
1051.0000 73.2272
1052.0000 73.3560
1053.0000 73.4700
1054.0000 73.6072
1055.0000 73.6844
1056.0000 73.7496
1057.0000 73.8556
1058.0000 73.9648
1059.0000 74.0744
1060.0000 74.1792
1061.0000 74.2616
1062.0000 74.3724
1063.0000 74.4608
1064.0000 74.5556
1065.0000 74.6352
1066.0000 74.7372
1067.0000 74.7916
1068.0000 74.8872
1069.0000 74.9896
1070.0000 75.0848
1071.0000 75.1864
1072.0000 75.2544
1073.0000 75.3280
1074.0000 75.4356
1075.0000 75.5160
1076.0000 75.6276
1077.0000 75.7048
1078.0000 75.7896
1079.0000 75.8624
1080.0000 75.9332
1081.0000 76.0220
1082.0000 76.1132
1083.0000 76.2028
1084.0000 76.2940
1085.0000 76.3780
1086.0000 76.4744
1087.0000 76.5488
1088.0000 76.6076
1089.0000 76.6672
1090.0000 76.7620
1091.0000 76.8508
1092.0000 76.9280
1093.0000 77.0288
1094.0000 77.1056
1095.0000 77.1900
1096.0000 77.2600
1097.0000 77.3532
1098.0000 77.4376
1099.0000 77.5148
1100.0000 77.5756
1101.0000 77.6388
1102.0000 77.7176
1103.0000 77.7752
1104.0000 77.8340
1105.0000 77.9088
1106.0000 77.9680
1107.0000 78.0292
1108.0000 78.0832
1109.0000 78.1332
1110.0000 78.1848
1111.0000 78.2080
1112.0000 78.2528
1113.0000 78.2944
1114.0000 78.3384
1115.0000 78.3768
1116.0000 78.4208
1117.0000 78.4544
1118.0000 78.4944
1119.0000 78.5240
1120.0000 78.5564
1121.0000 78.5904
1122.0000 78.6180
1123.0000 78.6420
1124.0000 78.6720
1125.0000 78.7004
1126.0000 78.7288
1127.0000 78.7560
1128.0000 78.7844
1129.0000 78.8096
1130.0000 78.8356
1131.0000 78.8592
1132.0000 78.8844
1133.0000 78.9004
1134.0000 78.9160
1135.0000 78.9384
1136.0000 78.9556
1137.0000 78.9808
1138.0000 79.0012
1139.0000 79.0316
1140.0000 79.0568
1141.0000 79.0820
1142.0000 79.1028
1143.0000 79.1256
1144.0000 79.1488
1145.0000 79.1704
1146.0000 79.1924
1147.0000 79.2132
1148.0000 79.2344
1149.0000 79.2588
1150.0000 79.2768
1151.0000 79.2992
1152.0000 79.3196
1153.0000 79.3408
1154.0000 79.3588
1155.0000 79.3800
1156.0000 79.4012
1157.0000 79.4188
1158.0000 79.4396
1159.0000 79.4568
1160.0000 79.4772
1161.0000 79.4944
1162.0000 79.5140
1163.0000 79.5344
1164.0000 79.5520
1165.0000 79.5716
1166.0000 79.5888
1167.0000 79.6072
1168.0000 79.6264
1169.0000 79.6436
1170.0000 79.6628
1171.0000 79.6800
1172.0000 79.6972
1173.0000 79.7144
1174.0000 79.7316
1175.0000 79.7512
1176.0000 79.7684
1177.0000 79.7856
1178.0000 79.8028
1179.0000 79.8148
1180.0000 79.8288
1181.0000 79.8480
1182.0000 79.8640
1183.0000 79.8928
1184.0000 79.9172
1185.0000 79.9524
1186.0000 79.9796
1187.0000 80.0192
1188.0000 80.0488
1189.0000 80.0924
1190.0000 80.1092
1191.0000 80.1544
1192.0000 80.1896
1193.0000 80.2436
1194.0000 80.2916
1195.0000 80.3504
1196.0000 80.4052
1197.0000 80.4684
1198.0000 80.5096
1199.0000 80.5632
1200.0000 80.6124
1201.0000 80.6944
1202.0000 80.7456
1203.0000 80.8280
1204.0000 80.8768
1205.0000 80.9424
1206.0000 80.9832
1207.0000 81.0500
1208.0000 81.1140
1209.0000 81.1796
1210.0000 81.2268
1211.0000 81.2740
1212.0000 81.3376
1213.0000 81.3784
1214.0000 81.4456
1215.0000 81.5124
1216.0000 81.5780
1217.0000 81.6272
1218.0000 81.7100
1219.0000 81.7656
1220.0000 81.8608
1221.0000 81.8712
1222.0000 81.9780
1223.0000 82.0292
1224.0000 82.1172
1225.0000 82.2144
1226.0000 82.2988
1227.0000 82.3984
1228.0000 82.4872
1229.0000 82.5268
1230.0000 82.6336
1231.0000 82.7236
1232.0000 82.8232
1233.0000 82.9000
1234.0000 83.0012
1235.0000 83.0816
1236.0000 83.1896
1237.0000 83.2560
1238.0000 83.3664
1239.0000 83.4764
1240.0000 83.5480
1241.0000 83.6456
1242.0000 83.7548
1243.0000 83.8244
1244.0000 83.9516
1245.0000 83.9808
1246.0000 84.1096
1247.0000 84.1956
1248.0000 84.3096
1249.0000 84.4084
1250.0000 84.5224
1251.0000 84.6156
1252.0000 84.6992
1253.0000 84.7928
1254.0000 84.8648
1255.0000 84.9724
1256.0000 85.0440
1257.0000 85.1596
1258.0000 85.2760
1259.0000 85.3772
1260.0000 85.4800
1261.0000 85.5436
1262.0000 85.5984
1263.0000 85.7236
1264.0000 85.8072
1265.0000 85.8876
1266.0000 85.9852
1267.0000 86.0700
1268.0000 86.1532
1269.0000 86.2276
1270.0000 86.3144
1271.0000 86.3880
1272.0000 86.4520
1273.0000 86.5280
1274.0000 86.5944
1275.0000 86.6716
1276.0000 86.6960
1277.0000 86.7744
1278.0000 86.8240
1279.0000 86.8976
1280.0000 86.9552
1281.0000 87.0232
1282.0000 87.0920
1283.0000 87.1380
1284.0000 87.1636
1285.0000 87.2196
1286.0000 87.2568
1287.0000 87.3024
1288.0000 87.3344
1289.0000 87.3732
1290.0000 87.3948
1291.0000 87.4236
1292.0000 87.4316
1293.0000 87.4528
1294.0000 87.4640
1295.0000 87.4840
1296.0000 87.5064
1297.0000 87.5140
1298.0000 87.5308
1299.0000 87.5320
1300.0000 87.5516
1301.0000 87.5704
1302.0000 87.5752
1303.0000 87.5900
1304.0000 87.5944
1305.0000 87.6064
1306.0000 87.6092
1307.0000 87.6184
1308.0000 87.6272
1309.0000 87.6276
1310.0000 87.6360
1311.0000 87.6364
1312.0000 87.6416
1313.0000 87.6420
1314.0000 87.6464
1315.0000 87.6524
1316.0000 87.6524
1317.0000 87.6588
1318.0000 87.6588
1319.0000 87.6620
1320.0000 87.6668
1321.0000 87.6668
1322.0000 87.6716
1323.0000 87.6716
1324.0000 87.6732
1325.0000 87.6732
1326.0000 87.6764
1327.0000 87.6800
1328.0000 87.6856
1329.0000 87.6876
1330.0000 87.6964
1331.0000 87.7008
1332.0000 87.6612
1333.0000 87.6688
1334.0000 87.6724
1335.0000 87.6856
1336.0000 87.6900
1337.0000 87.6988
1338.0000 87.7080
1339.0000 87.7156
1340.0000 87.7244
1341.0000 87.7332
1342.0000 87.7404
1343.0000 87.7476
1344.0000 87.7552
1345.0000 87.7628
1346.0000 87.7708
1347.0000 87.7792
1348.0000 87.7880
1349.0000 87.7612
1350.0000 87.7708
1351.0000 87.7808
1352.0000 87.7912
1353.0000 87.8016
1354.0000 87.8120
1355.0000 87.8228
1356.0000 87.8340
1357.0000 87.8452
1358.0000 87.8576
1359.0000 87.8696
1360.0000 87.8828
1361.0000 87.8968
1362.0000 87.9116
1363.0000 87.9244
1364.0000 87.9404
1365.0000 87.9568
1366.0000 87.9736
1367.0000 87.9876
1368.0000 88.0056
1369.0000 88.0244
1370.0000 87.9936
1371.0000 88.0132
1372.0000 88.0332
1373.0000 88.0560
1374.0000 88.0720
1375.0000 88.0920
1376.0000 88.1160
1377.0000 88.1328
1378.0000 88.1524
1379.0000 88.1736
1380.0000 88.1972
1381.0000 88.2104
1382.0000 88.2276
1383.0000 88.2504
1384.0000 88.2700
1385.0000 88.2796
1386.0000 88.2968
1387.0000 88.3084
1388.0000 88.3192
1389.0000 88.3312
1390.0000 88.3412
1391.0000 88.3548
1392.0000 88.3596
1393.0000 88.3756
1394.0000 88.3880
1395.0000 88.4008
1396.0000 88.4084
1397.0000 88.4216
1398.0000 88.4352
1399.0000 88.4472
1400.0000 88.4620
1401.0000 88.4772
1402.0000 88.4972
1403.0000 88.5100
1404.0000 88.5232
1405.0000 88.5392
1406.0000 88.5528
1407.0000 88.5668
1408.0000 88.5836
1409.0000 88.6000
1410.0000 88.6156
1411.0000 88.6324
1412.0000 88.6472
1413.0000 88.6652
1414.0000 88.6788
1415.0000 88.6964
1416.0000 88.7140
1417.0000 88.7348
1418.0000 88.7548
1419.0000 88.7748
1420.0000 88.7992
1421.0000 88.8204
1422.0000 88.8392
1423.0000 88.8624
1424.0000 88.8896
1425.0000 88.9136
1426.0000 88.9424
1427.0000 88.9656
1428.0000 88.9908
1429.0000 89.0064
1430.0000 89.0324
1431.0000 89.0556
1432.0000 89.0808
1433.0000 89.1144
1434.0000 89.1428
1435.0000 89.1780
1436.0000 89.2068
1437.0000 89.2408
1438.0000 89.2712
1439.0000 89.3020
1440.0000 89.3404
1441.0000 89.3564
1442.0000 89.3960
1443.0000 89.4284
1444.0000 89.4696
1445.0000 89.5032
1446.0000 89.5424
1447.0000 89.5776
1448.0000 89.6128
1449.0000 89.6580
1450.0000 89.6792
1451.0000 89.7212
1452.0000 89.7580
1453.0000 89.8056
1454.0000 89.8436
1455.0000 89.8932
1456.0000 89.9276
1457.0000 89.9668
1458.0000 90.0184
1459.0000 90.0416
1460.0000 90.0940
1461.0000 90.1304
1462.0000 90.1832
1463.0000 90.2260
1464.0000 90.2816
1465.0000 90.3252
1466.0000 90.3772
1467.0000 90.4196
1468.0000 90.4644
1469.0000 90.5040
1470.0000 90.5436
1471.0000 90.6012
1472.0000 90.6472
1473.0000 90.7080
1474.0000 90.7516
1475.0000 90.8084
1476.0000 90.8296
1477.0000 90.8700
1478.0000 90.9020
1479.0000 90.9356
1480.0000 90.9784
1481.0000 91.0076
1482.0000 91.0396
1483.0000 91.0636
1484.0000 91.0892
1485.0000 91.1096
1486.0000 91.1300
1487.0000 91.1528
1488.0000 91.1608
1489.0000 91.1840
1490.0000 91.2024
1491.0000 91.2224
1492.0000 91.2396
1493.0000 91.2580
1494.0000 91.2732
1495.0000 91.2876
1496.0000 91.3000
1497.0000 91.3052
1498.0000 91.3160
1499.0000 91.3264
1500.0000 91.3352
1501.0000 91.3460
1502.0000 91.3548
1503.0000 91.3660
1504.0000 91.3752
1505.0000 91.3872
1506.0000 91.3960
1507.0000 91.4052
1508.0000 91.4168
1509.0000 91.4252
1510.0000 91.4356
1511.0000 91.4436
1512.0000 91.4532
1513.0000 91.4604
1514.0000 91.4692
1515.0000 91.4780
1516.0000 91.4844
1517.0000 91.4904
1518.0000 91.4964
1519.0000 91.5036
1520.0000 91.5088
1521.0000 91.5152
1522.0000 91.4752
1523.0000 91.4800
1524.0000 91.4872
1525.0000 91.5000
1526.0000 91.5092
1527.0000 91.5224
1528.0000 91.5432
1529.0000 91.5644
1530.0000 91.5772
1531.0000 91.5948
1532.0000 91.6192
1533.0000 91.6444
1534.0000 91.6512
1535.0000 91.6772
1536.0000 91.7028
1537.0000 91.7072
1538.0000 91.7304
1539.0000 91.7536
1540.0000 91.7708
1541.0000 91.7788
1542.0000 91.8020
1543.0000 91.8200
1544.0000 91.8448
1545.0000 91.8524
1546.0000 91.8764
1547.0000 91.8964
1548.0000 91.9036
1549.0000 91.9276
1550.0000 91.9480
1551.0000 91.9748
1552.0000 91.9824
1553.0000 92.0016
1554.0000 92.0288
1555.0000 92.0364
1556.0000 92.0564
1557.0000 92.0844
1558.0000 92.1124
1559.0000 92.1204
1560.0000 92.1408
1561.0000 92.1692
1562.0000 92.1524
1563.0000 92.1524
1564.0000 92.1812
1565.0000 92.2100
1566.0000 92.2100
1567.0000 92.2388
1568.0000 92.2680
1569.0000 92.2952
1570.0000 92.3040
1571.0000 92.3304
1572.0000 92.3544
1573.0000 92.3844
1574.0000 92.3936
1575.0000 92.4204
1576.0000 92.4448
1577.0000 92.4540
1578.0000 92.4812
1579.0000 92.5056
1580.0000 92.5364
1581.0000 92.5460
1582.0000 92.5672
1583.0000 92.5980
1584.0000 92.6288
1585.0000 92.6288
1586.0000 92.6612
1587.0000 92.6928
1588.0000 92.6928
1589.0000 92.7240
1590.0000 92.7556
1591.0000 92.7896
1592.0000 92.7900
1593.0000 92.8220
1594.0000 92.8540
1595.0000 92.8544
1596.0000 92.8876
1597.0000 92.9196
1598.0000 92.9476
1599.0000 92.9584
1600.0000 92.9896
1601.0000 93.0184
1602.0000 93.0512
1603.0000 93.0624
1604.0000 93.0940
1605.0000 93.1220
1606.0000 93.1332
1607.0000 93.1644
1608.0000 93.1920
1609.0000 93.2284
1610.0000 93.2400
1611.0000 93.2624
1612.0000 93.2980
1613.0000 93.3340
1614.0000 93.3340
1615.0000 93.3680
1616.0000 93.4032
1617.0000 93.4044
1618.0000 93.4388
1619.0000 93.4732
1620.0000 93.5080
1621.0000 93.5088
1622.0000 93.5436
1623.0000 93.5784
1624.0000 93.6072
1625.0000 93.6204
1626.0000 93.6528
1627.0000 93.6784
1628.0000 93.6916
1629.0000 93.7240
1630.0000 93.7496
1631.0000 93.7852
1632.0000 93.7988
1633.0000 93.8212
1634.0000 93.8572
1635.0000 93.8708
1636.0000 93.9032
1637.0000 93.9240
1638.0000 93.9524
1639.0000 93.9656
1640.0000 93.9780
1641.0000 94.0016
1642.0000 94.0240
1643.0000 94.0240
1644.0000 94.0448
1645.0000 94.0644
1646.0000 94.0644
1647.0000 94.0836
1648.0000 94.1024
1649.0000 94.1204
1650.0000 94.1204
1651.0000 94.1376
1652.0000 94.1544
1653.0000 94.1632
1654.0000 94.1736
1655.0000 94.1876
1656.0000 94.1952
1657.0000 94.2084
1658.0000 94.2280
1659.0000 94.2376
1660.0000 94.2592
1661.0000 94.2752
1662.0000 94.2844
1663.0000 94.3052
1664.0000 94.3224
1665.0000 94.3356
1666.0000 94.3412
1667.0000 94.3540
1668.0000 94.3624
1669.0000 94.3652
1670.0000 94.3744
1671.0000 94.3860
1672.0000 94.3868
1673.0000 94.3992
1674.0000 94.4076
1675.0000 94.4128
1676.0000 94.4208
1677.0000 94.4332
1678.0000 94.4352
1679.0000 94.4472
1680.0000 94.4544
1681.0000 94.4672
1682.0000 94.4684
1683.0000 94.4812
1684.0000 94.4868
1685.0000 94.4948
1686.0000 94.4996
1687.0000 94.5124
1688.0000 94.5136
1689.0000 94.5252
1690.0000 94.5324
1691.0000 94.5436
1692.0000 94.5484
1693.0000 94.5204
1694.0000 94.5272
1695.0000 94.5392
1696.0000 94.5460
1697.0000 94.5572
1698.0000 94.5656
1699.0000 94.5740
1700.0000 94.5748
1701.0000 94.5856
1702.0000 94.5884
1703.0000 94.5980
1704.0000 94.6020
1705.0000 94.6116
1706.0000 94.6168
1707.0000 94.6284
1708.0000 94.6324
1709.0000 94.6400
1710.0000 94.6412
1711.0000 94.6460
1712.0000 94.6468
1713.0000 94.6520
1714.0000 94.6540
1715.0000 94.6624
1716.0000 94.6656
1717.0000 94.6724
1718.0000 94.6756
1719.0000 94.6828
1720.0000 94.6864
1721.0000 94.6940
1722.0000 94.6984
1723.0000 94.7088
1724.0000 94.7140
1725.0000 94.7224
1726.0000 94.7280
1727.0000 94.7368
1728.0000 94.7432
1729.0000 94.7496
1730.0000 94.7588
1731.0000 94.7756
1732.0000 94.7936
1733.0000 94.8152
1734.0000 94.8364
1735.0000 94.8584
1736.0000 94.8892
1737.0000 94.9136
1738.0000 94.9388
1739.0000 94.9636
1740.0000 94.9880
1741.0000 95.0224
1742.0000 95.0452
1743.0000 95.0672
1744.0000 95.0884
1745.0000 95.1088
1746.0000 95.1420
1747.0000 95.1616
1748.0000 95.1812
1749.0000 95.2016
1750.0000 95.2220
1751.0000 95.2576
1752.0000 95.2776
1753.0000 95.2860
1754.0000 95.3052
1755.0000 95.3240
1756.0000 95.3568
1757.0000 95.3736
1758.0000 95.3876
1759.0000 95.3964
1760.0000 95.4160
1761.0000 95.4264
1762.0000 95.4352
1763.0000 95.4448
1764.0000 95.4552
1765.0000 95.4788
1766.0000 95.4916
1767.0000 95.5068
1768.0000 95.5152
1769.0000 95.5216
1770.0000 95.5412
1771.0000 95.5468
1772.0000 95.5520
1773.0000 95.5568
1774.0000 95.5612
1775.0000 95.5768
1776.0000 95.5804
1777.0000 95.5836
1778.0000 95.5868
1779.0000 95.5892
1780.0000 95.6008
1781.0000 95.6028
1782.0000 95.6048
1783.0000 95.6064
1784.0000 95.6084
1785.0000 95.6164
1786.0000 95.6184
1787.0000 95.6208
1788.0000 95.6256
1789.0000 95.6316
1790.0000 95.6376
1791.0000 95.6452
1792.0000 95.6544
1793.0000 95.6644
1794.0000 95.6752
1795.0000 95.6868
1796.0000 95.6988
1797.0000 95.7112
1798.0000 95.7240
1799.0000 95.7064
1800.0000 95.7272
1801.0000 95.7420
1802.0000 95.7572
1803.0000 95.7728
1804.0000 95.7884
1805.0000 95.8044
1806.0000 95.8204
1807.0000 95.8368
1808.0000 95.8532
1809.0000 95.8696
1810.0000 95.8864
1811.0000 95.9032
1812.0000 95.9200
1813.0000 95.9332
1814.0000 95.9396
1815.0000 95.9460
1816.0000 95.9456
1817.0000 95.9500
1818.0000 95.9536
1819.0000 95.9520
1820.0000 95.9560
1821.0000 95.9620
1822.0000 95.9672
1823.0000 95.9720
1824.0000 95.9764
1825.0000 95.9808
1826.0000 95.9852
1827.0000 95.9908
1828.0000 95.9928
1829.0000 95.9972
1830.0000 96.0004
1831.0000 96.0036
1832.0000 96.0056
1833.0000 96.0076
1834.0000 96.0120
1835.0000 96.0212
1836.0000 96.0252
1837.0000 96.0356
1838.0000 96.0460
1839.0000 96.0580
1840.0000 96.0648
1841.0000 96.0736
1842.0000 96.0812
1843.0000 96.0880
1844.0000 96.0968
1845.0000 96.1052
1846.0000 96.1164
1847.0000 96.1248
1848.0000 96.1332
1849.0000 96.1396
1850.0000 96.1432
1851.0000 96.1456
1852.0000 96.1460
1853.0000 96.1460
1854.0000 96.1460
1855.0000 96.1460
1856.0000 96.1460
1857.0000 96.1460
1858.0000 96.1460
1859.0000 96.1460
1860.0000 96.1460
1861.0000 96.1460
1862.0000 96.1460
1863.0000 96.1460
1864.0000 96.1460
1865.0000 96.1460
1866.0000 96.1460
1867.0000 96.1460
1868.0000 96.1460
1869.0000 96.1460
1870.0000 96.1460
1871.0000 96.1460
1872.0000 96.1460
1873.0000 96.1460
1874.0000 96.1460
1875.0000 96.1008
1876.0000 96.0556
1877.0000 96.0556
1878.0000 96.0548
1879.0000 96.0500
1880.0000 96.0404
1881.0000 96.0316
1882.0000 96.0256
1883.0000 96.0176
1884.0000 96.0116
1885.0000 96.0104
1886.0000 96.0104
1887.0000 96.0104
1888.0000 96.0104
1889.0000 96.0104
1890.0000 96.0104
1891.0000 96.0104
1892.0000 96.0104
1893.0000 96.0104
1894.0000 96.0104
1895.0000 96.0104
1896.0000 96.0104
1897.0000 96.0104
1898.0000 96.0108
1899.0000 96.0116
1900.0000 96.0120
1901.0000 96.0140
1902.0000 96.0156
1903.0000 96.0164
1904.0000 96.0180
1905.0000 96.0184
1906.0000 96.0184
1907.0000 96.0184
1908.0000 96.0184
1909.0000 96.0184
1910.0000 96.0184
1911.0000 96.0184
1912.0000 96.0184
1913.0000 95.9876
1914.0000 95.9876
1915.0000 95.9876
1916.0000 95.9876
1917.0000 95.9876
1918.0000 95.9876
1919.0000 95.9876
1920.0000 95.9876
1921.0000 95.9876
1922.0000 95.9876
1923.0000 95.9876
1924.0000 95.9876
1925.0000 95.9876
1926.0000 95.9876
1927.0000 95.9876
1928.0000 95.9876
1929.0000 95.9876
1930.0000 95.9876
1931.0000 95.9876
1932.0000 95.9876
1933.0000 95.9876
1934.0000 95.9876
1935.0000 95.9876
1936.0000 95.9876
1937.0000 95.9876
1938.0000 95.9876
1939.0000 95.9876
1940.0000 95.9876
1941.0000 95.9876
1942.0000 95.9876
1943.0000 95.9876
1944.0000 95.9876
1945.0000 95.9876
1946.0000 95.9876
1947.0000 95.9876
1948.0000 95.9876
1949.0000 95.9876
1950.0000 95.9876
1951.0000 95.9876
1952.0000 95.9876
1953.0000 95.9876
1954.0000 95.9876
1955.0000 95.9876
1956.0000 95.9876
1957.0000 95.9876
1958.0000 95.9876
1959.0000 95.9876
1960.0000 95.9876
1961.0000 95.9876
1962.0000 95.9876
1963.0000 95.9876
1964.0000 95.9876
1965.0000 95.9876
1966.0000 95.9876
1967.0000 95.9876
1968.0000 95.9876
1969.0000 95.9876
1970.0000 95.9876
1971.0000 95.9876
1972.0000 95.9876
1973.0000 95.9876
1974.0000 95.9876
1975.0000 95.9876
1976.0000 95.9876
1977.0000 95.9876
1978.0000 95.9876
1979.0000 95.9876
1980.0000 95.9876
1981.0000 95.9876
1982.0000 95.9880
1983.0000 95.9884
1984.0000 95.9892
1985.0000 95.9900
1986.0000 95.9916
1987.0000 95.9928
1988.0000 95.9956
1989.0000 96.0080
1990.0000 96.0176
1991.0000 96.0376
1992.0000 96.0612
1993.0000 96.0636
1994.0000 96.0872
1995.0000 96.1028
1996.0000 96.1324
1997.0000 96.1492
1998.0000 96.1668
1999.0000 96.1996
2000.0000 96.2352
2001.0000 96.2544
2002.0000 96.2744
2003.0000 96.2952
2004.0000 96.3332
2005.0000 96.3740
2006.0000 96.3776
2007.0000 96.4176
2008.0000 96.4560
2009.0000 96.4768
2010.0000 96.5132
2011.0000 96.5168
2012.0000 96.5456
2013.0000 96.5720
2014.0000 96.5868
2015.0000 96.6056
2016.0000 96.6132
2017.0000 96.6244
2018.0000 96.6380
2019.0000 96.6480
2020.0000 96.6500
2021.0000 96.6596
2022.0000 96.6676
2023.0000 96.6760
2024.0000 96.6836
2025.0000 96.6836
2026.0000 96.6904
2027.0000 96.6960
2028.0000 96.7012
2029.0000 96.7016
2030.0000 96.7056
2031.0000 96.7092
2032.0000 96.7124
2033.0000 96.7148
2034.0000 96.7152
2035.0000 96.7168
2036.0000 96.7180
2037.0000 96.7188
2038.0000 96.7192
2039.0000 96.7192
2040.0000 96.7192
2041.0000 96.7192
2042.0000 96.7192
2043.0000 96.7192
2044.0000 96.7192
2045.0000 96.7192
2046.0000 96.7192
2047.0000 96.7192
2048.0000 96.7192
2049.0000 96.7192
2050.0000 96.7192
2051.0000 96.7192
2052.0000 96.7192
2053.0000 96.7192
2054.0000 96.7192
2055.0000 96.7192
2056.0000 96.7192
2057.0000 96.7192
2058.0000 96.7192
2059.0000 96.7192
2060.0000 96.7192
2061.0000 96.7192
2062.0000 96.7192
2063.0000 96.7192
2064.0000 96.7192
2065.0000 96.7192
2066.0000 96.7192
2067.0000 96.7192
2068.0000 96.7192
2069.0000 96.7200
2070.0000 96.7220
2071.0000 96.7328
2072.0000 96.7368
2073.0000 96.7412
2074.0000 96.7580
2075.0000 96.7644
2076.0000 96.7844
2077.0000 96.7844
2078.0000 96.7916
2079.0000 96.8152
2080.0000 96.8236
2081.0000 96.8324
2082.0000 96.8580
2083.0000 96.8676
2084.0000 96.8960
2085.0000 96.9064
2086.0000 96.9172
2087.0000 96.9460
2088.0000 96.9576
2089.0000 96.9696
2090.0000 96.9996
2091.0000 96.9996
2092.0000 97.0336
2093.0000 97.0472
2094.0000 97.0608
2095.0000 97.0928
2096.0000 97.1072
2097.0000 97.1216
2098.0000 97.1548
2099.0000 97.1700
2100.0000 97.2052
2101.0000 97.2232
2102.0000 97.2496
2103.0000 97.2916
2104.0000 97.2960
2105.0000 97.3264
2106.0000 97.3716
2107.0000 97.3936
2108.0000 97.4300
2109.0000 97.4520
2110.0000 97.4852
2111.0000 97.5288
2112.0000 97.5428
2113.0000 97.5772
2114.0000 97.6208
2115.0000 97.6444
2116.0000 97.6868
2117.0000 97.6992
2118.0000 97.7220
2119.0000 97.7640
2120.0000 97.7872
2121.0000 97.8128
2122.0000 97.8528
2123.0000 97.8752
2124.0000 97.9140
2125.0000 97.9356
2126.0000 97.9616
2127.0000 97.9988
2128.0000 98.0196
2129.0000 98.0536
2130.0000 98.0892
2131.0000 98.1008
2132.0000 98.1240
2133.0000 98.1432
2134.0000 98.1760
2135.0000 98.2016
2136.0000 98.2200
2137.0000 98.2520
2138.0000 98.2696
2139.0000 98.3008
2140.0000 98.3244
2141.0000 98.3412
2142.0000 98.3712
2143.0000 98.4000
2144.0000 98.4092
2145.0000 98.4384
2146.0000 98.4440
2147.0000 98.4728
2148.0000 98.4996
2149.0000 98.5076
2150.0000 98.5348
2151.0000 98.5600
2152.0000 98.5736
2153.0000 98.5988
2154.0000 98.6040
2155.0000 98.6288
2156.0000 98.6516
2157.0000 98.6636
2158.0000 98.6780
2159.0000 98.6964
2160.0000 98.7076
2161.0000 98.7292
2162.0000 98.7388
2163.0000 98.7508
2164.0000 98.7704
2165.0000 98.7800
2166.0000 98.7984
2167.0000 98.8076
2168.0000 98.8164
2169.0000 98.8332
2170.0000 98.8412
2171.0000 98.8556
2172.0000 98.8616
2173.0000 98.8688
2174.0000 98.8812
2175.0000 98.8924
2176.0000 98.8924
2177.0000 98.9028
2178.0000 98.9084
2179.0000 98.9176
2180.0000 98.9260
2181.0000 98.9260
2182.0000 98.9336
2183.0000 98.9456
2184.0000 98.9532
2185.0000 98.9668
2186.0000 98.9704
2187.0000 98.9820
2188.0000 98.9964
2189.0000 99.0036