
1.0000 2.0237
2.0000 2.0909
3.0000 2.2244
4.0000 2.3612
5.0000 2.3612
6.0000 2.5013
7.0000 2.6446
8.0000 2.6446
9.0000 2.7913
10.0000 2.9413
11.0000 3.0385
12.0000 3.0958
13.0000 3.2511
14.0000 3.4077
15.0000 3.4077
16.0000 3.5675
17.0000 3.7307
18.0000 3.8172
19.0000 3.9004
20.0000 4.0636
21.0000 4.1731
22.0000 4.2370
23.0000 4.4063
24.0000 4.5794
25.0000 4.6708
26.0000 4.7565
27.0000 4.9073
28.0000 5.0091
29.0000 5.0684
30.0000 5.2122
31.0000 5.3140
32.0000 5.4219
33.0000 5.5295
34.0000 5.7017
35.0000 5.8067
36.0000 5.8998
37.0000 6.0745
38.0000 6.2010
39.0000 6.3320
40.0000 6.4589
41.0000 6.5759
42.0000 6.7354
43.0000 6.8392
44.0000 7.0139
45.0000 7.1404
46.0000 7.2714
47.0000 7.3983
48.0000 7.5153
49.0000 7.6747
50.0000 7.7786
51.0000 7.8927
52.0000 8.0505
53.0000 8.2124
54.0000 8.3389
55.0000 8.4555
56.0000 8.5865
57.0000 8.7134
58.0000 8.8304
59.0000 8.9898
60.0000 9.1518
61.0000 9.1954
62.0000 9.3812
63.0000 9.5209
64.0000 9.6527
65.0000 9.7698
66.0000 9.9292
67.0000 10.0911
68.0000 10.1348
69.0000 10.3012
70.0000 10.4644
71.0000 10.5081
72.0000 10.6939
73.0000 10.8611
74.0000 11.0243
75.0000 11.0680
76.0000 11.2344
77.0000 11.3976
78.0000 11.4412
79.0000 11.6271
80.0000 11.7667
81.0000 11.9035
82.0000 12.0205
83.0000 12.1800
84.0000 12.3419
85.0000 12.3855
86.0000 12.5520
87.0000 12.7151
88.0000 12.8441
89.0000 12.9607
90.0000 13.1193
91.0000 13.2231
92.0000 13.3373
93.0000 13.4951
94.0000 13.6570
95.0000 13.7835
96.0000 13.9001
97.0000 14.0587
98.0000 14.1625
99.0000 14.2766
100.0000 14.4344
101.0000 14.5382
102.0000 14.7129
103.0000 14.8201
104.0000 14.9746
105.0000 15.0986
106.0000 15.2152
107.0000 15.3738
108.0000 15.4776
109.0000 15.6523
110.0000 15.7594
111.0000 15.8533
112.0000 16.0280
113.0000 16.1545
114.0000 16.3131
115.0000 16.4170
116.0000 16.5917
117.0000 16.6988
118.0000 16.7927
119.0000 16.9674
120.0000 17.0745
121.0000 17.1886
122.0000 17.3464
123.0000 17.5285
124.0000 17.6381
125.0000 17.7321
126.0000 17.9068
127.0000 18.0139
128.0000 18.1078
129.0000 18.2825
130.0000 18.4671
131.0000 18.4947
132.0000 18.6578
133.0000 18.8412
134.0000 18.9532
135.0000 19.0472
136.0000 19.2219
137.0000 19.3871
138.0000 19.4307
139.0000 19.5972
140.0000 19.7805
141.0000 19.8073
142.0000 19.9705
143.0000 20.1538
144.0000 20.3203
145.0000 20.3639
146.0000 20.5304
147.0000 20.7137
148.0000 20.7405
149.0000 20.9036
150.0000 21.0870
151.0000 21.2040
152.0000 21.2979
153.0000 21.4726
154.0000 21.6378
155.0000 21.6815
156.0000 21.8479
157.0000 22.0313
158.0000 22.1434
159.0000 22.2373
160.0000 22.4120
161.0000 22.5191
162.0000 22.6332
163.0000 22.7910
164.0000 22.9731
165.0000 23.0827
166.0000 23.1766
167.0000 23.3513
168.0000 23.4585
169.0000 23.5726
170.0000 23.7304
171.0000 23.8342
172.0000 24.0089
173.0000 24.1160
174.0000 24.2907
175.0000 24.3978
176.0000 24.4918
177.0000 24.6664
178.0000 24.7736
179.0000 24.9482
180.0000 25.0554
181.0000 25.1695
182.0000 25.3273
183.0000 25.4311
184.0000 25.6058
185.0000 25.7129
186.0000 25.8876
187.0000 25.9947
188.0000 26.0887
189.0000 26.2634
190.0000 26.3705
191.0000 26.4846
192.0000 26.6424
193.0000 26.8245
194.0000 26.9341
195.0000 27.0280
196.0000 27.2027
197.0000 27.3098
198.0000 27.4240
199.0000 27.5818
200.0000 27.7437
201.0000 27.7873
202.0000 27.9538
203.0000 28.1371
204.0000 28.2492
205.0000 28.3431
206.0000 28.5178
207.0000 28.6830
208.0000 28.7267
209.0000 28.8931
210.0000 29.0765
211.0000 29.1033
212.0000 29.2664
213.0000 29.4498
214.0000 29.6162
215.0000 29.6599
216.0000 29.8263
217.0000 30.0097
218.0000 30.0364
219.0000 30.1996
220.0000 30.3829
221.0000 30.4999
222.0000 30.5939
223.0000 30.7686
224.0000 30.9531
225.0000 30.9808
226.0000 31.1439
227.0000 31.3272
228.0000 31.4393
229.0000 31.5332
230.0000 31.7079
231.0000 31.8151
232.0000 31.9292
233.0000 32.0870
234.0000 32.2691
235.0000 32.3787
236.0000 32.4726
237.0000 32.6473
238.0000 32.7544
239.0000 32.8483
240.0000 33.0230
241.0000 33.1495
242.0000 33.3081
243.0000 33.4120
244.0000 33.5867
245.0000 33.6938
246.0000 33.7877
247.0000 33.9624
248.0000 34.0889
249.0000 34.2475
250.0000 34.3513
251.0000 34.4654
252.0000 34.6232
253.0000 34.7271
254.0000 34.9018
255.0000 35.0089
256.0000 35.1634
257.0000 35.2874
258.0000 35.4040
259.0000 35.5626
260.0000 35.6664
261.0000 35.7806
262.0000 35.9383
263.0000 36.1003
264.0000 36.2267
265.0000 36.3433
266.0000 36.5020
267.0000 36.6058
268.0000 36.7199
269.0000 36.8777
270.0000 37.0396
271.0000 37.0833
272.0000 37.2691
273.0000 37.4088
274.0000 37.5406
275.0000 37.6576
276.0000 37.8171
277.0000 37.9790
278.0000 38.0227
279.0000 38.1891
280.0000 38.3523
281.0000 38.3959
282.0000 38.5817
283.0000 38.7490
284.0000 38.9122
285.0000 38.9558
286.0000 39.1223
287.0000 39.2854
288.0000 39.3291
289.0000 39.5149
290.0000 39.6546
291.0000 39.7914
292.0000 39.9084
293.0000 40.0678
294.0000 40.2297
295.0000 40.2734
296.0000 40.4580
297.0000 40.5766
298.0000 40.6772
299.0000 40.7831
300.0000 40.9001
301.0000 40.9503
302.0000 41.0348
303.0000 41.1151
304.0000 41.1786
305.0000 41.2169
306.0000 41.2552
307.0000 41.2911
308.0000 41.3137
309.0000 41.3376
310.0000 41.3632
311.0000 41.3730
312.0000 41.3891
313.0000 41.3961
314.0000 41.3998
315.0000 41.4002
316.0000 41.4002
317.0000 41.4085
318.0000 41.4208
319.0000 41.4451
320.0000 41.4653
321.0000 41.4876
322.0000 41.5131
323.0000 41.5403
324.0000 41.5696
325.0000 41.6017
326.0000 41.6359
327.0000 41.6722
328.0000 41.7101
329.0000 41.7529
330.0000 41.7937
331.0000 41.8357
332.0000 41.8794
333.0000 41.9255
334.0000 41.9828
335.0000 42.0351
336.0000 42.0854
337.0000 42.1373
338.0000 42.1909
339.0000 42.2461
340.0000 42.3025
341.0000 42.3606
342.0000 42.4195
343.0000 42.4797
344.0000 42.5415
345.0000 42.6045
346.0000 42.6713
347.0000 42.7368
348.0000 42.8031
349.0000 42.8748
350.0000 42.9473
351.0000 43.0173
352.0000 43.0907
353.0000 43.1628
354.0000 43.2357
355.0000 43.3103
356.0000 43.3857
357.0000 43.4619
358.0000 43.5397
359.0000 43.6180
360.0000 43.6975
361.0000 43.7779
362.0000 43.8590
363.0000 43.9419
364.0000 44.0251
365.0000 44.1087
366.0000 44.1940
367.0000 44.2789
368.0000 44.3654
369.0000 44.4519
370.0000 44.5384
371.0000 44.6266
372.0000 44.7160
373.0000 44.8058
374.0000 44.8969
375.0000 44.9883
376.0000 45.0810
377.0000 45.1742
378.0000 45.2681
379.0000 45.3600
380.0000 45.4543
381.0000 45.5417
382.0000 45.6133
383.0000 45.7098
384.0000 45.8062
385.0000 45.9038
386.0000 46.0019
387.0000 46.0954
388.0000 46.1934
389.0000 46.2927
390.0000 46.3924
391.0000 46.4930
392.0000 46.5935
393.0000 46.6948
394.0000 46.7908
395.0000 46.8905
396.0000 46.9919
397.0000 47.0883
398.0000 47.1884
399.0000 47.2832
400.0000 47.3829
401.0000 47.4846
402.0000 47.5872
403.0000 47.6902
404.0000 47.7932
405.0000 47.8892
406.0000 47.9893
407.0000 48.0915
408.0000 48.1949
409.0000 48.2918
410.0000 48.3923
411.0000 48.4945
412.0000 48.5900
413.0000 48.6902
414.0000 48.7919
415.0000 48.8941
416.0000 48.9967
417.0000 49.0919
418.0000 49.1916
419.0000 49.2929
420.0000 49.3951
421.0000 49.4977
422.0000 49.5924
423.0000 49.6917
424.0000 49.7857
425.0000 49.8841
426.0000 49.9847
427.0000 50.0856
428.0000 50.1800
429.0000 50.2780
430.0000 50.3781
431.0000 50.4787
432.0000 50.5800
433.0000 50.6814
434.0000 50.7745
435.0000 50.8725
436.0000 50.9726
437.0000 51.0732
438.0000 51.1741
439.0000 51.2676
440.0000 51.3574
441.0000 51.4534
442.0000 51.5519
443.0000 51.6438
444.0000 51.7402
445.0000 51.8383
446.0000 51.9367
447.0000 52.0360
448.0000 52.1357
449.0000 52.2354
450.0000 52.3351
451.0000 52.4352
452.0000 52.5271
453.0000 52.6239
454.0000 52.6919
455.0000 52.7871
456.0000 52.8843
457.0000 52.9741
458.0000 53.0693
459.0000 53.1583
460.0000 53.2522
461.0000 53.3486
462.0000 53.4459
463.0000 53.5435
464.0000 53.6412
465.0000 53.7392
466.0000 53.8373
467.0000 53.9357
468.0000 54.0342
469.0000 54.1249
470.0000 54.2114
471.0000 54.3049
472.0000 54.4005
473.0000 54.4969
474.0000 54.5776
475.0000 54.6679
476.0000 54.7614
477.0000 54.8562
478.0000 54.9521
479.0000 55.0481
480.0000 55.1441
481.0000 55.2401
482.0000 55.3370
483.0000 55.4338
484.0000 55.5224
485.0000 55.6159
486.0000 55.7111
487.0000 55.7980
488.0000 55.8907
489.0000 55.9850
490.0000 56.0716
491.0000 56.1634
492.0000 56.2487
493.0000 56.3398
494.0000 56.4329
495.0000 56.5268
496.0000 56.6212
497.0000 56.7155
498.0000 56.8103
499.0000 56.8960
500.0000 56.9738
501.0000 57.0468
502.0000 57.1151
503.0000 57.1819
504.0000 57.2470
505.0000 57.2952
506.0000 57.3512
507.0000 57.4101
508.0000 57.4686
509.0000 57.5210
510.0000 57.5758
511.0000 57.6314
512.0000 57.6866
513.0000 57.7422
514.0000 57.7884
515.0000 57.8394
516.0000 57.8922
517.0000 57.9511
518.0000 58.0125
519.0000 58.0739
520.0000 58.1344
521.0000 58.1847
522.0000 58.2354
523.0000 58.2828
524.0000 58.3305
525.0000 58.3788
526.0000 58.4270
527.0000 58.4739
528.0000 58.5205
529.0000 58.5588
530.0000 58.6025
531.0000 58.6486
532.0000 58.6952
533.0000 58.7421
534.0000 58.7891
535.0000 58.8357
536.0000 58.8736
537.0000 58.9172
538.0000 58.9626
539.0000 59.0083
540.0000 59.0544
541.0000 59.1006
542.0000 59.1467
543.0000 59.1929
544.0000 59.2299
545.0000 59.2728
546.0000 59.3173
547.0000 59.3622
548.0000 59.4075
549.0000 59.4528
550.0000 59.4982
551.0000 59.5435
552.0000 59.5801
553.0000 59.6226
554.0000 59.6667
555.0000 59.7112
556.0000 59.7532
557.0000 59.7899
558.0000 59.8257
559.0000 59.8517
560.0000 59.8846
561.0000 59.9217
562.0000 59.9650
563.0000 60.0094
564.0000 60.0539
565.0000 60.0984
566.0000 60.1429
567.0000 60.1788
568.0000 60.2204
569.0000 60.2637
570.0000 60.3073
571.0000 60.3514
572.0000 60.3955
573.0000 60.4396
574.0000 60.4746
575.0000 60.5158
576.0000 60.5586
577.0000 60.6019
578.0000 60.6456
579.0000 60.6892
580.0000 60.7329
581.0000 60.7766
582.0000 60.8207
583.0000 60.8557
584.0000 60.8965
585.0000 60.9389
586.0000 60.9818
587.0000 61.0250
588.0000 61.0683
589.0000 61.1021
590.0000 61.1420
591.0000 61.1841
592.0000 61.2265
593.0000 61.2693
594.0000 61.3122
595.0000 61.3550
596.0000 61.3979
597.0000 61.4411
598.0000 61.4749
599.0000 61.5149
600.0000 61.5565
601.0000 61.5985
602.0000 61.6410
603.0000 61.6834
604.0000 61.7164
605.0000 61.7555
606.0000 61.7967
607.0000 61.8383
608.0000 61.8803
609.0000 61.9224
610.0000 61.9644
611.0000 62.0064
612.0000 62.0488
613.0000 62.0913
614.0000 62.1242
615.0000 62.1634
616.0000 62.2042
617.0000 62.2454
618.0000 62.2870
619.0000 62.3191
620.0000 62.3574
621.0000 62.3974
622.0000 62.4382
623.0000 62.4794
624.0000 62.5206
625.0000 62.5618
626.0000 62.6030
627.0000 62.6446
628.0000 62.6862
629.0000 62.7183
630.0000 62.7567
631.0000 62.7966
632.0000 62.8370
633.0000 62.8778
634.0000 62.9091
635.0000 62.9466
636.0000 62.9857
637.0000 63.0257
638.0000 63.0661
639.0000 63.1065
640.0000 63.1468
641.0000 63.1872
642.0000 63.2280
643.0000 63.2688
644.0000 63.3096
645.0000 63.3409
646.0000 63.3784
647.0000 63.4175
648.0000 63.4369
649.0000 63.4768
650.0000 63.5069
651.0000 63.5436
652.0000 63.5819
653.0000 63.6210
654.0000 63.6606
655.0000 63.7001
656.0000 63.7397
657.0000 63.7792
658.0000 63.8192
659.0000 63.8592
660.0000 63.8991
661.0000 63.9292
662.0000 63.9659
663.0000 64.0042
664.0000 64.0433
665.0000 64.0726
666.0000 64.1047
667.0000 64.1365
668.0000 64.1674
669.0000 64.1978
670.0000 64.2271
671.0000 64.2460
672.0000 64.2749
673.0000 64.3025
674.0000 64.3297
675.0000 64.3523
676.0000 64.3717
677.0000 64.3898
678.0000 64.4067
679.0000 64.4220
680.0000 64.4343
681.0000 64.4463
682.0000 64.4603
683.0000 64.4698
684.0000 64.4796
685.0000 64.4879
686.0000 64.4949
687.0000 64.5011
688.0000 64.5068
689.0000 64.5118
690.0000 64.5159
691.0000 64.5196
692.0000 64.5229
693.0000 64.5250
694.0000 64.5270
695.0000 64.5316
696.0000 64.5328
697.0000 64.5336
698.0000 64.5340
699.0000 64.5377
700.0000 64.5377
701.0000 64.5406
702.0000 64.5406
703.0000 64.5406
704.0000 64.5406
705.0000 64.5406
706.0000 64.5406
707.0000 64.5435
708.0000 64.5435
709.0000 64.5435
710.0000 64.5472
711.0000 64.5472
712.0000 64.5472
713.0000 64.5472
714.0000 64.5472
715.0000 64.5472
716.0000 64.5472
717.0000 64.5517
718.0000 64.5555
719.0000 64.5089
720.0000 64.5052
721.0000 64.5052
722.0000 64.5023
723.0000 64.5056
724.0000 64.5056
725.0000 64.5056
726.0000 64.5056
727.0000 64.5056
728.0000 64.5056
729.0000 64.5056
730.0000 64.5056
731.0000 64.5056
732.0000 64.5068
733.0000 64.5081
734.0000 64.4850
735.0000 64.4817
736.0000 64.4867
737.0000 64.4867
738.0000 64.4924
739.0000 64.4974
740.0000 64.5007
741.0000 64.5068
742.0000 64.5097
743.0000 64.5171
744.0000 64.5217
745.0000 64.5254
746.0000 64.5344
747.0000 64.5398
748.0000 64.5497
749.0000 64.5546
750.0000 64.5600
751.0000 64.5678
752.0000 64.5798
753.0000 64.5785
754.0000 64.5913
755.0000 64.5938
756.0000 64.6004
757.0000 64.6115
758.0000 64.6185
759.0000 64.6255
760.0000 64.6407
761.0000 64.6564
762.0000 64.6650
763.0000 64.6725
764.0000 64.6885
765.0000 64.6976
766.0000 64.7054
767.0000 64.7227
768.0000 64.7326
769.0000 64.7404
770.0000 64.7586
771.0000 64.7771
772.0000 64.7882
773.0000 64.7961
774.0000 64.8154
775.0000 64.8274
776.0000 64.8352
777.0000 64.8554
778.0000 64.8760
779.0000 64.8892
780.0000 64.9007
781.0000 64.9279
782.0000 64.9485
783.0000 64.9646
784.0000 64.9963
785.0000 65.0284
786.0000 65.0396
787.0000 65.0738
788.0000 65.1088
789.0000 65.1520
790.0000 65.1751
791.0000 65.2147
792.0000 65.2546
793.0000 65.2715
794.0000 65.3148
795.0000 65.3584
796.0000 65.3786
797.0000 65.4375
798.0000 65.4853
799.0000 65.5344
800.0000 65.5566
801.0000 65.6081
802.0000 65.6543
803.0000 65.6806
804.0000 65.7342
805.0000 65.7869
806.0000 65.8397
807.0000 65.8862
808.0000 65.9381
809.0000 65.9933
810.0000 66.0246
811.0000 66.0844
812.0000 66.1425
813.0000 66.1693
814.0000 66.2294
815.0000 66.3085
816.0000 66.3736
817.0000 66.4078
818.0000 66.4684
819.0000 66.5351
820.0000 66.5763
821.0000 66.6422
822.0000 66.7139
823.0000 66.7823
824.0000 66.8342
825.0000 66.9121
826.0000 66.9871
827.0000 67.0295
828.0000 67.1099
829.0000 67.1725
830.0000 67.2339
831.0000 67.3010
832.0000 67.3970
833.0000 67.4547
834.0000 67.5120
835.0000 67.5989
836.0000 67.6784
837.0000 67.7472
838.0000 67.8119
839.0000 67.9034
840.0000 67.9701
841.0000 68.0439
842.0000 68.1374
843.0000 68.2218
844.0000 68.2857
845.0000 68.3533
846.0000 68.4439
847.0000 68.5201
848.0000 68.5996
849.0000 68.6907
850.0000 68.7401
851.0000 68.8365
852.0000 68.9268
853.0000 69.0228
854.0000 69.1039
855.0000 69.1563
856.0000 69.2588
857.0000 69.3380
858.0000 69.4319
859.0000 69.5258
860.0000 69.5909
861.0000 69.6750
862.0000 69.7652
863.0000 69.8723
864.0000 69.9535
865.0000 70.0495
866.0000 70.1166
867.0000 70.1953
868.0000 70.3004
869.0000 70.3993
870.0000 70.4854
871.0000 70.5484
872.0000 70.6477
873.0000 70.7532
874.0000 70.8409
875.0000 70.9497
876.0000 71.0490
877.0000 71.0943
878.0000 71.1957
879.0000 71.3011
880.0000 71.4091
881.0000 71.5022
882.0000 71.5854
883.0000 71.6666
884.0000 71.7556
885.0000 71.8610
886.0000 71.9694
887.0000 72.0390
888.0000 72.1276
889.0000 72.2351
890.0000 72.3126
891.0000 72.4074
892.0000 72.5149
893.0000 72.6039
894.0000 72.6620
895.0000 72.7753
896.0000 72.8902
897.0000 72.9763
898.0000 73.0645
899.0000 73.1522
900.0000 73.2651
901.0000 73.3582
902.0000 73.4699
903.0000 73.5572
904.0000 73.6450
905.0000 73.7422
906.0000 73.8494
907.0000 73.9404
908.0000 74.0578
909.0000 74.1501
910.0000 74.2354
911.0000 74.3166
912.0000 74.4352
913.0000 74.5489
914.0000 74.6194
915.0000 74.7298
916.0000 74.8180
917.0000 74.9379
918.0000 75.0277
919.0000 75.1208
920.0000 75.2271
921.0000 75.2975
922.0000 75.4150
923.0000 75.5254
924.0000 75.5971
925.0000 75.7042
926.0000 75.8216
927.0000 75.9040
928.0000 75.9971
929.0000 76.1182
930.0000 76.2031
931.0000 76.2975
932.0000 76.3823
933.0000 76.5047
934.0000 76.6027
935.0000 76.6806
936.0000 76.8005
937.0000 76.9134
938.0000 76.9859
939.0000 77.0897
940.0000 77.1804
941.0000 77.2698
942.0000 77.3707
943.0000 77.4750
944.0000 77.5302
945.0000 77.6365
946.0000 77.7147
947.0000 77.8095
948.0000 77.9014
949.0000 77.9792
950.0000 78.0814
951.0000 78.1354
952.0000 78.2343
953.0000 78.3290
954.0000 78.4258
955.0000 78.4876
956.0000 78.5552
957.0000 78.6570
958.0000 78.7489
959.0000 78.8453
960.0000 78.9050
961.0000 78.9952
962.0000 79.0665
963.0000 79.1543
964.0000 79.2552
965.0000 79.3475
966.0000 79.4192
967.0000 79.4839
968.0000 79.5712
969.0000 79.6590
970.0000 79.7574
971.0000 79.8271
972.0000 79.8901
973.0000 79.9779
974.0000 80.0710
975.0000 80.1653
976.0000 80.2592
977.0000 80.3161
978.0000 80.3944
979.0000 80.4817
980.0000 80.5753
981.0000 80.6684
982.0000 80.7483
983.0000 80.7973
984.0000 80.9003
985.0000 80.9951
986.0000 81.0824
987.0000 81.1751
988.0000 81.2155
989.0000 81.3156
990.0000 81.3976
991.0000 81.5018
992.0000 81.5970
993.0000 81.6386
994.0000 81.7379
995.0000 81.8084
996.0000 81.8961
997.0000 81.9719
998.0000 82.0564
999.0000 82.1005
1000.0000 82.1549
1001.0000 82.2187
1002.0000 82.2809
1003.0000 82.3295
1004.0000 82.3707
1005.0000 82.4103
1006.0000 82.4531
1007.0000 82.5038
1008.0000 82.5467
1009.0000 82.5862
1010.0000 82.6192
1011.0000 82.6554
1012.0000 82.6913
1013.0000 82.7238
1014.0000 82.7687
1015.0000 82.7976
1016.0000 82.8248
1017.0000 82.8553
1018.0000 82.8853
1019.0000 82.9257
1020.0000 82.9447
1021.0000 82.9677
1022.0000 82.9945
1023.0000 83.0262
1024.0000 83.0571
1025.0000 83.0823
1026.0000 83.1128
1027.0000 83.1371
1028.0000 83.1663
1029.0000 83.1832
1030.0000 83.2088
1031.0000 83.2318
1032.0000 83.2549
1033.0000 83.2813
1034.0000 83.3048
1035.0000 83.3311
1036.0000 83.3546
1037.0000 83.3575
1038.0000 83.3736
1039.0000 83.3942
1040.0000 83.4172
1041.0000 83.4399
1042.0000 83.4638
1043.0000 83.4869
1044.0000 83.5099
1045.0000 83.5330
1046.0000 83.5478
1047.0000 83.5680
1048.0000 83.5899
1049.0000 83.6121
1050.0000 83.6348
1051.0000 83.6574
1052.0000 83.6801
1053.0000 83.7027
1054.0000 83.7258
1055.0000 83.7398
1056.0000 83.7596
1057.0000 83.7810
1058.0000 83.8029
1059.0000 83.8251
1060.0000 83.8474
1061.0000 83.8696
1062.0000 83.8919
1063.0000 83.9054
1064.0000 83.9248
1065.0000 83.9458
1066.0000 83.9672
1067.0000 83.9891
1068.0000 84.0109
1069.0000 84.0328
1070.0000 84.0546
1071.0000 84.0768
1072.0000 84.0900
1073.0000 84.1090
1074.0000 84.1296
1075.0000 84.1506
1076.0000 84.1720
1077.0000 84.2041
1078.0000 84.2334
1079.0000 84.2635
1080.0000 84.3055
1081.0000 84.3385
1082.0000 84.3813
1083.0000 84.4439
1084.0000 84.4740
1085.0000 84.5449
1086.0000 84.5923
1087.0000 84.6701
1088.0000 84.7381
1089.0000 84.7641
1090.0000 84.8460
1091.0000 84.8992
1092.0000 84.9886
1093.0000 85.0368
1094.0000 85.1184
1095.0000 85.2284
1096.0000 85.2951
1097.0000 85.4117
1098.0000 85.4768
1099.0000 85.5621
1100.0000 85.6449
1101.0000 85.7397
1102.0000 85.8653
1103.0000 85.9387
1104.0000 86.0450
1105.0000 86.1035
1106.0000 86.2089
1107.0000 86.3185
1108.0000 86.4236
1109.0000 86.5340
1110.0000 86.5719
1111.0000 86.6815
1112.0000 86.7804
1113.0000 86.8574
1114.0000 86.9493
1115.0000 87.0103
1116.0000 87.0688
1117.0000 87.1479
1118.0000 87.2356
1119.0000 87.3028
1120.0000 87.3873
1121.0000 87.4276
1122.0000 87.5039
1123.0000 87.5681
1124.0000 87.6481
1125.0000 87.7263
1126.0000 87.7675
1127.0000 87.8194
1128.0000 87.8920
1129.0000 87.9422
1130.0000 88.0172
1131.0000 88.0749
1132.0000 88.1235
1133.0000 88.1705
1134.0000 88.2401
1135.0000 88.3085
1136.0000 88.3522
1137.0000 88.3991
1138.0000 88.4469
1139.0000 88.5166
1140.0000 88.5709
1141.0000 88.6455
1142.0000 88.7044
1143.0000 88.7263
1144.0000 88.7971
1145.0000 88.8700
1146.0000 88.9145
1147.0000 88.9232
1148.0000 88.9833
1149.0000 89.0295
1150.0000 89.0579
1151.0000 89.1197
1152.0000 89.1815
1153.0000 89.1951
1154.0000 89.2371
1155.0000 89.2911
1156.0000 89.3303
1157.0000 89.3818
1158.0000 89.4221
1159.0000 89.4810
1160.0000 89.4951
1161.0000 89.5519
1162.0000 89.6030
1163.0000 89.6149
1164.0000 89.6714
1165.0000 89.7208
1166.0000 89.7472
1167.0000 89.7892
1168.0000 89.8337
1169.0000 89.8799
1170.0000 89.9054
1171.0000 89.9454
1172.0000 89.9919
1173.0000 90.0307
1174.0000 90.0591
1175.0000 90.1110
1176.0000 90.1555
1177.0000 90.1716
1178.0000 90.2280
1179.0000 90.2754
1180.0000 90.3162
1181.0000 90.3924
1182.0000 90.4389
1183.0000 90.5065
1184.0000 90.5675
1185.0000 90.6153
1186.0000 90.6857
1187.0000 90.7142
1188.0000 90.7599
1189.0000 90.8060
1190.0000 90.8394
1191.0000 90.8938
1192.0000 90.9185
1193.0000 90.9593
1194.0000 90.9791
1195.0000 91.0227
1196.0000 91.0541
1197.0000 91.0845
1198.0000 91.1290
1199.0000 91.1348
1200.0000 91.1752
1201.0000 91.1991
1202.0000 91.2242
1203.0000 91.2440
1204.0000 91.2646
1205.0000 91.3004
1206.0000 91.3054
1207.0000 91.3388
1208.0000 91.3536
1209.0000 91.3688
1210.0000 91.3738
1211.0000 91.3894
1212.0000 91.4109
1213.0000 91.4212
1214.0000 91.4331
1215.0000 91.4360
1216.0000 91.4496
1217.0000 91.4582
1218.0000 91.4722
1219.0000 91.4937
1220.0000 91.5036
1221.0000 91.5180
1222.0000 91.5283
1223.0000 91.5452
1224.0000 91.5526
1225.0000 91.5757
1226.0000 91.5921
1227.0000 91.6016
1228.0000 91.6218
1229.0000 91.6292
1230.0000 91.6416
1231.0000 91.6515
1232.0000 91.6251
1233.0000 91.6362
1234.0000 91.6391
1235.0000 91.6473
1236.0000 91.6527
1237.0000 91.6646
1238.0000 91.6646
1239.0000 91.6741
1240.0000 91.6787
1241.0000 91.6799
1242.0000 91.6902
1243.0000 91.6918
1244.0000 91.7009
1245.0000 91.7013
1246.0000 91.7058
1247.0000 91.7116
1248.0000 91.7170
1249.0000 91.7231
1250.0000 91.7231
1251.0000 91.7260
1252.0000 91.7314
1253.0000 91.7367
1254.0000 91.7425
1255.0000 91.7437
1256.0000 91.7479
1257.0000 91.7495
1258.0000 91.7549
1259.0000 91.7619
1260.0000 91.7619
1261.0000 91.7689
1262.0000 91.7709
1263.0000 91.7771
1264.0000 91.7796
1265.0000 91.7858
1266.0000 91.7891
1267.0000 91.7911
1268.0000 91.7985
1269.0000 91.8010
1270.0000 91.8097
1271.0000 91.8130
1272.0000 91.8171
1273.0000 91.8200
1274.0000 91.8299
1275.0000 91.7961
1276.0000 91.7545
1277.0000 91.7594
1278.0000 91.7746
1279.0000 91.7878
1280.0000 91.8060
1281.0000 91.8154
1282.0000 91.8311
1283.0000 91.8393
1284.0000 91.8603
1285.0000 91.8838
1286.0000 91.9114
1287.0000 91.9308
1288.0000 91.9642
1289.0000 91.9959
1290.0000 92.0251
1291.0000 92.0359
1292.0000 92.0836
1293.0000 92.1117
1294.0000 92.1570
1295.0000 92.1916
1296.0000 92.2328
1297.0000 92.2859
1298.0000 92.3205
1299.0000 92.3626
1300.0000 92.3807
1301.0000 92.4454
1302.0000 92.4907
1303.0000 92.5591
1304.0000 92.6061
1305.0000 92.6703
1306.0000 92.7264
1307.0000 92.7956
1308.0000 92.8627
1309.0000 92.8743
1310.0000 92.9390
1311.0000 92.9983
1312.0000 93.0729
1313.0000 93.1227
1314.0000 93.1853
1315.0000 93.2323
1316.0000 93.2784
1317.0000 93.2986
1318.0000 93.3452
1319.0000 93.3757
1320.0000 93.4144
1321.0000 93.4482
1322.0000 93.4799
1323.0000 93.5129
1324.0000 93.5479
1325.0000 93.5796
1326.0000 93.6023
1327.0000 93.6324
1328.0000 93.6538
1329.0000 93.6781
1330.0000 93.7069
1331.0000 93.7325
1332.0000 93.7613
1333.0000 93.7794
1334.0000 93.8083
1335.0000 93.8334
1336.0000 93.8499
1337.0000 93.8717
1338.0000 93.8952
1339.0000 93.9175
1340.0000 93.9331
1341.0000 93.9587
1342.0000 93.9756
1343.0000 94.0003
1344.0000 94.0217
1345.0000 94.0369
1346.0000 94.0559
1347.0000 94.0744
1348.0000 94.0893
1349.0000 94.1086
1350.0000 94.1259
1351.0000 94.1428
1352.0000 94.1605
1353.0000 94.1795
1354.0000 94.1972
1355.0000 94.2149
1356.0000 94.2318
1357.0000 94.2483
1358.0000 94.2648
1359.0000 94.2813
1360.0000 94.2981
1361.0000 94.3150
1362.0000 94.3323
1363.0000 94.3459
1364.0000 94.3632
1365.0000 94.3805
1366.0000 94.3983
1367.0000 94.4160
1368.0000 94.4345
1369.0000 94.4531
1370.0000 94.4716
1371.0000 94.4889
1372.0000 94.5050
1373.0000 94.5206
1374.0000 94.5359
1375.0000 94.5491
1376.0000 94.5635
1377.0000 94.5775
1378.0000 94.5907
1379.0000 94.6039
1380.0000 94.6162
1381.0000 94.6282
1382.0000 94.6397
1383.0000 94.6512
1384.0000 94.6624
1385.0000 94.6731
1386.0000 94.6834
1387.0000 94.6941
1388.0000 94.7040
1389.0000 94.7134
1390.0000 94.7229
1391.0000 94.7316
1392.0000 94.7398
1393.0000 94.7481
1394.0000 94.7559
1395.0000 94.7633
1396.0000 94.7744
1397.0000 94.7872
1398.0000 94.8008
1399.0000 94.8259
1400.0000 94.8424
1401.0000 94.8712
1402.0000 94.8885
1403.0000 94.9207
1404.0000 94.9400
1405.0000 94.9594
1406.0000 94.9788
1407.0000 94.9981
1408.0000 95.0348
1409.0000 95.0554
1410.0000 95.0925
1411.0000 95.1139
1412.0000 95.1539
1413.0000 95.1757
1414.0000 95.1996
1415.0000 95.2235
1416.0000 95.2511
1417.0000 95.2989
1418.0000 95.3294
1419.0000 95.3792
1420.0000 95.4097
1421.0000 95.4600
1422.0000 95.4901
1423.0000 95.5193
1424.0000 95.5115
1425.0000 95.5115
1426.0000 95.5597
1427.0000 95.5856
1428.0000 95.6256
1429.0000 95.6487
1430.0000 95.6886
1431.0000 95.7105
1432.0000 95.7303
1433.0000 95.7690
1434.0000 95.7888
1435.0000 95.8110
1436.0000 95.8304
1437.0000 95.8699
1438.0000 95.8897
1439.0000 95.9293
1440.0000 95.9486
1441.0000 95.9680
1442.0000 96.0059
1443.0000 96.0248
1444.0000 96.0471
1445.0000 96.0656
1446.0000 96.1048
1447.0000 96.1237
1448.0000 96.1637
1449.0000 96.1876
1450.0000 96.2107
1451.0000 96.2568
1452.0000 96.2815
1453.0000 96.3310
1454.0000 96.3310
1455.0000 96.3845
1456.0000 96.4167
1457.0000 96.4649
1458.0000 96.4986
1459.0000 96.5283
1460.0000 96.5699
1461.0000 96.5996
1462.0000 96.6552
1463.0000 96.6865
1464.0000 96.7289
1465.0000 96.7669
1466.0000 96.8043
1467.0000 96.8422
1468.0000 96.8760
1469.0000 96.9341
1470.0000 96.9687
1471.0000 97.0116
1472.0000 97.0499
1473.0000 97.0915
1474.0000 97.1319
1475.0000 97.1681
1476.0000 97.2283
1477.0000 97.2448
1478.0000 97.3057
1479.0000 97.3437
1480.0000 97.4055
1481.0000 97.4471
1482.0000 97.5060
1483.0000 97.5126
1484.0000 97.5484
1485.0000 97.6102
1486.0000 97.6502
1487.0000 97.7099
1488.0000 97.7519
1489.0000 97.7800
1490.0000 97.8216
1491.0000 97.8731
1492.0000 97.9147
1493.0000 97.9411
1494.0000 97.9740
1495.0000 98.0082
1496.0000 98.0593
1497.0000 98.1005
1498.0000 98.1499
1499.0000 98.1907
1500.0000 98.2113
1501.0000 98.2517
1502.0000 98.2789
1503.0000 98.3275
1504.0000 98.3679
1505.0000 98.4140
1506.0000 98.4334
1507.0000 98.4721
1508.0000 98.5113
1509.0000 98.5553
1510.0000 98.5941
1511.0000 98.6316
1512.0000 98.6452
1513.0000 98.6806
1514.0000 98.7189
1515.0000 98.7568
1516.0000 98.7976
1517.0000 98.8145
1518.0000 98.8475
1519.0000 98.8854
1520.0000 98.9228
1521.0000 98.9616
1522.0000 98.9921
1523.0000 99.0015
1524.0000 99.0378
1525.0000 99.0745
1526.0000 99.1107
1527.0000 99.1486
1528.0000 99.1820
1529.0000 99.1964
1530.0000 99.2240
1531.0000 99.2549
1532.0000 99.2891
1533.0000 99.3245
1534.0000 99.3583
1535.0000 99.3715
1536.0000 99.4074
1537.0000 99.4370
1538.0000 99.4749
1539.0000 99.5141
1540.0000 99.5285
1541.0000 99.5598
1542.0000 99.5961
1543.0000 99.6418
1544.0000 99.6739
1545.0000 99.7209
1546.0000 99.7295
1547.0000 99.7782
1548.0000 99.8255
1549.0000 99.8655
1550.0000 99.9108
1551.0000 99.9467
1552.0000 99.9240
1553.0000 99.9487
1554.0000 99.9945
1555.0000 100
