
1.0000 1.9648
2.0000 2.0300
3.0000 2.1596
4.0000 2.2936
5.0000 2.3460
6.0000 2.4544
7.0000 2.5784
8.0000 2.6108
9.0000 2.7384
10.0000 2.8788
11.0000 2.9848
12.0000 3.0784
13.0000 3.1920
14.0000 3.3432
15.0000 3.3900
16.0000 3.5284
17.0000 3.6836
18.0000 3.7952
19.0000 3.8684
20.0000 4.0252
21.0000 4.1504
22.0000 4.2404
23.0000 4.3876
24.0000 4.5428
25.0000 4.6372
26.0000 4.7292
27.0000 4.8944
28.0000 5.0176
29.0000 5.1212
30.0000 5.2720
31.0000 5.3700
32.0000 5.5120
33.0000 5.6448
34.0000 5.8144
35.0000 5.9440
36.0000 6.0548
37.0000 6.1920
38.0000 6.3080
39.0000 6.4580
40.0000 6.6020
41.0000 6.7376
42.0000 6.8968
43.0000 7.0044
44.0000 7.1852
45.0000 7.3192
46.0000 7.4760
47.0000 7.6296
48.0000 7.7580
49.0000 7.9204
50.0000 8.0532
51.0000 8.1996
52.0000 8.3656
53.0000 8.5432
54.0000 8.6740
55.0000 8.8004
56.0000 8.9680
57.0000 9.1240
58.0000 9.2768
59.0000 9.4520
60.0000 9.6056
61.0000 9.6828
62.0000 9.8812
63.0000 10.0564
64.0000 10.2200
65.0000 10.3748
66.0000 10.5532
67.0000 10.6892
68.0000 10.7812
69.0000 10.9824
70.0000 11.1696
71.0000 11.2712
72.0000 11.4524
73.0000 11.6308
74.0000 11.7996
75.0000 11.8936
76.0000 12.0976
77.0000 12.2864
78.0000 12.3700
79.0000 12.5536
80.0000 12.7276
81.0000 12.8732
82.0000 13.0316
83.0000 13.2072
84.0000 13.3968
85.0000 13.4748
86.0000 13.6808
87.0000 13.8724
88.0000 14.0200
89.0000 14.1540
90.0000 14.3504
91.0000 14.4712
92.0000 14.6288
93.0000 14.8320
94.0000 15.0248
95.0000 15.1660
96.0000 15.2820
97.0000 15.4792
98.0000 15.6276
99.0000 15.7868
100.0000 15.9924
101.0000 16.1156
102.0000 16.3048
103.0000 16.4352
104.0000 16.6260
105.0000 16.7936
106.0000 16.9576
107.0000 17.1456
108.0000 17.2708
109.0000 17.4748
110.0000 17.6200
111.0000 17.7588
112.0000 17.9704
113.0000 18.1148
114.0000 18.2984
115.0000 18.4500
116.0000 18.6636
117.0000 18.8028
118.0000 18.9304
119.0000 19.1372
120.0000 19.2856
121.0000 19.4480
122.0000 19.6440
123.0000 19.8636
124.0000 20.0072
125.0000 20.1280
126.0000 20.3244
127.0000 20.4852
128.0000 20.6364
129.0000 20.8520
130.0000 21.0568
131.0000 21.1584
132.0000 21.3164
133.0000 21.5320
134.0000 21.7060
135.0000 21.8560
136.0000 22.0560
137.0000 22.2732
138.0000 22.3668
139.0000 22.5384
140.0000 22.7644
141.0000 22.8724
142.0000 23.0536
143.0000 23.2780
144.0000 23.4812
145.0000 23.5892
146.0000 23.7820
147.0000 24.0072
148.0000 24.0900
149.0000 24.2940
150.0000 24.4912
151.0000 24.6756
152.0000 24.8228
153.0000 25.0500
154.0000 25.2152
155.0000 25.3384
156.0000 25.5236
157.0000 25.7492
158.0000 25.9272
159.0000 26.0600
160.0000 26.2740
161.0000 26.4380
162.0000 26.5820
163.0000 26.7824
164.0000 27.0112
165.0000 27.1676
166.0000 27.3156
167.0000 27.5452
168.0000 27.6692
169.0000 27.8468
170.0000 28.0512
171.0000 28.2140
172.0000 28.4296
173.0000 28.5984
174.0000 28.8008
175.0000 28.9572
176.0000 29.1024
177.0000 29.3148
178.0000 29.4792
179.0000 29.7132
180.0000 29.8616
181.0000 30.0300
182.0000 30.2520
183.0000 30.3760
184.0000 30.5944
185.0000 30.7728
186.0000 30.9764
187.0000 31.1540
188.0000 31.3088
189.0000 31.5340
190.0000 31.6604
191.0000 31.8288
192.0000 32.0440
193.0000 32.2832
194.0000 32.4296
195.0000 32.5964
196.0000 32.8372
197.0000 32.9584
198.0000 33.1344
199.0000 33.3532
200.0000 33.5632
201.0000 33.6796
202.0000 33.9072
203.0000 34.1352
204.0000 34.2752
205.0000 34.4512
206.0000 34.6540
207.0000 34.8896
208.0000 35.0012
209.0000 35.2252
210.0000 35.4656
211.0000 35.5732
212.0000 35.7588
213.0000 35.9940
214.0000 36.2264
215.0000 36.3208
216.0000 36.5592
217.0000 36.8036
218.0000 36.8972
219.0000 37.1040
220.0000 37.3532
221.0000 37.5164
222.0000 37.6796
223.0000 37.9276
224.0000 38.1468
225.0000 38.2604
226.0000 38.4704
227.0000 38.6988
228.0000 38.8824
229.0000 39.0500
230.0000 39.2868
231.0000 39.4496
232.0000 39.6488
233.0000 39.8184
234.0000 40.0824
235.0000 40.2264
236.0000 40.4144
237.0000 40.6612
238.0000 40.8460
239.0000 41.0056
240.0000 41.2484
241.0000 41.4036
242.0000 41.6248
243.0000 41.8128
244.0000 42.0636
245.0000 42.2268
246.0000 42.4076
247.0000 42.6084
248.0000 42.8012
249.0000 43.0048
250.0000 43.1888
251.0000 43.3340
252.0000 43.5600
253.0000 43.6904
254.0000 43.9364
255.0000 44.0876
256.0000 44.2884
257.0000 44.4400
258.0000 44.5880
259.0000 44.7640
260.0000 44.8936
261.0000 45.0408
262.0000 45.2104
263.0000 45.3904
264.0000 45.5448
265.0000 45.6576
266.0000 45.8368
267.0000 45.9452
268.0000 46.0876
269.0000 46.2340
270.0000 46.4124
271.0000 46.4704
272.0000 46.6600
273.0000 46.8108
274.0000 46.9356
275.0000 47.0596
276.0000 47.2080
277.0000 47.3760
278.0000 47.4256
279.0000 47.5880
280.0000 47.7524
281.0000 47.8012
282.0000 47.9860
283.0000 48.1348
284.0000 48.2984
285.0000 48.3400
286.0000 48.4984
287.0000 48.6524
288.0000 48.7000
289.0000 48.8744
290.0000 49.0080
291.0000 49.1372
292.0000 49.2416
293.0000 49.3828
294.0000 49.5360
295.0000 49.5776
296.0000 49.7492
297.0000 49.8612
298.0000 49.9544
299.0000 50.0516
300.0000 50.1572
301.0000 50.2084
302.0000 50.2912
303.0000 50.3668
304.0000 50.4308
305.0000 50.4728
306.0000 50.5136
307.0000 50.5532
308.0000 50.5816
309.0000 50.6104
310.0000 50.6404
311.0000 50.6580
312.0000 50.6820
313.0000 50.6968
314.0000 50.7096
315.0000 50.7196
316.0000 50.7292
317.0000 50.7396
318.0000 50.7500
319.0000 50.7608
320.0000 50.7720
321.0000 50.7836
322.0000 50.7956
323.0000 50.8076
324.0000 50.8200
325.0000 50.8328
326.0000 50.8460
327.0000 50.8592
328.0000 50.8728
329.0000 50.8868
330.0000 50.8968
331.0000 50.9108
332.0000 50.9252
333.0000 50.9396
334.0000 50.9544
335.0000 50.9692
336.0000 50.9844
337.0000 51.0000
338.0000 51.0156
339.0000 51.0316
340.0000 51.0476
341.0000 51.0636
342.0000 51.0800
343.0000 51.0680
344.0000 51.1040
345.0000 51.1292
346.0000 51.1536
347.0000 51.1772
348.0000 51.1980
349.0000 51.2172
350.0000 51.2356
351.0000 51.2544
352.0000 51.2740
353.0000 51.2952
354.0000 51.3180
355.0000 51.3420
356.0000 51.3676
357.0000 51.3952
358.0000 51.4240
359.0000 51.4556
360.0000 51.4884
361.0000 51.5228
362.0000 51.5620
363.0000 51.6048
364.0000 51.6540
365.0000 51.7080
366.0000 51.7756
367.0000 51.8384
368.0000 51.9044
369.0000 51.9816
370.0000 52.0532
371.0000 52.1400
372.0000 52.2164
373.0000 52.3092
374.0000 52.3908
375.0000 52.4648
376.0000 52.5636
377.0000 52.6504
378.0000 52.7560
379.0000 52.8476
380.0000 52.9412
381.0000 53.0532
382.0000 53.1508
383.0000 53.2672
384.0000 53.3692
385.0000 53.4728
386.0000 53.5952
387.0000 53.7196
388.0000 53.8288
389.0000 53.9400
390.0000 54.0524
391.0000 54.1824
392.0000 54.3144
393.0000 54.4324
394.0000 54.5512
395.0000 54.6712
396.0000 54.8080
397.0000 54.9212
398.0000 55.0448
399.0000 55.1692
400.0000 55.2904
401.0000 55.4260
402.0000 55.5508
403.0000 55.6796
404.0000 55.8088
405.0000 55.9396
406.0000 56.0828
407.0000 56.2328
408.0000 56.3664
409.0000 56.5008
410.0000 56.6360
411.0000 56.7848
412.0000 56.9340
413.0000 57.0720
414.0000 57.2108
415.0000 57.3624
416.0000 57.5028
417.0000 57.6548
418.0000 57.7964
419.0000 57.9396
420.0000 58.0932
421.0000 58.2360
422.0000 58.3804
423.0000 58.5212
424.0000 58.6636
425.0000 58.8168
426.0000 58.9600
427.0000 59.1132
428.0000 59.2568
429.0000 59.4112
430.0000 59.5552
431.0000 59.7008
432.0000 59.8548
433.0000 59.9980
434.0000 60.1520
435.0000 60.2960
436.0000 60.4416
437.0000 60.5960
438.0000 60.7400
439.0000 60.8932
440.0000 61.0364
441.0000 61.1816
442.0000 61.3348
443.0000 61.4864
444.0000 61.5948
445.0000 61.7376
446.0000 61.8908
447.0000 62.0408
448.0000 62.1608
449.0000 62.3000
450.0000 62.4428
451.0000 62.5860
452.0000 62.7464
453.0000 62.8852
454.0000 63.0276
455.0000 63.1700
456.0000 63.3132
457.0000 63.4644
458.0000 63.6128
459.0000 63.7524
460.0000 63.8940
461.0000 64.0360
462.0000 64.1860
463.0000 64.3336
464.0000 64.4724
465.0000 64.6128
466.0000 64.7620
467.0000 64.9008
468.0000 65.0492
469.0000 65.1828
470.0000 65.3196
471.0000 65.4660
472.0000 65.6028
473.0000 65.7492
474.0000 65.8856
475.0000 66.0240
476.0000 66.1704
477.0000 66.3068
478.0000 66.4528
479.0000 66.5888
480.0000 66.7348
481.0000 66.8700
482.0000 67.0072
483.0000 67.1528
484.0000 67.3036
485.0000 67.4484
486.0000 67.5536
487.0000 67.6872
488.0000 67.8320
489.0000 67.9668
490.0000 68.1112
491.0000 68.2452
492.0000 68.3812
493.0000 68.5256
494.0000 68.6680
495.0000 68.8008
496.0000 68.9356
497.0000 69.0712
498.0000 69.2148
499.0000 69.3560
500.0000 69.4568
501.0000 69.5904
502.0000 69.7244
503.0000 69.8676
504.0000 70.0076
505.0000 70.1384
506.0000 70.2712
507.0000 70.4048
508.0000 70.5472
509.0000 70.6864
510.0000 70.8164
511.0000 70.9484
512.0000 71.0812
513.0000 71.2224
514.0000 71.3612
515.0000 71.4844
516.0000 71.6124
517.0000 71.7368
518.0000 71.8724
519.0000 72.0072
520.0000 72.1336
521.0000 72.2624
522.0000 72.4004
523.0000 72.5396
524.0000 72.6660
525.0000 72.7752
526.0000 72.8736
527.0000 72.9676
528.0000 73.0504
529.0000 73.1144
530.0000 73.1888
531.0000 73.2604
532.0000 73.3320
533.0000 73.3988
534.0000 73.4612
535.0000 73.5220
536.0000 73.5772
537.0000 73.6348
538.0000 73.6944
539.0000 73.7448
540.0000 73.7988
541.0000 73.8460
542.0000 73.8988
543.0000 73.9536
544.0000 74.0016
545.0000 74.0536
546.0000 74.1136
547.0000 74.1708
548.0000 74.2252
549.0000 74.2736
550.0000 74.3192
551.0000 74.3524
552.0000 74.4004
553.0000 74.4472
554.0000 74.4848
555.0000 74.5168
556.0000 74.5568
557.0000 74.5988
558.0000 74.6416
559.0000 74.6756
560.0000 74.7068
561.0000 74.7468
562.0000 74.7888
563.0000 74.8348
564.0000 74.8776
565.0000 74.9220
566.0000 74.9748
567.0000 75.0256
568.0000 75.0720
569.0000 75.1080
570.0000 75.1332
571.0000 75.1608
572.0000 75.1808
573.0000 75.2024
574.0000 75.2260
575.0000 75.2460
576.0000 75.2708
577.0000 75.3000
578.0000 75.3268
579.0000 75.3632
580.0000 75.3928
581.0000 75.4284
582.0000 75.4660
583.0000 75.4956
584.0000 75.5312
585.0000 75.5600
586.0000 75.5912
587.0000 75.6140
588.0000 75.6416
589.0000 75.6736
590.0000 75.6924
591.0000 75.7164
592.0000 75.7328
593.0000 75.7548
594.0000 75.7780
595.0000 75.7928
596.0000 75.8128
597.0000 75.8260
598.0000 75.8448
599.0000 75.8652
600.0000 75.8776
601.0000 75.8844
602.0000 75.8908
603.0000 75.8856
604.0000 75.8876
605.0000 75.8828
606.0000 75.8764
607.0000 75.8828
608.0000 75.8972
609.0000 75.9184
610.0000 75.9280
611.0000 75.9348
612.0000 75.9480
613.0000 75.9632
614.0000 75.9708
615.0000 75.9796
616.0000 75.9860
617.0000 75.9984
618.0000 76.0156
619.0000 76.0308
620.0000 76.0392
621.0000 76.0448
622.0000 76.0564
623.0000 76.0700
624.0000 76.0772
625.0000 76.0892
626.0000 76.0960
627.0000 76.1072
628.0000 76.1204
629.0000 76.1272
630.0000 76.1384
631.0000 76.1448
632.0000 76.1552
633.0000 76.1676
634.0000 76.1740
635.0000 76.1844
636.0000 76.1900
637.0000 76.1996
638.0000 76.2048
639.0000 76.2140
640.0000 76.2252
641.0000 76.2312
642.0000 76.2408
643.0000 76.2456
644.0000 76.2512
645.0000 76.2580
646.0000 76.2592
647.0000 76.2628
648.0000 76.2668
649.0000 76.2712
650.0000 76.2760
651.0000 76.2760
652.0000 76.2780
653.0000 76.2816
654.0000 76.2816
655.0000 76.2856
656.0000 76.2944
657.0000 76.2944
658.0000 76.3004
659.0000 76.3024
660.0000 76.3084
661.0000 76.3100
662.0000 76.3136
663.0000 76.3136
664.0000 76.3136
665.0000 76.3140
666.0000 76.3144
667.0000 76.3144
668.0000 76.3144
669.0000 76.3144
670.0000 76.3144
671.0000 76.3144
672.0000 76.3144
673.0000 76.3144
674.0000 76.3144
675.0000 76.3144
676.0000 76.3144
677.0000 76.3144
678.0000 76.3144
679.0000 76.3144
680.0000 76.3144
681.0000 76.3144
682.0000 76.3144
683.0000 76.3144
684.0000 76.3144
685.0000 76.3144
686.0000 76.3144
687.0000 76.3144
688.0000 76.3144
689.0000 76.3144
690.0000 76.3144
691.0000 76.3144
692.0000 76.3148
693.0000 76.3148
694.0000 76.3104
695.0000 76.3104
696.0000 76.3060
697.0000 76.3016
698.0000 76.2980
699.0000 76.2952
700.0000 76.2948
701.0000 76.2948
702.0000 76.2948
703.0000 76.2948
704.0000 76.2948
705.0000 76.2992
706.0000 76.3012
707.0000 76.3012
708.0000 76.3012
709.0000 76.3012
710.0000 76.3012
711.0000 76.3012
712.0000 76.3012
713.0000 76.3020
714.0000 76.3020
715.0000 76.3020
716.0000 76.3020
717.0000 76.3020
718.0000 76.3056
719.0000 76.3116
720.0000 76.3184
721.0000 76.3316
722.0000 76.3328
723.0000 76.3452
724.0000 76.3516
725.0000 76.3572
726.0000 76.3576
727.0000 76.3576
728.0000 76.3620
729.0000 76.3620
730.0000 76.3620
731.0000 76.3664
732.0000 76.3664
733.0000 76.3708
734.0000 76.3724
735.0000 76.3728
736.0000 76.3736
737.0000 76.3760
738.0000 76.3772
739.0000 76.3804
740.0000 76.3780
741.0000 76.3776
742.0000 76.3776
743.0000 76.3776
744.0000 76.3776
745.0000 76.3776
746.0000 76.3776
747.0000 76.3776
748.0000 76.3776
749.0000 76.3820
750.0000 76.3760
751.0000 76.3724
752.0000 76.3644
753.0000 76.3592
754.0000 76.3540
755.0000 76.3428
756.0000 76.3392
757.0000 76.3372
758.0000 76.3376
759.0000 76.3404
760.0000 76.3420
761.0000 76.3412
762.0000 76.3424
763.0000 76.3412
764.0000 76.3456
765.0000 76.3464
766.0000 76.3440
767.0000 76.3444
768.0000 76.3480
769.0000 76.3480
770.0000 76.3480
771.0000 76.3480
772.0000 76.3488
773.0000 76.3484
774.0000 76.3412
775.0000 76.3448
776.0000 76.3464
777.0000 76.3504
778.0000 76.3536
779.0000 76.3608
780.0000 76.3632
781.0000 76.3640
782.0000 76.3184
783.0000 76.3204
784.0000 76.3228
785.0000 76.3256
786.0000 76.3320
787.0000 76.3392
788.0000 76.3436
789.0000 76.3480
790.0000 76.3528
791.0000 76.3628
792.0000 76.3264
793.0000 76.3320
794.0000 76.3352
795.0000 76.3416
796.0000 76.3504
797.0000 76.3596
798.0000 76.3660
799.0000 76.3736
800.0000 76.3828
801.0000 76.3920
802.0000 76.4072
803.0000 76.4140
804.0000 76.4284
805.0000 76.4452
806.0000 76.4584
807.0000 76.4764
808.0000 76.4860
809.0000 76.5020
810.0000 76.5176
811.0000 76.5312
812.0000 76.5488
813.0000 76.5628
814.0000 76.5832
815.0000 76.6052
816.0000 76.6244
817.0000 76.6372
818.0000 76.6572
819.0000 76.6728
820.0000 76.6976
821.0000 76.7208
822.0000 76.7328
823.0000 76.7612
824.0000 76.7804
825.0000 76.8104
826.0000 76.8332
827.0000 76.8472
828.0000 76.8692
829.0000 76.8932
830.0000 76.9228
831.0000 76.9396
832.0000 76.9664
833.0000 76.9972
834.0000 77.0268
835.0000 77.0556
836.0000 77.0780
837.0000 77.0916
838.0000 77.1280
839.0000 77.1560
840.0000 77.1868
841.0000 77.2112
842.0000 77.2408
843.0000 77.2768
844.0000 77.3072
845.0000 77.3444
846.0000 77.3536
847.0000 77.3888
848.0000 77.4228
849.0000 77.4596
850.0000 77.4916
851.0000 77.5228
852.0000 77.5560
853.0000 77.5924
854.0000 77.6376
855.0000 77.6408
856.0000 77.6836
857.0000 77.7192
858.0000 77.7632
859.0000 77.8056
860.0000 77.8296
861.0000 77.8692
862.0000 77.9120
863.0000 77.9532
864.0000 77.9880
865.0000 78.0068
866.0000 78.0488
867.0000 78.0936
868.0000 78.1400
869.0000 78.1856
870.0000 78.2096
871.0000 78.2596
872.0000 78.3076
873.0000 78.3384
874.0000 78.3632
875.0000 78.4104
876.0000 78.4560
877.0000 78.5116
878.0000 78.5556
879.0000 78.5824
880.0000 78.6312
881.0000 78.6632
882.0000 78.7176
883.0000 78.7600
884.0000 78.7980
885.0000 78.8480
886.0000 78.9020
887.0000 78.9516
888.0000 79.0028
889.0000 79.0360
890.0000 79.0672
891.0000 79.1240
892.0000 79.1768
893.0000 79.2116
894.0000 79.2704
895.0000 79.3324
896.0000 79.3860
897.0000 79.4520
898.0000 79.4812
899.0000 79.5320
900.0000 79.5880
901.0000 79.6516
902.0000 79.7104
903.0000 79.7556
904.0000 79.8216
905.0000 79.8824
906.0000 79.9492
907.0000 80.0144
908.0000 80.0464
909.0000 80.1056
910.0000 80.1712
911.0000 80.2416
912.0000 80.3228
913.0000 80.3720
914.0000 80.4472
915.0000 80.5144
916.0000 80.5848
917.0000 80.6252
918.0000 80.6936
919.0000 80.7808
920.0000 80.8552
921.0000 80.9392
922.0000 80.9888
923.0000 81.0780
924.0000 81.1612
925.0000 81.2488
926.0000 81.3028
927.0000 81.3636
928.0000 81.4504
929.0000 81.5428
930.0000 81.6292
931.0000 81.7060
932.0000 81.7788
933.0000 81.8784
934.0000 81.9636
935.0000 82.0236
936.0000 82.0976
937.0000 82.1896
938.0000 82.2976
939.0000 82.3780
940.0000 82.4664
941.0000 82.5472
942.0000 82.6436
943.0000 82.7564
944.0000 82.8124
945.0000 82.9084
946.0000 82.9940
947.0000 83.1060
948.0000 83.2096
949.0000 83.2796
950.0000 83.3868
951.0000 83.4864
952.0000 83.5952
953.0000 83.6704
954.0000 83.7372
955.0000 83.8044
956.0000 83.9080
957.0000 83.9924
958.0000 84.0616
959.0000 84.1332
960.0000 84.1932
961.0000 84.2736
962.0000 84.3544
963.0000 84.4032
964.0000 84.4868
965.0000 84.5312
966.0000 84.5876
967.0000 84.6352
968.0000 84.6868
969.0000 84.7504
970.0000 84.7844
971.0000 84.8368
972.0000 84.8596
973.0000 84.8988
974.0000 84.9288
975.0000 84.9672
976.0000 84.9960
977.0000 85.0164
978.0000 85.0240
979.0000 85.0428
980.0000 85.0612
981.0000 85.0656
982.0000 85.0720
983.0000 85.0800
984.0000 85.0960
985.0000 85.1008
986.0000 85.1068
987.0000 85.1068
988.0000 85.1112
989.0000 85.1272
990.0000 85.1288
991.0000 85.1352
992.0000 85.1340
993.0000 85.1332
994.0000 85.1468
995.0000 85.1468
996.0000 85.1460
997.0000 85.1484
998.0000 85.1528
999.0000 85.1528
1000.0000 85.1568
1001.0000 85.1556
1002.0000 85.1700
1003.0000 85.1792
1004.0000 85.1908
1005.0000 85.1920
1006.0000 85.1900
1007.0000 85.2016
1008.0000 85.2012
1009.0000 85.2092
1010.0000 85.2092
1011.0000 85.2100
1012.0000 85.2192
1013.0000 85.2200
1014.0000 85.2256
1015.0000 85.2328
1016.0000 85.2364
1017.0000 85.2412
1018.0000 85.2388
1019.0000 85.2388
1020.0000 85.2408
1021.0000 85.2348
1022.0000 85.2296
1023.0000 85.2224
1024.0000 85.2200
1025.0000 85.2160
1026.0000 85.2140
1027.0000 85.2092
1028.0000 85.2128
1029.0000 85.2108
1030.0000 85.2132
1031.0000 85.2156
1032.0000 85.2120
1033.0000 85.2108
1034.0000 85.2052
1035.0000 85.2060
1036.0000 85.2012
1037.0000 85.1976
1038.0000 85.1964
1039.0000 85.1964
1040.0000 85.1964
1041.0000 85.1964
1042.0000 85.1964
1043.0000 85.1964
1044.0000 85.1964
1045.0000 85.1964
1046.0000 85.1964
1047.0000 85.1964
1048.0000 85.1964
1049.0000 85.1964
1050.0000 85.1964
1051.0000 85.1920
1052.0000 85.1924
1053.0000 85.1868
1054.0000 85.1848
1055.0000 85.1804
1056.0000 85.1752
1057.0000 85.1736
1058.0000 85.1640
1059.0000 85.1640
1060.0000 85.1588
1061.0000 85.1532
1062.0000 85.1492
1063.0000 85.1496
1064.0000 85.1472
1065.0000 85.1508
1066.0000 85.1520
1067.0000 85.1664
1068.0000 85.1868
1069.0000 85.1960
1070.0000 85.2136
1071.0000 85.2268
1072.0000 85.2456
1073.0000 85.2720
1074.0000 85.2840
1075.0000 85.3024
1076.0000 85.3300
1077.0000 85.3400
1078.0000 85.3688
1079.0000 85.3832
1080.0000 85.4016
1081.0000 85.4316
1082.0000 85.4440
1083.0000 85.4748
1084.0000 85.4856
1085.0000 85.5176
1086.0000 85.5628
1087.0000 85.6000
1088.0000 85.6500
1089.0000 85.6896
1090.0000 85.7464
1091.0000 85.7948
1092.0000 85.8424
1093.0000 85.9008
1094.0000 85.9480
1095.0000 86.0040
1096.0000 86.0544
1097.0000 86.1120
1098.0000 86.1628
1099.0000 86.2216
1100.0000 86.2724
1101.0000 86.3396
1102.0000 86.3856
1103.0000 86.4332
1104.0000 86.4796
1105.0000 86.5356
1106.0000 86.6012
1107.0000 86.6468
1108.0000 86.7000
1109.0000 86.7560
1110.0000 86.8276
1111.0000 86.8804
1112.0000 86.9328
1113.0000 86.9612
1114.0000 87.0256
1115.0000 87.0900
1116.0000 87.1512
1117.0000 87.1936
1118.0000 87.2396
1119.0000 87.3000
1120.0000 87.3696
1121.0000 87.4064
1122.0000 87.4392
1123.0000 87.5076
1124.0000 87.5576
1125.0000 87.6232
1126.0000 87.6684
1127.0000 87.7180
1128.0000 87.7800
1129.0000 87.8404
1130.0000 87.9024
1131.0000 87.9272
1132.0000 87.9836
1133.0000 88.0408
1134.0000 88.1072
1135.0000 88.1692
1136.0000 88.2236
1137.0000 88.2692
1138.0000 88.3296
1139.0000 88.3884
1140.0000 88.4312
1141.0000 88.4728
1142.0000 88.5172
1143.0000 88.5712
1144.0000 88.6300
1145.0000 88.6656
1146.0000 88.7320
1147.0000 88.7872
1148.0000 88.8456
1149.0000 88.9012
1150.0000 88.9244
1151.0000 88.9944
1152.0000 89.0496
1153.0000 89.1112
1154.0000 89.1796
1155.0000 89.2140
1156.0000 89.2744
1157.0000 89.3292
1158.0000 89.3680
1159.0000 89.4180
1160.0000 89.4560
1161.0000 89.5112
1162.0000 89.5736
1163.0000 89.6288
1164.0000 89.6932
1165.0000 89.7260
1166.0000 89.7908
1167.0000 89.8164
1168.0000 89.8720
1169.0000 89.9184
1170.0000 89.9708
1171.0000 90.0376
1172.0000 90.0928
1173.0000 90.1600
1174.0000 90.1960
1175.0000 90.2360
1176.0000 90.2844
1177.0000 90.3524
1178.0000 90.4108
1179.0000 90.4636
1180.0000 90.5156
1181.0000 90.5752
1182.0000 90.6456
1183.0000 90.7132
1184.0000 90.7464
1185.0000 90.7972
1186.0000 90.8736
1187.0000 90.9404
1188.0000 91.0156
1189.0000 91.0576
1190.0000 91.1280
1191.0000 91.1976
1192.0000 91.2944
1193.0000 91.3108
1194.0000 91.3852
1195.0000 91.4776
1196.0000 91.5736
1197.0000 91.6844
1198.0000 91.7360
1199.0000 91.8264
1200.0000 91.9372
1201.0000 92.0444
1202.0000 92.1020
1203.0000 92.1952
1204.0000 92.2876
1205.0000 92.4112
1206.0000 92.5256
1207.0000 92.6188
1208.0000 92.7184
1209.0000 92.8240
1210.0000 92.9576
1211.0000 93.0248
1212.0000 93.1200
1213.0000 93.2144
1214.0000 93.3280
1215.0000 93.4384
1216.0000 93.5332
1217.0000 93.6084
1218.0000 93.7008
1219.0000 93.8220
1220.0000 93.8992
1221.0000 93.9960
1222.0000 94.0680
1223.0000 94.1696
1224.0000 94.2780
1225.0000 94.3524
1226.0000 94.4544
1227.0000 94.5368
1228.0000 94.6288
1229.0000 94.7272
1230.0000 94.7956
1231.0000 94.8916
1232.0000 94.9700
1233.0000 95.0576
1234.0000 95.1356
1235.0000 95.2420
1236.0000 95.3252
1237.0000 95.4016
1238.0000 95.4856
1239.0000 95.5596
1240.0000 95.6640
1241.0000 95.7284
1242.0000 95.8004
1243.0000 95.8456
1244.0000 95.9108
1245.0000 95.9880
1246.0000 96.0284
1247.0000 96.0948
1248.0000 96.1488
1249.0000 96.2088
1250.0000 96.2884
1251.0000 96.3652
1252.0000 96.3928
1253.0000 96.4660
1254.0000 96.5276
1255.0000 96.6088
1256.0000 96.6636
1257.0000 96.6992
1258.0000 96.7672
1259.0000 96.8392
1260.0000 96.8920
1261.0000 96.9404
1262.0000 97.0144
1263.0000 97.0716
1264.0000 97.1392
1265.0000 97.1888
1266.0000 97.2384
1267.0000 97.3064
1268.0000 97.3636
1269.0000 97.4172
1270.0000 97.4664
1271.0000 97.5124
1272.0000 97.5688
1273.0000 97.6228
1274.0000 97.6784
1275.0000 97.7188
1276.0000 97.7584
1277.0000 97.8104
1278.0000 97.8596
1279.0000 97.8872
1280.0000 97.9388
1281.0000 97.9752
1282.0000 98.0220
1283.0000 98.0600
1284.0000 98.0752
1285.0000 98.1152
1286.0000 98.1568
1287.0000 98.1760
1288.0000 98.2124
1289.0000 98.2332
1290.0000 98.2652
1291.0000 98.3056
1292.0000 98.3220
1293.0000 98.3564
1294.0000 98.3888
1295.0000 98.4056
1296.0000 98.4288
1297.0000 98.4400
1298.0000 98.4660
1299.0000 98.4972
1300.0000 98.5080
1301.0000 98.5304
1302.0000 98.5560
1303.0000 98.5648
1304.0000 98.5880
1305.0000 98.5960
1306.0000 98.6148
1307.0000 98.6384
1308.0000 98.6432
1309.0000 98.6596
1310.0000 98.6752
1311.0000 98.6752
1312.0000 98.6880
1313.0000 98.7020
1314.0000 98.7028
1315.0000 98.7140
1316.0000 98.7180
1317.0000 98.7300
1318.0000 98.7320
1319.0000 98.7440
1320.0000 98.7584
1321.0000 98.7628
1322.0000 98.7708
1323.0000 98.7772
1324.0000 98.7892
1325.0000 98.8036
1326.0000 98.8088
1327.0000 98.8204
1328.0000 98.8372
1329.0000 98.8444
1330.0000 98.8556
1331.0000 98.8636
1332.0000 98.8788
1333.0000 98.8928
1334.0000 98.9020
1335.0000 98.9112
1336.0000 98.9228
1337.0000 98.9328
1338.0000 98.9432
1339.0000 98.9536
1340.0000 98.9672
1341.0000 98.9784
1342.0000 98.9900
1343.0000 98.9748
1344.0000 98.9900
1345.0000 99.0028