
1.0000 2.0237
2.0000 2.0909
3.0000 2.2244
4.0000 2.3624
5.0000 2.4164
6.0000 2.5280
7.0000 2.6558
8.0000 2.6891
9.0000 2.8206
10.0000 2.9652
11.0000 3.0743
12.0000 3.1708
13.0000 3.2878
14.0000 3.4435
15.0000 3.4917
16.0000 3.6343
17.0000 3.7941
18.0000 3.9091
19.0000 3.9845
20.0000 4.1460
21.0000 4.2749
22.0000 4.3676
23.0000 4.5192
24.0000 4.6791
25.0000 4.7763
26.0000 4.8711
27.0000 5.0412
28.0000 5.1681
29.0000 5.2748
30.0000 5.4302
31.0000 5.5311
32.0000 5.6774
33.0000 5.8141
34.0000 5.9888
35.0000 6.1223
36.0000 6.2364
37.0000 6.3778
38.0000 6.4972
39.0000 6.6517
40.0000 6.8001
41.0000 6.9397
42.0000 7.1037
43.0000 7.2145
44.0000 7.4008
45.0000 7.5388
46.0000 7.7003
47.0000 7.8585
48.0000 7.9907
49.0000 8.1580
50.0000 8.2948
51.0000 8.4456
52.0000 8.6166
53.0000 8.7995
54.0000 8.9342
55.0000 9.0644
56.0000 9.2370
57.0000 9.3977
58.0000 9.5551
59.0000 9.7356
60.0000 9.8938
61.0000 9.9733
62.0000 10.1776
63.0000 10.3581
64.0000 10.5266
65.0000 10.6860
66.0000 10.8698
67.0000 11.0099
68.0000 11.1046
69.0000 11.3119
70.0000 11.5047
71.0000 11.6093
72.0000 11.7960
73.0000 11.9797
74.0000 12.1536
75.0000 12.2504
76.0000 12.4605
77.0000 12.6550
78.0000 12.7411
79.0000 12.9302
80.0000 13.1094
81.0000 13.2594
82.0000 13.4225
83.0000 13.6034
84.0000 13.7987
85.0000 13.8790
86.0000 14.0912
87.0000 14.2886
88.0000 14.4406
89.0000 14.5786
90.0000 14.7809
91.0000 14.9053
92.0000 15.0677
93.0000 15.2770
94.0000 15.4755
95.0000 15.6210
96.0000 15.7405
97.0000 15.9436
98.0000 16.0964
99.0000 16.2604
100.0000 16.4722
101.0000 16.5991
102.0000 16.7939
103.0000 16.9283
104.0000 17.1248
105.0000 17.2974
106.0000 17.4663
107.0000 17.6600
108.0000 17.7889
109.0000 17.9990
110.0000 18.1486
111.0000 18.2916
112.0000 18.5095
113.0000 18.6582
114.0000 18.8474
115.0000 19.0035
116.0000 19.2235
117.0000 19.3669
118.0000 19.4983
119.0000 19.7113
120.0000 19.8642
121.0000 20.0314
122.0000 20.2333
123.0000 20.4595
124.0000 20.6074
125.0000 20.7318
126.0000 20.9341
127.0000 21.0998
128.0000 21.2555
129.0000 21.4776
130.0000 21.6885
131.0000 21.7932
132.0000 21.9559
133.0000 22.1780
134.0000 22.3572
135.0000 22.5117
136.0000 22.7177
137.0000 22.9414
138.0000 23.0378
139.0000 23.2146
140.0000 23.4473
141.0000 23.5586
142.0000 23.7452
143.0000 23.9763
144.0000 24.1856
145.0000 24.2969
146.0000 24.4955
147.0000 24.7274
148.0000 24.8127
149.0000 25.0228
150.0000 25.2259
151.0000 25.4159
152.0000 25.5675
153.0000 25.8015
154.0000 25.9717
155.0000 26.0986
156.0000 26.2893
157.0000 26.5217
158.0000 26.7050
159.0000 26.8418
160.0000 27.0622
161.0000 27.2311
162.0000 27.3795
163.0000 27.5859
164.0000 27.8215
165.0000 27.9826
166.0000 28.1351
167.0000 28.3716
168.0000 28.4993
169.0000 28.6822
170.0000 28.8927
171.0000 29.0604
172.0000 29.2825
173.0000 29.4564
174.0000 29.6648
175.0000 29.8259
176.0000 29.9755
177.0000 30.1942
178.0000 30.3636
179.0000 30.6046
180.0000 30.7574
181.0000 30.9309
182.0000 31.1596
183.0000 31.2873
184.0000 31.5122
185.0000 31.6960
186.0000 31.9057
187.0000 32.0886
188.0000 32.2481
189.0000 32.4800
190.0000 32.6102
191.0000 32.7837
192.0000 33.0053
193.0000 33.2517
194.0000 33.4025
195.0000 33.5743
196.0000 33.8223
197.0000 33.9472
198.0000 34.1284
199.0000 34.3538
200.0000 34.5701
201.0000 34.6900
202.0000 34.9244
203.0000 35.1593
204.0000 35.3035
205.0000 35.4847
206.0000 35.6936
207.0000 35.9363
208.0000 36.0512
209.0000 36.2820
210.0000 36.5296
211.0000 36.6404
212.0000 36.8316
213.0000 37.0738
214.0000 37.3132
215.0000 37.4104
216.0000 37.6560
217.0000 37.9077
218.0000 38.0041
219.0000 38.2171
220.0000 38.4738
221.0000 38.6419
222.0000 38.8100
223.0000 39.0654
224.0000 39.2912
225.0000 39.4082
226.0000 39.6245
227.0000 39.8598
228.0000 40.0489
229.0000 40.2215
230.0000 40.4654
231.0000 40.6331
232.0000 40.8383
233.0000 41.0130
234.0000 41.2849
235.0000 41.4332
236.0000 41.6268
237.0000 41.8810
238.0000 42.0714
239.0000 42.2358
240.0000 42.4859
241.0000 42.6457
242.0000 42.8735
243.0000 43.0672
244.0000 43.3255
245.0000 43.4936
246.0000 43.6798
247.0000 43.8867
248.0000 44.0852
249.0000 44.2949
250.0000 44.4845
251.0000 44.6340
252.0000 44.8668
253.0000 45.0011
254.0000 45.2545
255.0000 45.4102
256.0000 45.5993
257.0000 45.7477
258.0000 45.8894
259.0000 46.0645
260.0000 46.1823
261.0000 46.3298
262.0000 46.4950
263.0000 46.6780
264.0000 46.8238
265.0000 46.9383
266.0000 47.0813
267.0000 47.1761
268.0000 47.2881
269.0000 47.4336
270.0000 47.5901
271.0000 47.6313
272.0000 47.8085
273.0000 47.9440
274.0000 48.0639
275.0000 48.1768
276.0000 48.3272
277.0000 48.4866
278.0000 48.5299
279.0000 48.6889
280.0000 48.8500
281.0000 48.8933
282.0000 49.0762
283.0000 49.2377
284.0000 49.3996
285.0000 49.4433
286.0000 49.6064
287.0000 49.7688
288.0000 49.8124
289.0000 49.9978
290.0000 50.1371
291.0000 50.2735
292.0000 50.3901
293.0000 50.5479
294.0000 50.7098
295.0000 50.7535
296.0000 50.9380
297.0000 51.0567
298.0000 51.1572
299.0000 51.2631
300.0000 51.3801
301.0000 51.4304
302.0000 51.5148
303.0000 51.5952
304.0000 51.6586
305.0000 51.6969
306.0000 51.7353
307.0000 51.7711
308.0000 51.7938
309.0000 51.8177
310.0000 51.8432
311.0000 51.8531
312.0000 51.8692
313.0000 51.8762
314.0000 51.8799
315.0000 51.8803
316.0000 51.8518
317.0000 51.8700
318.0000 51.8873
319.0000 51.9104
320.0000 51.9338
321.0000 51.9594
322.0000 51.9862
323.0000 52.0134
324.0000 52.0422
325.0000 52.0735
326.0000 52.1073
327.0000 52.1431
328.0000 52.1889
329.0000 52.2490
330.0000 52.3100
331.0000 52.3763
332.0000 52.4472
333.0000 52.5378
334.0000 52.6305
335.0000 52.7059
336.0000 52.8060
337.0000 52.9115
338.0000 53.0067
339.0000 53.1196
340.0000 53.2205
341.0000 53.3400
342.0000 53.4648
343.0000 53.5761
344.0000 53.7058
345.0000 53.8406
346.0000 53.9601
347.0000 54.0985
348.0000 54.2266
349.0000 54.3712
350.0000 54.5179
351.0000 54.6510
352.0000 54.7972
353.0000 54.9517
354.0000 55.1075
355.0000 55.2484
356.0000 55.4091
357.0000 55.5541
358.0000 55.7176
359.0000 55.8590
360.0000 56.0089
361.0000 56.1766
362.0000 56.3311
363.0000 56.5177
364.0000 56.6739
365.0000 56.8309
366.0000 57.0039
367.0000 57.1625
368.0000 57.3525
369.0000 57.5144
370.0000 57.6919
371.0000 57.8551
372.0000 58.0479
373.0000 58.2135
374.0000 58.3524
375.0000 58.5324
376.0000 58.7145
377.0000 58.8962
378.0000 59.0347
379.0000 59.2065
380.0000 59.3894
381.0000 59.5736
382.0000 59.7590
383.0000 59.9328
384.0000 60.1190
385.0000 60.3053
386.0000 60.4808
387.0000 60.6674
388.0000 60.8429
389.0000 61.0296
390.0000 61.2158
391.0000 61.3929
392.0000 61.5763
393.0000 61.7522
394.0000 61.9500
395.0000 62.1259
396.0000 62.3150
397.0000 62.4922
398.0000 62.6842
399.0000 62.8704
400.0000 63.0484
401.0000 63.2350
402.0000 63.4122
403.0000 63.5856
404.0000 63.7529
405.0000 63.9284
406.0000 64.1142
407.0000 64.2967
408.0000 64.4809
409.0000 64.6552
410.0000 64.8319
411.0000 65.0177
412.0000 65.2097
413.0000 65.3523
414.0000 65.5253
415.0000 65.7008
416.0000 65.8965
417.0000 66.0766
418.0000 66.2488
419.0000 66.4226
420.0000 66.6064
421.0000 66.7877
422.0000 66.9669
423.0000 67.1057
424.0000 67.2784
425.0000 67.4695
426.0000 67.6389
427.0000 67.8189
428.0000 67.9887
429.0000 68.1609
430.0000 68.3508
431.0000 68.5267
432.0000 68.6956
433.0000 68.8654
434.0000 69.0450
435.0000 69.2222
436.0000 69.3973
437.0000 69.5637
438.0000 69.7326
439.0000 69.9193
440.0000 70.0845
441.0000 70.2604
442.0000 70.4260
443.0000 70.5925
444.0000 70.7668
445.0000 70.9501
446.0000 71.0852
447.0000 71.2591
448.0000 71.4251
449.0000 71.5990
450.0000 71.7576
451.0000 71.9006
452.0000 72.0263
453.0000 72.1540
454.0000 72.2936
455.0000 72.4296
456.0000 72.5627
457.0000 72.6850
458.0000 72.8070
459.0000 72.9442
460.0000 73.0583
461.0000 73.1819
462.0000 73.2940
463.0000 73.4159
464.0000 73.5346
465.0000 73.6499
466.0000 73.7558
467.0000 73.8687
468.0000 73.9845
469.0000 74.1044
470.0000 74.2226
471.0000 74.3306
472.0000 74.4365
473.0000 74.5506
474.0000 74.6569
475.0000 74.7459
476.0000 74.8295
477.0000 74.9094
478.0000 74.9968
479.0000 75.0652
480.0000 75.1356
481.0000 75.2015
482.0000 75.2675
483.0000 75.3330
484.0000 75.3902
485.0000 75.4483
486.0000 75.5056
487.0000 75.5645
488.0000 75.6172
489.0000 75.6700
490.0000 75.7091
491.0000 75.7606
492.0000 75.8010
493.0000 75.8480
494.0000 75.8970
495.0000 75.9501
496.0000 75.9975
497.0000 76.0519
498.0000 76.1055
499.0000 76.1561
500.0000 76.2023
501.0000 76.2357
502.0000 76.2690
503.0000 76.3008
504.0000 76.3292
505.0000 76.3481
506.0000 76.3803
507.0000 76.4009
508.0000 76.4136
509.0000 76.4239
510.0000 76.4235
511.0000 76.4355
512.0000 76.4412
513.0000 76.4491
514.0000 76.4478
515.0000 76.4565
516.0000 76.4742
517.0000 76.4841
518.0000 76.4853
519.0000 76.4952
520.0000 76.5096
521.0000 76.5286
522.0000 76.5393
523.0000 76.5438
524.0000 76.5467
525.0000 76.5496
526.0000 76.5521
527.0000 76.5455
528.0000 76.5442
529.0000 76.5418
530.0000 76.5480
531.0000 76.5578
532.0000 76.5595
533.0000 76.5669
534.0000 76.5760
535.0000 76.5854
536.0000 76.5871
537.0000 76.5941
538.0000 76.6027
539.0000 76.6118
540.0000 76.6213
541.0000 76.6229
542.0000 76.6299
543.0000 76.6386
544.0000 76.6477
545.0000 76.6489
546.0000 76.6555
547.0000 76.6637
548.0000 76.6724
549.0000 76.6736
550.0000 76.6798
551.0000 76.6876
552.0000 76.6959
553.0000 76.7045
554.0000 76.6987
555.0000 76.6975
556.0000 76.6901
557.0000 76.6806
558.0000 76.6637
559.0000 76.6542
560.0000 76.6501
561.0000 76.6538
562.0000 76.6617
563.0000 76.6621
564.0000 76.6670
565.0000 76.6736
566.0000 76.6806
567.0000 76.6810
568.0000 76.6810
569.0000 76.6856
570.0000 76.6917
571.0000 76.6983
572.0000 76.6987
573.0000 76.7000
574.0000 76.7012
575.0000 76.7025
576.0000 76.7025
577.0000 76.7025
578.0000 76.7025
579.0000 76.7029
580.0000 76.7033
581.0000 76.7033
582.0000 76.7033
583.0000 76.7033
584.0000 76.7033
585.0000 76.7033
586.0000 76.7033
587.0000 76.7033
588.0000 76.7033
589.0000 76.7033
590.0000 76.7033
591.0000 76.7033
592.0000 76.7033
593.0000 76.7033
594.0000 76.7033
595.0000 76.7033
596.0000 76.7033
597.0000 76.7033
598.0000 76.7033
599.0000 76.7033
600.0000 76.7033
601.0000 76.7033
602.0000 76.7033
603.0000 76.7033
604.0000 76.7033
605.0000 76.7033
606.0000 76.7033
607.0000 76.7033
608.0000 76.7033
609.0000 76.7033
610.0000 76.7033
611.0000 76.7033
612.0000 76.7033
613.0000 76.7033
614.0000 76.7033
615.0000 76.7033
616.0000 76.7033
617.0000 76.7033
618.0000 76.7033
619.0000 76.7033
620.0000 76.7033
621.0000 76.7033
622.0000 76.7033
623.0000 76.7033
624.0000 76.7033
625.0000 76.7033
626.0000 76.7033
627.0000 76.7033
628.0000 76.7033
629.0000 76.7033
630.0000 76.7033
631.0000 76.7033
632.0000 76.7033
633.0000 76.7033
634.0000 76.7033
635.0000 76.7033
636.0000 76.7033
637.0000 76.7033
638.0000 76.7033
639.0000 76.7033
640.0000 76.7033
641.0000 76.7033
642.0000 76.7045
643.0000 76.7045
644.0000 76.7045
645.0000 76.7045
646.0000 76.7045
647.0000 76.7049
648.0000 76.7049
649.0000 76.7049
650.0000 76.7049
651.0000 76.7049
652.0000 76.7053
653.0000 76.7053
654.0000 76.7053
655.0000 76.7053
656.0000 76.7057
657.0000 76.7057
658.0000 76.7086
659.0000 76.7086
660.0000 76.7086
661.0000 76.7095
662.0000 76.7095
663.0000 76.7132
664.0000 76.7132
665.0000 76.7132
666.0000 76.7160
667.0000 76.7160
668.0000 76.7160
669.0000 76.7160
670.0000 76.7169
671.0000 76.7173
672.0000 76.7173
673.0000 76.7173
674.0000 76.7210
675.0000 76.7218
676.0000 76.7218
677.0000 76.7218
678.0000 76.7218
679.0000 76.7218
680.0000 76.7226
681.0000 76.7226
682.0000 76.7226
683.0000 76.7255
684.0000 76.7263
685.0000 76.7263
686.0000 76.7292
687.0000 76.7292
688.0000 76.7292
689.0000 76.7296
690.0000 76.7342
691.0000 76.7342
692.0000 76.7342
693.0000 76.7342
694.0000 76.7346
695.0000 76.7346
696.0000 76.7346
697.0000 76.7346
698.0000 76.7350
699.0000 76.7350
700.0000 76.7177
701.0000 76.7165
702.0000 76.7173
703.0000 76.7148
704.0000 76.7140
705.0000 76.7177
706.0000 76.7202
707.0000 76.7231
708.0000 76.7082
709.0000 76.7078
710.0000 76.7123
711.0000 76.7193
712.0000 76.7235
713.0000 76.7239
714.0000 76.7243
715.0000 76.7243
716.0000 76.7243
717.0000 76.7243
718.0000 76.7280
719.0000 76.7338
720.0000 76.7404
721.0000 76.7482
722.0000 76.7568
723.0000 76.7663
724.0000 76.7762
725.0000 76.7865
726.0000 76.7976
727.0000 76.8092
728.0000 76.8211
729.0000 76.8446
730.0000 76.8627
731.0000 76.8817
732.0000 76.9006
733.0000 76.9196
734.0000 76.9385
735.0000 76.9575
736.0000 76.9764
737.0000 76.9958
738.0000 77.0152
739.0000 77.0345
740.0000 77.0572
741.0000 77.0836
742.0000 77.1029
743.0000 77.1227
744.0000 77.1425
745.0000 77.1627
746.0000 77.1824
747.0000 77.2026
748.0000 77.2228
749.0000 77.2434
750.0000 77.2636
751.0000 77.2842
752.0000 77.3048
753.0000 77.3254
754.0000 77.3509
755.0000 77.3720
756.0000 77.3720
757.0000 77.3934
758.0000 77.4152
759.0000 77.4370
760.0000 77.4593
761.0000 77.4815
762.0000 77.5042
763.0000 77.5273
764.0000 77.5503
765.0000 77.5738
766.0000 77.5994
767.0000 77.6241
768.0000 77.6496
769.0000 77.6760
770.0000 77.7024
771.0000 77.7287
772.0000 77.7559
773.0000 77.7852
774.0000 77.8120
775.0000 77.8429
776.0000 77.8717
777.0000 77.9051
778.0000 77.9401
779.0000 77.9648
780.0000 77.9998
781.0000 78.0365
782.0000 78.0678
783.0000 78.1012
784.0000 78.1329
785.0000 78.1729
786.0000 78.2141
787.0000 78.2479
788.0000 78.2841
789.0000 78.3274
790.0000 78.3628
791.0000 78.4032
792.0000 78.4378
793.0000 78.4753
794.0000 78.5218
795.0000 78.5593
796.0000 78.5972
797.0000 78.6467
798.0000 78.6887
799.0000 78.7419
800.0000 78.7975
801.0000 78.8329
802.0000 78.8931
803.0000 78.9392
804.0000 79.0006
805.0000 79.0562
806.0000 79.1118
807.0000 79.1798
808.0000 79.2503
809.0000 79.3096
810.0000 79.3702
811.0000 79.4447
812.0000 79.5160
813.0000 79.6046
814.0000 79.6565
815.0000 79.7480
816.0000 79.8304
817.0000 79.9012
818.0000 80.0022
819.0000 80.0833
820.0000 80.1542
821.0000 80.2572
822.0000 80.3618
823.0000 80.4228
824.0000 80.5233
825.0000 80.6066
826.0000 80.7178
827.0000 80.8023
828.0000 80.8768
829.0000 80.9835
830.0000 81.0993
831.0000 81.1957
832.0000 81.2963
833.0000 81.3968
834.0000 81.5043
835.0000 81.6349
836.0000 81.7289
837.0000 81.8236
838.0000 81.9583
839.0000 82.0683
840.0000 82.2018
841.0000 82.3040
842.0000 82.3942
843.0000 82.5290
844.0000 82.6542
845.0000 82.7584
846.0000 82.8800
847.0000 83.0139
848.0000 83.1325
849.0000 83.2825
850.0000 83.3752
851.0000 83.4972
852.0000 83.6376
853.0000 83.7538
854.0000 83.8659
855.0000 83.9949
856.0000 84.1325
857.0000 84.2705
858.0000 84.3751
859.0000 84.4938
860.0000 84.6450
861.0000 84.7847
862.0000 84.9198
863.0000 85.0154
864.0000 85.1756
865.0000 85.2848
866.0000 85.4311
867.0000 85.5098
868.0000 85.6330
869.0000 85.7755
870.0000 85.8835
871.0000 85.9996
872.0000 86.1035
873.0000 86.2114
874.0000 86.3408
875.0000 86.4598
876.0000 86.5468
877.0000 86.6720
878.0000 86.7969
879.0000 86.8924
880.0000 87.0049
881.0000 87.1100
882.0000 87.2233
883.0000 87.3424
884.0000 87.4252
885.0000 87.5393
886.0000 87.6361
887.0000 87.7177
888.0000 87.8277
889.0000 87.9138
890.0000 87.9789
891.0000 88.0724
892.0000 88.1659
893.0000 88.2356
894.0000 88.3246
895.0000 88.3991
896.0000 88.4572
897.0000 88.5269
898.0000 88.5944
899.0000 88.6776
900.0000 88.7489
901.0000 88.7905
902.0000 88.8499
903.0000 88.8911
904.0000 88.9207
905.0000 88.9640
906.0000 89.0007
907.0000 89.0283
908.0000 89.0728
909.0000 89.0991
910.0000 89.1304
911.0000 89.1683
912.0000 89.1935
913.0000 89.2235
914.0000 89.2565
915.0000 89.2672
916.0000 89.2825
917.0000 89.3064
918.0000 89.3274
919.0000 89.3579
920.0000 89.3888
921.0000 89.4052
922.0000 89.4131
923.0000 89.4201
924.0000 89.4345
925.0000 89.4489
926.0000 89.4539
927.0000 89.4621
928.0000 89.4732
929.0000 89.4815
930.0000 89.4918
931.0000 89.5000
932.0000 89.5078
933.0000 89.5202
934.0000 89.5276
935.0000 89.5379
936.0000 89.5449
937.0000 89.5515
938.0000 89.5581
939.0000 89.5651
940.0000 89.5700
941.0000 89.5742
942.0000 89.5799
943.0000 89.5857
944.0000 89.5919
945.0000 89.5919
946.0000 89.6026
947.0000 89.6141
948.0000 89.6269
949.0000 89.6512
950.0000 89.6730
951.0000 89.6759
952.0000 89.7043
953.0000 89.7225
954.0000 89.7542
955.0000 89.7814
956.0000 89.7835
957.0000 89.8094
958.0000 89.8337
959.0000 89.8453
960.0000 89.8494
961.0000 89.8597
962.0000 89.8902
963.0000 89.9248
964.0000 89.9483
965.0000 89.9610
966.0000 89.9907
967.0000 90.0063
968.0000 90.0327
969.0000 90.0393
970.0000 90.0599
971.0000 90.0846
972.0000 90.1011
973.0000 90.1357
974.0000 90.1505
975.0000 90.1724
976.0000 90.2062
977.0000 90.2408
978.0000 90.2432
979.0000 90.2799
980.0000 90.3063
981.0000 90.3409
982.0000 90.3763
983.0000 90.3780
984.0000 90.4142
985.0000 90.4488
986.0000 90.4764
987.0000 90.4888
988.0000 90.5209
989.0000 90.5481
990.0000 90.5819
991.0000 90.5819
992.0000 90.6161
993.0000 90.6503
994.0000 90.6791
995.0000 90.7129
996.0000 90.7240
997.0000 90.7467
998.0000 90.7809
999.0000 90.8139
1000.0000 90.8139
1001.0000 90.8468
1002.0000 90.8757
1003.0000 90.9090
1004.0000 90.9420
1005.0000 90.9420
1006.0000 90.9745
1007.0000 91.0071
1008.0000 91.0359
1009.0000 91.0475
1010.0000 91.0726
1011.0000 91.1175
1012.0000 91.1665
1013.0000 91.1954
1014.0000 91.2263
1015.0000 91.2786
1016.0000 91.3140
1017.0000 91.3618
1018.0000 91.3828
1019.0000 91.4331
1020.0000 91.4957
1021.0000 91.5242
1022.0000 91.5670
1023.0000 91.6292
1024.0000 91.6692
1025.0000 91.7203
1026.0000 91.7862
1027.0000 91.8023
1028.0000 91.8690
1029.0000 91.9337
1030.0000 91.9650
1031.0000 92.0107
1032.0000 92.0511
1033.0000 92.1191
1034.0000 92.1689
1035.0000 92.2167
1036.0000 92.2641
1037.0000 92.3304
1038.0000 92.3552
1039.0000 92.4244
1040.0000 92.4627
1041.0000 92.5158
1042.0000 92.5855
1043.0000 92.6312
1044.0000 92.6839
1045.0000 92.7317
1046.0000 92.7770
1047.0000 92.8244
1048.0000 92.8912
1049.0000 92.9163
1050.0000 92.9855
1051.0000 93.0300
1052.0000 93.0827
1053.0000 93.1310
1054.0000 93.1915
1055.0000 93.2212
1056.0000 93.2896
1057.0000 93.3559
1058.0000 93.3922
1059.0000 93.4523
1060.0000 93.4820
1061.0000 93.5500
1062.0000 93.5879
1063.0000 93.6460
1064.0000 93.6904
1065.0000 93.7481
1066.0000 93.7980
1067.0000 93.8433
1068.0000 93.8705
1069.0000 93.9125
1070.0000 93.9636
1071.0000 94.0077
1072.0000 94.0542
1073.0000 94.0769
1074.0000 94.1152
1075.0000 94.1659
1076.0000 94.1816
1077.0000 94.1886
1078.0000 94.2273
1079.0000 94.2590
1080.0000 94.2841
1081.0000 94.2936
1082.0000 94.3307
1083.0000 94.3641
1084.0000 94.3995
1085.0000 94.4176
1086.0000 94.4448
1087.0000 94.4811
1088.0000 94.5132
1089.0000 94.5511
1090.0000 94.5651
1091.0000 94.5890
1092.0000 94.6261
1093.0000 94.6652
1094.0000 94.6755
1095.0000 94.7221
1096.0000 94.7633
1097.0000 94.7996
1098.0000 94.8272
1099.0000 94.8671
1100.0000 94.9001
1101.0000 94.9553
1102.0000 94.9668
1103.0000 95.0204
1104.0000 95.0641
1105.0000 95.1139
1106.0000 95.1605
1107.0000 95.1794
1108.0000 95.2239
1109.0000 95.2717
1110.0000 95.3277
1111.0000 95.3360
1112.0000 95.3924
1113.0000 95.4414
1114.0000 95.4826
1115.0000 95.4748
1116.0000 95.5156
1117.0000 95.5774
1118.0000 95.6194
1119.0000 95.6693
1120.0000 95.7084
1121.0000 95.7509
1122.0000 95.8003
1123.0000 95.8576
1124.0000 95.8835
1125.0000 95.9363
1126.0000 95.9906
1127.0000 96.0467
1128.0000 96.0656
1129.0000 96.1250
1130.0000 96.1925
1131.0000 96.2436
1132.0000 96.2770
1133.0000 96.3046
1134.0000 96.3742
1135.0000 96.4245
1136.0000 96.4850
1137.0000 96.5192
1138.0000 96.5691
1139.0000 96.6346
1140.0000 96.6968
1141.0000 96.7475
1142.0000 96.7796
1143.0000 96.8390
1144.0000 96.8975
1145.0000 96.9193
1146.0000 96.9584
1147.0000 96.9910
1148.0000 97.0289
1149.0000 97.0412
1150.0000 97.0684
1151.0000 97.1022
1152.0000 97.1319
1153.0000 97.1615
1154.0000 97.1723
1155.0000 97.1970
1156.0000 97.2238
1157.0000 97.2477
1158.0000 97.2448
1159.0000 97.2711
1160.0000 97.2996
1161.0000 97.3263
1162.0000 97.3342
1163.0000 97.3568
1164.0000 97.3803
1165.0000 97.4038
1166.0000 97.4293
1167.0000 97.4343
1168.0000 97.4565
1169.0000 97.4817
1170.0000 97.5080
1171.0000 97.5142
1172.0000 97.5348
1173.0000 97.5595
1174.0000 97.5851
1175.0000 97.5806
1176.0000 97.6049
1177.0000 97.6358
1178.0000 97.6572
1179.0000 97.6630
1180.0000 97.6836
1181.0000 97.7070
1182.0000 97.7318
1183.0000 97.7552
1184.0000 97.7552
1185.0000 97.7746
1186.0000 97.7940
1187.0000 97.8117
1188.0000 97.8113
1189.0000 97.8187
1190.0000 97.8356
1191.0000 97.8413
1192.0000 97.8413
1193.0000 97.8488
1194.0000 97.8537
1195.0000 97.8298
1196.0000 97.8376
1197.0000 97.8385
1198.0000 97.8455
1199.0000 97.8574
1200.0000 97.8611
1201.0000 97.8702
1202.0000 97.8809
1203.0000 97.8949
1204.0000 97.9056
1205.0000 97.9134
1206.0000 97.9291
1207.0000 97.9369
1208.0000 97.9497
1209.0000 97.9678
1210.0000 97.9765
1211.0000 97.9909
1212.0000 98.0070
1213.0000 98.0251
1214.0000 98.0408
1215.0000 98.0535
1216.0000 98.0737
1217.0000 98.0853
1218.0000 98.1026
1219.0000 98.1240
1220.0000 98.1376
1221.0000 98.1598
1222.0000 98.1742
1223.0000 98.1965
1224.0000 98.2142
1225.0000 98.2307
1226.0000 98.2542
1227.0000 98.2690
1228.0000 98.2892
1229.0000 98.3139
1230.0000 98.3460
1231.0000 98.3778
1232.0000 98.4095
1233.0000 98.4470
1234.0000 98.4795
1235.0000 98.5005
1236.0000 98.5306
1237.0000 98.5574
1238.0000 98.5817
1239.0000 98.6085
1240.0000 98.6303
1241.0000 98.6563
1242.0000 98.6814
1243.0000 98.6831
1244.0000 98.7074
1245.0000 98.7292
1246.0000 98.7543
1247.0000 98.7786
1248.0000 98.8025
1249.0000 98.8215
1250.0000 98.8462
1251.0000 98.8223
1252.0000 98.8388
1253.0000 98.8565
1254.0000 98.8746
1255.0000 98.8928
1256.0000 98.9097
1257.0000 98.9311
1258.0000 98.9505
1259.0000 98.9743
1260.0000 98.9999
1261.0000 99.0254
1262.0000 99.0510
1263.0000 99.0769
1264.0000 99.1029
1265.0000 99.1251
1266.0000 99.1511
1267.0000 99.1709
1268.0000 99.1944
1269.0000 99.2133
1270.0000 99.2314
1271.0000 99.2496
1272.0000 99.2681
1273.0000 99.2871
1274.0000 99.3097
1275.0000 99.3353
1276.0000 99.3616
1277.0000 99.3410
1278.0000 99.3641
1279.0000 99.3888
1280.0000 99.4185
1281.0000 99.4440
1282.0000 99.4696
1283.0000 99.4951
1284.0000 99.5215
1285.0000 99.5536
1286.0000 99.5796
1287.0000 99.6101
1288.0000 99.6418
1289.0000 99.6735
1290.0000 99.7015
1291.0000 99.7267
1292.0000 99.7518
1293.0000 99.7769
1294.0000 99.8025
1295.0000 99.8202
1296.0000 99.8424
1297.0000 99.8663
1298.0000 99.8906
1299.0000 99.9154
1300.0000 99.9401
1301.0000 99.9648
1302.0000 99.9895
1303.0000 100
